#Seq2Logo.py -f /work3/idamei/ssn-clusterings/clustering/2205111239/clusters/0011_2/sequences.afa -o /work3/idamei/ssn-clusterings/clustering/2205111239/clusters/0011_2/sequences.logo
#Position Specific Frequency Matrix
A R N D C Q E G H I L K M F P S T W Y V
0 L 0.051 0.032 0.02 0.02 0.016 0.028 0.028 0.028 0.016 0.099 0.194 0.036 0.173 0.047 0.016 0.036 0.04 0.008 0.024 0.091
1 K 0.073 0.082 0.044 0.043 0.012 0.046 0.063 0.05 0.02 0.032 0.051 0.195 0.023 0.019 0.028 0.105 0.053 0.005 0.018 0.039
2 L 0.048 0.021 0.017 0.018 0.016 0.015 0.02 0.022 0.01 0.207 0.23 0.026 0.039 0.045 0.015 0.03 0.055 0.006 0.021 0.139
3 K 0.069 0.089 0.044 0.043 0.011 0.048 0.065 0.048 0.02 0.028 0.042 0.23 0.015 0.017 0.028 0.097 0.05 0.005 0.017 0.035
4 V 0.054 0.128 0.023 0.022 0.014 0.026 0.031 0.026 0.013 0.153 0.115 0.057 0.028 0.032 0.017 0.034 0.041 0.006 0.02 0.159
5 N 0.04 0.036 0.217 0.061 0.01 0.026 0.039 0.052 0.027 0.036 0.059 0.042 0.016 0.141 0.017 0.055 0.041 0.009 0.04 0.036
6 L 0.066 0.03 0.027 0.026 0.017 0.022 0.031 0.036 0.013 0.087 0.265 0.035 0.038 0.043 0.019 0.09 0.05 0.006 0.021 0.078
7 R 0.055 0.138 0.089 0.058 0.009 0.049 0.119 0.044 0.024 0.024 0.04 0.134 0.014 0.017 0.024 0.068 0.042 0.005 0.017 0.031
8 V 0.07 0.041 0.031 0.035 0.015 0.03 0.06 0.037 0.014 0.125 0.094 0.08 0.024 0.029 0.022 0.085 0.052 0.005 0.019 0.132
9 I 0.046 0.019 0.014 0.017 0.016 0.014 0.018 0.02 0.009 0.24 0.22 0.024 0.039 0.046 0.014 0.024 0.038 0.006 0.021 0.154
10 L 0.042 0.026 0.018 0.017 0.013 0.019 0.024 0.023 0.028 0.078 0.226 0.028 0.034 0.091 0.015 0.027 0.03 0.017 0.175 0.07
11 L 0.044 0.022 0.016 0.017 0.014 0.016 0.021 0.022 0.018 0.18 0.196 0.026 0.035 0.067 0.015 0.026 0.035 0.012 0.098 0.122
12 L 0.046 0.025 0.018 0.018 0.015 0.02 0.023 0.025 0.014 0.136 0.166 0.028 0.102 0.134 0.014 0.03 0.036 0.01 0.039 0.103
13 L 0.047 0.019 0.015 0.016 0.133 0.013 0.018 0.025 0.011 0.125 0.182 0.022 0.032 0.128 0.014 0.028 0.033 0.008 0.035 0.095
14 G 0.081 0.022 0.023 0.022 0.015 0.016 0.024 0.152 0.012 0.091 0.093 0.027 0.023 0.119 0.016 0.039 0.038 0.008 0.034 0.142
15 L 0.043 0.025 0.016 0.017 0.015 0.018 0.022 0.024 0.013 0.097 0.269 0.026 0.074 0.138 0.014 0.027 0.033 0.01 0.039 0.084
16 L 0.05 0.023 0.015 0.016 0.017 0.016 0.021 0.022 0.009 0.126 0.321 0.025 0.044 0.049 0.015 0.026 0.037 0.007 0.022 0.141
17 A 0.22 0.034 0.037 0.037 0.02 0.028 0.045 0.072 0.016 0.037 0.051 0.048 0.017 0.021 0.029 0.145 0.062 0.005 0.017 0.057
18 F 0.037 0.023 0.019 0.018 0.01 0.016 0.023 0.025 0.031 0.053 0.09 0.025 0.022 0.262 0.013 0.028 0.026 0.022 0.208 0.05
19 F 0.033 0.019 0.017 0.017 0.01 0.01 0.019 0.025 0.017 0.062 0.113 0.019 0.025 0.396 0.01 0.025 0.025 0.017 0.087 0.054
20 E 0.073 0.035 0.028 0.051 0.011 0.038 0.145 0.035 0.017 0.047 0.125 0.051 0.021 0.025 0.142 0.046 0.036 0.005 0.017 0.05
21 P 0.056 0.025 0.023 0.031 0.01 0.02 0.036 0.036 0.013 0.025 0.036 0.041 0.01 0.013 0.501 0.043 0.036 0.003 0.013 0.031
22 P 0.062 0.034 0.106 0.045 0.011 0.027 0.041 0.047 0.027 0.03 0.044 0.044 0.014 0.045 0.141 0.094 0.048 0.01 0.093 0.036
23 F 0.057 0.026 0.026 0.025 0.013 0.019 0.029 0.034 0.023 0.104 0.097 0.032 0.024 0.147 0.017 0.078 0.043 0.014 0.113 0.079
24 L 0.042 0.021 0.015 0.016 0.015 0.014 0.019 0.022 0.011 0.143 0.262 0.023 0.04 0.137 0.013 0.024 0.033 0.009 0.038 0.104
25 E 0.056 0.05 0.113 0.064 0.011 0.088 0.124 0.046 0.025 0.031 0.044 0.066 0.016 0.018 0.024 0.067 0.096 0.005 0.017 0.041
26 F 0.047 0.021 0.017 0.018 0.014 0.015 0.022 0.024 0.02 0.137 0.118 0.025 0.028 0.151 0.014 0.028 0.035 0.014 0.114 0.138
27 L 0.055 0.105 0.025 0.023 0.013 0.024 0.029 0.108 0.014 0.083 0.154 0.049 0.027 0.062 0.016 0.036 0.036 0.007 0.024 0.11
28 P 0.082 0.032 0.038 0.039 0.014 0.027 0.044 0.05 0.016 0.027 0.038 0.047 0.013 0.017 0.265 0.137 0.058 0.004 0.015 0.036
29 W 0.041 0.031 0.096 0.034 0.01 0.024 0.032 0.037 0.027 0.048 0.086 0.035 0.054 0.063 0.015 0.039 0.035 0.135 0.109 0.048
30 G 0.125 0.025 0.029 0.028 0.015 0.02 0.028 0.283 0.013 0.048 0.125 0.034 0.021 0.027 0.02 0.052 0.035 0.006 0.015 0.053
31 A 0.188 0.031 0.04 0.125 0.017 0.027 0.052 0.062 0.015 0.04 0.052 0.044 0.016 0.02 0.027 0.077 0.089 0.005 0.016 0.057
32 L 0.047 0.023 0.02 0.02 0.015 0.017 0.023 0.026 0.012 0.138 0.183 0.027 0.045 0.131 0.016 0.037 0.071 0.009 0.037 0.103
33 L 0.047 0.022 0.015 0.016 0.015 0.015 0.02 0.023 0.011 0.113 0.253 0.024 0.038 0.135 0.014 0.026 0.035 0.009 0.038 0.131
34 G 0.123 0.029 0.047 0.158 0.013 0.026 0.054 0.173 0.016 0.029 0.04 0.042 0.013 0.018 0.024 0.078 0.059 0.005 0.014 0.04
35 L 0.055 0.084 0.042 0.124 0.013 0.029 0.05 0.038 0.016 0.053 0.13 0.053 0.023 0.028 0.021 0.068 0.094 0.005 0.017 0.056
36 L 0.09 0.022 0.016 0.019 0.017 0.016 0.022 0.03 0.01 0.19 0.199 0.027 0.036 0.042 0.017 0.035 0.04 0.006 0.02 0.145
37 F 0.055 0.025 0.025 0.024 0.014 0.017 0.027 0.034 0.016 0.067 0.163 0.029 0.029 0.217 0.016 0.076 0.041 0.011 0.054 0.061
38 L 0.054 0.026 0.022 0.021 0.015 0.019 0.026 0.029 0.012 0.09 0.157 0.029 0.029 0.043 0.016 0.043 0.09 0.13 0.032 0.119
39 L 0.048 0.023 0.015 0.016 0.016 0.016 0.02 0.022 0.01 0.161 0.282 0.025 0.054 0.048 0.015 0.026 0.037 0.007 0.021 0.137
40 I 0.05 0.02 0.015 0.017 0.017 0.014 0.019 0.021 0.009 0.215 0.213 0.024 0.038 0.044 0.015 0.026 0.04 0.006 0.021 0.176
41 R 0.046 0.303 0.039 0.033 0.008 0.049 0.055 0.035 0.022 0.024 0.045 0.154 0.015 0.017 0.021 0.046 0.035 0.006 0.017 0.031
42 L 0.048 0.02 0.015 0.017 0.015 0.014 0.02 0.023 0.011 0.155 0.198 0.023 0.035 0.132 0.014 0.027 0.036 0.009 0.038 0.151
43 L 0.041 0.023 0.015 0.015 0.015 0.015 0.02 0.022 0.012 0.101 0.317 0.023 0.043 0.139 0.013 0.024 0.031 0.009 0.038 0.085
44 L 0.051 0.02 0.015 0.017 0.017 0.015 0.019 0.021 0.009 0.21 0.211 0.024 0.038 0.044 0.015 0.026 0.04 0.006 0.021 0.181
45 T 0.09 0.037 0.048 0.043 0.017 0.03 0.045 0.054 0.016 0.041 0.053 0.049 0.017 0.022 0.028 0.161 0.169 0.005 0.017 0.056
46 I 0.044 0.021 0.016 0.018 0.014 0.016 0.02 0.024 0.013 0.172 0.157 0.025 0.067 0.147 0.014 0.027 0.035 0.009 0.041 0.118
47 F 0.038 0.021 0.021 0.05 0.011 0.015 0.026 0.026 0.02 0.111 0.111 0.024 0.025 0.232 0.013 0.028 0.03 0.015 0.104 0.08
48 Y 0.04 0.028 0.023 0.019 0.009 0.022 0.029 0.025 0.059 0.042 0.066 0.031 0.018 0.125 0.016 0.031 0.028 0.027 0.317 0.045
49 I 0.063 0.023 0.024 0.025 0.016 0.018 0.026 0.032 0.011 0.214 0.133 0.031 0.031 0.037 0.018 0.077 0.05 0.006 0.02 0.145
50 P 0.053 0.026 0.024 0.027 0.011 0.02 0.032 0.034 0.022 0.036 0.057 0.036 0.015 0.106 0.259 0.053 0.036 0.011 0.104 0.039
51 K 0.056 0.106 0.041 0.041 0.008 0.053 0.07 0.043 0.02 0.027 0.043 0.289 0.015 0.015 0.027 0.053 0.039 0.005 0.017 0.032
52 V 0.072 0.028 0.027 0.025 0.016 0.022 0.031 0.035 0.02 0.099 0.091 0.034 0.024 0.055 0.019 0.082 0.051 0.011 0.096 0.162
53 L 0.039 0.022 0.015 0.016 0.013 0.013 0.019 0.023 0.013 0.09 0.26 0.022 0.038 0.211 0.012 0.024 0.029 0.011 0.052 0.076
54 L 0.044 0.023 0.018 0.018 0.013 0.016 0.022 0.024 0.02 0.126 0.191 0.026 0.033 0.126 0.015 0.035 0.034 0.013 0.109 0.093
55 Y 0.062 0.039 0.033 0.033 0.013 0.073 0.05 0.038 0.026 0.095 0.08 0.049 0.023 0.052 0.021 0.085 0.047 0.011 0.096 0.074
56 Y 0.052 0.038 0.038 0.045 0.01 0.037 0.105 0.034 0.099 0.036 0.053 0.048 0.017 0.054 0.022 0.054 0.087 0.012 0.116 0.043
57 K 0.056 0.106 0.041 0.041 0.008 0.053 0.07 0.043 0.02 0.027 0.043 0.289 0.015 0.015 0.027 0.053 0.039 0.005 0.017 0.032
58 I 0.054 0.02 0.015 0.017 0.017 0.014 0.02 0.022 0.009 0.223 0.178 0.024 0.036 0.042 0.015 0.027 0.042 0.006 0.021 0.2
59 N 0.052 0.043 0.116 0.061 0.01 0.04 0.112 0.045 0.109 0.03 0.042 0.054 0.015 0.022 0.023 0.064 0.092 0.006 0.026 0.037
60 L 0.045 0.041 0.022 0.022 0.013 0.023 0.031 0.027 0.014 0.121 0.176 0.089 0.031 0.127 0.017 0.032 0.034 0.009 0.037 0.089
61 L 0.049 0.023 0.016 0.017 0.016 0.018 0.021 0.023 0.011 0.17 0.243 0.027 0.074 0.047 0.015 0.028 0.038 0.007 0.022 0.136
62 D 0.04 0.029 0.068 0.406 0.007 0.029 0.09 0.046 0.018 0.022 0.028 0.044 0.009 0.015 0.022 0.051 0.035 0.004 0.011 0.024
63 L 0.047 0.021 0.014 0.016 0.016 0.015 0.019 0.021 0.009 0.188 0.272 0.024 0.042 0.048 0.014 0.025 0.037 0.006 0.021 0.143
64 L 0.039 0.022 0.015 0.016 0.014 0.014 0.019 0.023 0.013 0.092 0.271 0.022 0.039 0.196 0.013 0.024 0.03 0.011 0.049 0.078
65 I 0.056 0.019 0.015 0.017 0.017 0.014 0.02 0.022 0.008 0.232 0.15 0.024 0.034 0.04 0.015 0.028 0.043 0.006 0.02 0.218
66 F 0.048 0.022 0.017 0.017 0.014 0.015 0.022 0.025 0.014 0.102 0.131 0.024 0.052 0.218 0.013 0.029 0.035 0.011 0.054 0.136
67 L 0.051 0.022 0.015 0.015 0.135 0.015 0.019 0.024 0.009 0.1 0.283 0.024 0.039 0.044 0.015 0.029 0.035 0.006 0.019 0.101
68 F 0.033 0.019 0.017 0.017 0.01 0.01 0.019 0.025 0.017 0.062 0.113 0.019 0.025 0.396 0.01 0.025 0.025 0.017 0.087 0.054
69 L 0.044 0.024 0.014 0.015 0.016 0.016 0.02 0.021 0.01 0.114 0.385 0.025 0.049 0.054 0.014 0.024 0.033 0.007 0.022 0.095
70 F 0.069 0.022 0.019 0.02 0.015 0.015 0.023 0.03 0.013 0.103 0.112 0.025 0.026 0.214 0.015 0.037 0.054 0.011 0.053 0.123
71 S 0.09 0.034 0.044 0.04 0.016 0.027 0.043 0.055 0.018 0.038 0.059 0.045 0.018 0.114 0.025 0.18 0.067 0.008 0.035 0.045
72 Q 0.055 0.072 0.043 0.046 0.009 0.226 0.101 0.041 0.029 0.026 0.046 0.09 0.02 0.014 0.023 0.055 0.041 0.006 0.02 0.035
73 A 0.169 0.025 0.02 0.023 0.019 0.02 0.029 0.048 0.011 0.137 0.106 0.033 0.026 0.031 0.022 0.054 0.047 0.005 0.019 0.156
74 L 0.042 0.021 0.015 0.016 0.015 0.014 0.019 0.022 0.011 0.143 0.262 0.023 0.04 0.137 0.013 0.024 0.033 0.009 0.038 0.104
75 A 0.195 0.035 0.039 0.038 0.019 0.029 0.045 0.069 0.016 0.041 0.053 0.048 0.017 0.022 0.029 0.155 0.065 0.005 0.017 0.063
76 A 0.195 0.035 0.04 0.039 0.019 0.029 0.045 0.09 0.017 0.035 0.049 0.048 0.016 0.021 0.029 0.156 0.064 0.005 0.017 0.053
77 I 0.047 0.032 0.022 0.025 0.013 0.066 0.039 0.027 0.015 0.167 0.123 0.039 0.03 0.109 0.016 0.033 0.037 0.008 0.034 0.119
78 Q 0.12 0.049 0.032 0.035 0.014 0.124 0.066 0.046 0.02 0.064 0.07 0.062 0.022 0.021 0.023 0.057 0.045 0.006 0.02 0.104
79 T 0.074 0.038 0.116 0.051 0.015 0.03 0.044 0.054 0.019 0.039 0.05 0.049 0.016 0.021 0.026 0.121 0.161 0.005 0.017 0.052
80 D 0.052 0.064 0.048 0.146 0.008 0.093 0.142 0.041 0.023 0.024 0.038 0.124 0.014 0.015 0.024 0.053 0.038 0.005 0.016 0.03
81 T 0.072 0.035 0.043 0.037 0.018 0.027 0.039 0.043 0.014 0.053 0.064 0.045 0.019 0.023 0.027 0.091 0.258 0.006 0.018 0.07
82 L 0.048 0.025 0.022 0.021 0.015 0.017 0.024 0.028 0.013 0.083 0.203 0.028 0.033 0.159 0.016 0.042 0.087 0.01 0.043 0.083
83 Y 0.048 0.03 0.04 0.026 0.011 0.023 0.031 0.031 0.037 0.044 0.065 0.035 0.018 0.098 0.019 0.047 0.086 0.021 0.237 0.051
84 L 0.042 0.02 0.015 0.016 0.015 0.014 0.019 0.022 0.011 0.157 0.244 0.023 0.039 0.136 0.013 0.024 0.033 0.009 0.038 0.111
85 G 0.067 0.031 0.112 0.046 0.012 0.024 0.034 0.285 0.018 0.028 0.038 0.041 0.012 0.018 0.021 0.065 0.091 0.005 0.014 0.036
86 Y 0.038 0.025 0.02 0.018 0.009 0.019 0.025 0.025 0.039 0.048 0.079 0.028 0.02 0.196 0.014 0.029 0.027 0.025 0.268 0.048
87 L 0.058 0.021 0.021 0.021 0.015 0.016 0.021 0.146 0.01 0.149 0.178 0.027 0.032 0.037 0.016 0.033 0.037 0.006 0.018 0.139
88 G 0.077 0.027 0.036 0.032 0.014 0.021 0.03 0.28 0.014 0.045 0.12 0.036 0.021 0.027 0.02 0.089 0.043 0.006 0.015 0.046
89 G 0.093 0.031 0.046 0.041 0.014 0.026 0.038 0.291 0.016 0.024 0.035 0.043 0.012 0.018 0.024 0.141 0.055 0.005 0.014 0.033
90 Q 0.053 0.059 0.036 0.039 0.01 0.173 0.08 0.036 0.024 0.09 0.076 0.073 0.024 0.022 0.021 0.047 0.04 0.006 0.02 0.07
91 F 0.039 0.02 0.015 0.016 0.013 0.013 0.019 0.023 0.013 0.116 0.212 0.022 0.035 0.223 0.012 0.025 0.03 0.012 0.054 0.088
92 L 0.048 0.03 0.1 0.038 0.013 0.022 0.032 0.038 0.018 0.063 0.148 0.035 0.026 0.123 0.018 0.052 0.091 0.008 0.036 0.061
93 L 0.107 0.026 0.019 0.019 0.015 0.019 0.027 0.036 0.02 0.076 0.213 0.031 0.032 0.079 0.018 0.041 0.035 0.012 0.1 0.074
94 L 0.039 0.021 0.015 0.016 0.013 0.013 0.019 0.023 0.013 0.088 0.249 0.022 0.037 0.225 0.012 0.024 0.029 0.012 0.055 0.074
95 G 0.077 0.023 0.039 0.033 0.011 0.019 0.025 0.517 0.013 0.019 0.028 0.033 0.009 0.016 0.019 0.051 0.029 0.005 0.011 0.024
96 L 0.105 0.024 0.017 0.019 0.016 0.017 0.025 0.036 0.013 0.083 0.235 0.028 0.035 0.131 0.017 0.039 0.035 0.009 0.037 0.078
97 Y 0.04 0.028 0.021 0.018 0.009 0.021 0.028 0.025 0.046 0.043 0.067 0.031 0.018 0.129 0.015 0.031 0.028 0.028 0.328 0.046
98 C 0.113 0.028 0.029 0.029 0.136 0.022 0.033 0.048 0.013 0.056 0.136 0.036 0.024 0.029 0.022 0.107 0.052 0.005 0.017 0.063
99 F 0.033 0.019 0.017 0.017 0.01 0.01 0.019 0.025 0.017 0.062 0.113 0.019 0.025 0.396 0.01 0.025 0.025 0.017 0.087 0.054
100 L 0.044 0.024 0.014 0.015 0.016 0.016 0.02 0.021 0.01 0.114 0.385 0.025 0.049 0.054 0.014 0.024 0.033 0.007 0.022 0.095
101 K 0.056 0.106 0.041 0.041 0.008 0.053 0.07 0.043 0.02 0.027 0.043 0.289 0.015 0.015 0.027 0.053 0.039 0.005 0.017 0.032
102 F 0.04 0.028 0.025 0.021 0.011 0.021 0.029 0.026 0.096 0.061 0.152 0.029 0.027 0.156 0.015 0.03 0.028 0.016 0.135 0.055
103 N 0.041 0.043 0.226 0.062 0.009 0.029 0.043 0.053 0.027 0.033 0.052 0.064 0.015 0.112 0.018 0.056 0.042 0.008 0.034 0.034
104 L 0.041 0.023 0.015 0.015 0.015 0.015 0.02 0.022 0.012 0.101 0.317 0.023 0.043 0.139 0.013 0.024 0.031 0.009 0.038 0.085
105 L 0.047 0.036 0.021 0.023 0.014 0.069 0.04 0.026 0.015 0.092 0.3 0.041 0.042 0.044 0.016 0.032 0.035 0.007 0.022 0.08
106 R 0.057 0.13 0.035 0.032 0.012 0.036 0.046 0.037 0.017 0.05 0.121 0.12 0.023 0.041 0.022 0.065 0.076 0.006 0.021 0.053
107 G 0.054 0.042 0.119 0.142 0.009 0.077 0.066 0.167 0.023 0.022 0.033 0.055 0.012 0.016 0.021 0.056 0.038 0.005 0.014 0.027
108 P 0.068 0.031 0.105 0.044 0.132 0.025 0.038 0.049 0.018 0.03 0.043 0.042 0.013 0.018 0.142 0.096 0.05 0.004 0.014 0.039
109 K 0.053 0.065 0.034 0.051 0.01 0.046 0.136 0.034 0.019 0.089 0.071 0.151 0.02 0.023 0.023 0.046 0.038 0.005 0.018 0.067
110 T 0.076 0.05 0.038 0.036 0.016 0.032 0.046 0.044 0.015 0.068 0.069 0.103 0.02 0.024 0.025 0.102 0.107 0.005 0.018 0.106
111 L 0.055 0.025 0.022 0.022 0.016 0.017 0.025 0.028 0.012 0.098 0.172 0.029 0.031 0.127 0.017 0.043 0.091 0.009 0.037 0.125
112 I 0.046 0.019 0.014 0.017 0.016 0.014 0.018 0.02 0.009 0.24 0.22 0.024 0.039 0.046 0.014 0.024 0.038 0.006 0.021 0.154
113 K 0.059 0.091 0.041 0.042 0.01 0.049 0.074 0.042 0.019 0.031 0.046 0.239 0.016 0.017 0.027 0.059 0.075 0.005 0.017 0.039
114 G 0.087 0.038 0.046 0.055 0.013 0.037 0.109 0.171 0.019 0.025 0.037 0.054 0.013 0.018 0.026 0.142 0.057 0.005 0.015 0.034
115 L 0.109 0.022 0.017 0.02 0.017 0.017 0.024 0.035 0.01 0.18 0.194 0.029 0.035 0.041 0.018 0.039 0.04 0.006 0.02 0.128
116 F 0.036 0.02 0.016 0.016 0.012 0.012 0.019 0.024 0.015 0.075 0.181 0.02 0.031 0.31 0.011 0.025 0.027 0.014 0.071 0.064
117 L 0.061 0.035 0.104 0.041 0.014 0.027 0.037 0.045 0.019 0.066 0.163 0.042 0.062 0.035 0.02 0.09 0.05 0.006 0.02 0.063
118 L 0.05 0.028 0.023 0.021 0.015 0.02 0.027 0.027 0.02 0.081 0.225 0.031 0.034 0.065 0.018 0.042 0.088 0.012 0.097 0.076
119 F 0.036 0.02 0.016 0.016 0.012 0.012 0.019 0.024 0.015 0.075 0.181 0.02 0.031 0.31 0.011 0.025 0.027 0.014 0.071 0.064
120 L 0.061 0.025 0.024 0.025 0.016 0.019 0.027 0.032 0.012 0.177 0.189 0.031 0.034 0.04 0.018 0.076 0.048 0.006 0.02 0.121
121 I 0.048 0.021 0.017 0.018 0.016 0.015 0.02 0.022 0.009 0.221 0.212 0.025 0.038 0.044 0.015 0.03 0.056 0.006 0.02 0.146
122 F 0.035 0.021 0.018 0.017 0.01 0.013 0.021 0.025 0.024 0.058 0.101 0.022 0.023 0.329 0.012 0.026 0.026 0.019 0.148 0.052
123 L 0.047 0.023 0.016 0.017 0.016 0.017 0.021 0.022 0.011 0.194 0.227 0.027 0.074 0.047 0.015 0.027 0.038 0.007 0.022 0.133
124 L 0.05 0.02 0.015 0.016 0.135 0.014 0.018 0.024 0.009 0.138 0.25 0.023 0.038 0.043 0.015 0.028 0.035 0.006 0.019 0.105
125 V 0.052 0.022 0.018 0.018 0.014 0.016 0.023 0.024 0.02 0.112 0.111 0.025 0.027 0.149 0.015 0.03 0.037 0.014 0.114 0.161
126 Q 0.055 0.072 0.043 0.046 0.009 0.226 0.101 0.041 0.029 0.026 0.046 0.09 0.02 0.014 0.023 0.055 0.041 0.006 0.02 0.035
127 V 0.085 0.022 0.017 0.018 0.019 0.016 0.023 0.028 0.009 0.172 0.129 0.027 0.031 0.035 0.017 0.035 0.047 0.005 0.02 0.244
128 L 0.106 0.023 0.018 0.02 0.016 0.016 0.024 0.036 0.012 0.125 0.18 0.028 0.032 0.129 0.017 0.039 0.037 0.009 0.037 0.098
129 T 0.081 0.036 0.045 0.04 0.017 0.029 0.042 0.048 0.015 0.047 0.058 0.047 0.018 0.023 0.028 0.126 0.213 0.006 0.017 0.063
130 Q 0.055 0.072 0.043 0.046 0.009 0.226 0.101 0.041 0.029 0.026 0.046 0.09 0.02 0.014 0.023 0.055 0.041 0.006 0.02 0.035
131 L 0.044 0.028 0.024 0.021 0.014 0.021 0.027 0.025 0.098 0.133 0.243 0.03 0.037 0.045 0.015 0.028 0.033 0.007 0.03 0.097
132 L 0.042 0.104 0.021 0.02 0.013 0.022 0.027 0.025 0.015 0.12 0.177 0.046 0.031 0.128 0.015 0.029 0.033 0.009 0.037 0.088
133 F 0.035 0.021 0.018 0.017 0.01 0.013 0.021 0.025 0.024 0.058 0.101 0.022 0.023 0.329 0.012 0.026 0.026 0.019 0.148 0.052
134 P 0.054 0.043 0.025 0.03 0.011 0.027 0.04 0.034 0.014 0.09 0.07 0.098 0.018 0.021 0.261 0.041 0.037 0.004 0.016 0.067
135 T 0.076 0.042 0.039 0.037 0.016 0.076 0.054 0.043 0.017 0.068 0.07 0.053 0.022 0.023 0.024 0.103 0.107 0.006 0.019 0.106
136 G 0.077 0.023 0.039 0.033 0.011 0.019 0.025 0.517 0.013 0.019 0.028 0.033 0.009 0.016 0.019 0.051 0.029 0.005 0.011 0.024
137 F 0.033 0.019 0.017 0.017 0.01 0.01 0.019 0.025 0.017 0.062 0.113 0.019 0.025 0.396 0.01 0.025 0.025 0.017 0.087 0.054
138 D 0.04 0.029 0.068 0.406 0.007 0.029 0.09 0.046 0.018 0.022 0.028 0.044 0.009 0.015 0.022 0.051 0.035 0.004 0.011 0.024
139 L 0.077 0.03 0.034 0.032 0.017 0.024 0.035 0.043 0.014 0.113 0.158 0.039 0.029 0.035 0.022 0.128 0.058 0.006 0.019 0.088
140 L 0.054 0.039 0.029 0.028 0.015 0.071 0.045 0.031 0.016 0.077 0.22 0.046 0.034 0.036 0.02 0.049 0.091 0.006 0.02 0.074
141 N 0.042 0.044 0.189 0.059 0.008 0.035 0.05 0.05 0.185 0.023 0.036 0.049 0.013 0.028 0.019 0.055 0.038 0.007 0.047 0.026
142 P 0.115 0.025 0.021 0.027 0.014 0.02 0.032 0.042 0.012 0.094 0.074 0.037 0.018 0.023 0.261 0.049 0.04 0.004 0.016 0.076
143 Y 0.05 0.027 0.025 0.023 0.013 0.021 0.028 0.028 0.029 0.105 0.091 0.032 0.023 0.081 0.018 0.044 0.088 0.017 0.173 0.084
144 G 0.077 0.023 0.039 0.033 0.011 0.019 0.025 0.517 0.013 0.019 0.028 0.033 0.009 0.016 0.019 0.051 0.029 0.005 0.011 0.024
145 D 0.04 0.029 0.068 0.406 0.007 0.029 0.09 0.046 0.018 0.022 0.028 0.044 0.009 0.015 0.022 0.051 0.035 0.004 0.011 0.024
146 A 0.156 0.038 0.112 0.05 0.016 0.03 0.047 0.069 0.021 0.032 0.044 0.05 0.015 0.02 0.027 0.142 0.062 0.005 0.017 0.046
147 R 0.044 0.355 0.038 0.031 0.008 0.048 0.052 0.032 0.023 0.023 0.046 0.118 0.015 0.017 0.019 0.044 0.034 0.006 0.017 0.031
148 E 0.113 0.038 0.03 0.055 0.013 0.042 0.168 0.042 0.019 0.05 0.129 0.054 0.023 0.027 0.024 0.054 0.039 0.006 0.018 0.056
149 Y 0.04 0.028 0.021 0.018 0.009 0.021 0.028 0.025 0.046 0.043 0.067 0.031 0.018 0.129 0.015 0.031 0.028 0.028 0.328 0.046
150 F 0.033 0.019 0.017 0.017 0.01 0.01 0.019 0.025 0.017 0.062 0.113 0.019 0.025 0.396 0.01 0.025 0.025 0.017 0.087 0.054
151 L 0.044 0.024 0.014 0.015 0.016 0.016 0.02 0.021 0.01 0.114 0.385 0.025 0.049 0.054 0.014 0.024 0.033 0.007 0.022 0.095
152 G 0.077 0.023 0.039 0.033 0.011 0.019 0.025 0.517 0.013 0.019 0.028 0.033 0.009 0.016 0.019 0.051 0.029 0.005 0.011 0.024
153 R 0.044 0.355 0.038 0.031 0.008 0.048 0.052 0.032 0.023 0.023 0.046 0.118 0.015 0.017 0.019 0.044 0.034 0.006 0.017 0.031
154 K 0.056 0.106 0.041 0.041 0.008 0.053 0.07 0.043 0.02 0.027 0.043 0.289 0.015 0.015 0.027 0.053 0.039 0.005 0.017 0.032
155 N 0.042 0.044 0.327 0.082 0.009 0.033 0.049 0.064 0.031 0.022 0.031 0.053 0.011 0.018 0.02 0.069 0.049 0.004 0.015 0.027
156 A 0.237 0.027 0.023 0.026 0.02 0.022 0.034 0.063 0.013 0.102 0.085 0.039 0.022 0.027 0.026 0.069 0.047 0.005 0.018 0.094
157 L 0.117 0.03 0.025 0.025 0.018 0.024 0.032 0.042 0.013 0.077 0.175 0.037 0.065 0.037 0.022 0.059 0.095 0.007 0.02 0.081
158 T 0.072 0.035 0.043 0.037 0.018 0.027 0.039 0.043 0.014 0.053 0.064 0.045 0.019 0.023 0.027 0.091 0.258 0.006 0.018 0.07
159 P 0.056 0.025 0.023 0.031 0.01 0.02 0.036 0.036 0.013 0.025 0.036 0.041 0.01 0.013 0.501 0.043 0.036 0.003 0.013 0.031
160 Y 0.04 0.028 0.021 0.018 0.009 0.021 0.028 0.025 0.046 0.043 0.067 0.031 0.018 0.129 0.015 0.031 0.028 0.028 0.328 0.046
161 L 0.044 0.022 0.014 0.016 0.016 0.015 0.019 0.021 0.01 0.156 0.33 0.025 0.046 0.051 0.014 0.024 0.034 0.007 0.022 0.115
162 L 0.051 0.02 0.015 0.017 0.017 0.015 0.019 0.021 0.009 0.21 0.211 0.024 0.038 0.044 0.015 0.026 0.04 0.006 0.021 0.181
163 L 0.047 0.023 0.017 0.017 0.014 0.016 0.022 0.024 0.02 0.095 0.173 0.025 0.031 0.153 0.014 0.028 0.034 0.014 0.114 0.119
164 G 0.058 0.027 0.029 0.026 0.013 0.021 0.028 0.151 0.021 0.057 0.136 0.033 0.024 0.056 0.019 0.049 0.087 0.011 0.095 0.059
165 L 0.048 0.028 0.017 0.017 0.016 0.022 0.024 0.024 0.013 0.106 0.289 0.03 0.111 0.051 0.015 0.03 0.036 0.007 0.023 0.093
166 T 0.073 0.036 0.044 0.038 0.018 0.028 0.04 0.044 0.014 0.053 0.065 0.046 0.02 0.024 0.028 0.093 0.244 0.006 0.018 0.071
167 L 0.045 0.024 0.014 0.015 0.016 0.016 0.02 0.021 0.01 0.116 0.373 0.025 0.05 0.055 0.014 0.024 0.034 0.007 0.022 0.097
168 G 0.068 0.026 0.033 0.03 0.014 0.02 0.027 0.275 0.013 0.051 0.126 0.034 0.022 0.027 0.02 0.054 0.087 0.006 0.015 0.053
169 C 0.086 0.031 0.04 0.036 0.135 0.025 0.037 0.089 0.014 0.038 0.052 0.041 0.016 0.021 0.025 0.133 0.11 0.005 0.015 0.051
170 F 0.037 0.023 0.019 0.018 0.01 0.016 0.023 0.025 0.031 0.053 0.09 0.025 0.022 0.262 0.013 0.028 0.026 0.022 0.208 0.05
171 Y 0.04 0.028 0.021 0.018 0.009 0.021 0.028 0.025 0.046 0.043 0.067 0.031 0.018 0.129 0.015 0.031 0.028 0.028 0.328 0.046
172 L 0.043 0.025 0.016 0.016 0.014 0.017 0.022 0.022 0.019 0.096 0.305 0.026 0.041 0.073 0.014 0.026 0.032 0.012 0.098 0.083
173 L 0.046 0.03 0.02 0.033 0.014 0.028 0.092 0.024 0.014 0.091 0.298 0.037 0.04 0.045 0.017 0.032 0.034 0.007 0.021 0.079
174 N 0.05 0.037 0.178 0.054 0.013 0.027 0.039 0.048 0.021 0.053 0.128 0.044 0.023 0.028 0.02 0.063 0.097 0.005 0.018 0.054
175 K 0.049 0.075 0.115 0.05 0.008 0.044 0.06 0.047 0.109 0.025 0.038 0.169 0.014 0.02 0.023 0.054 0.038 0.006 0.027 0.028
176 K 0.052 0.078 0.048 0.134 0.008 0.09 0.083 0.043 0.022 0.026 0.04 0.178 0.015 0.015 0.025 0.053 0.038 0.005 0.016 0.031
177 L 0.05 0.028 0.018 0.019 0.016 0.024 0.025 0.026 0.014 0.145 0.187 0.032 0.139 0.047 0.016 0.033 0.04 0.007 0.023 0.112
178 N 0.066 0.041 0.119 0.051 0.013 0.033 0.048 0.052 0.107 0.032 0.044 0.049 0.015 0.023 0.024 0.108 0.103 0.006 0.027 0.04
179 K 0.053 0.154 0.04 0.05 0.008 0.054 0.124 0.038 0.022 0.025 0.042 0.193 0.015 0.016 0.025 0.051 0.037 0.005 0.017 0.032
180 F 0.039 0.102 0.022 0.02 0.011 0.02 0.027 0.026 0.016 0.107 0.109 0.045 0.025 0.213 0.014 0.03 0.031 0.011 0.053 0.078
181 L 0.046 0.02 0.014 0.017 0.016 0.014 0.018 0.021 0.009 0.225 0.238 0.024 0.041 0.047 0.014 0.024 0.037 0.006 0.021 0.148
182 S 0.092 0.041 0.122 0.057 0.015 0.033 0.051 0.065 0.022 0.027 0.039 0.053 0.014 0.02 0.027 0.191 0.073 0.005 0.017 0.038
183 L 0.041 0.022 0.017 0.017 0.013 0.015 0.021 0.023 0.02 0.125 0.183 0.024 0.032 0.156 0.014 0.026 0.031 0.014 0.114 0.092
184 K 0.066 0.151 0.043 0.04 0.01 0.046 0.061 0.046 0.021 0.027 0.043 0.187 0.015 0.017 0.026 0.095 0.048 0.005 0.017 0.034
185 E 0.055 0.055 0.041 0.078 0.008 0.104 0.256 0.036 0.026 0.023 0.039 0.078 0.015 0.016 0.025 0.055 0.037 0.006 0.017 0.032
186 L 0.051 0.02 0.015 0.017 0.017 0.015 0.019 0.021 0.009 0.21 0.211 0.024 0.038 0.044 0.015 0.026 0.04 0.006 0.021 0.181
187 I 0.053 0.022 0.022 0.022 0.016 0.017 0.023 0.026 0.01 0.21 0.158 0.029 0.033 0.039 0.018 0.041 0.093 0.006 0.02 0.141
188 F 0.036 0.02 0.016 0.016 0.012 0.012 0.019 0.024 0.015 0.075 0.181 0.02 0.031 0.31 0.011 0.025 0.027 0.014 0.071 0.064
189 L 0.044 0.022 0.014 0.016 0.016 0.015 0.019 0.021 0.01 0.156 0.33 0.025 0.046 0.051 0.014 0.024 0.034 0.007 0.022 0.115
190 L 0.06 0.025 0.027 0.026 0.015 0.019 0.025 0.15 0.011 0.117 0.161 0.032 0.028 0.034 0.019 0.048 0.09 0.006 0.018 0.091
191 L 0.04 0.022 0.015 0.016 0.014 0.014 0.02 0.022 0.012 0.097 0.293 0.023 0.041 0.168 0.013 0.024 0.03 0.01 0.044 0.081
192 G 0.086 0.026 0.031 0.029 0.014 0.02 0.029 0.146 0.015 0.047 0.072 0.033 0.019 0.145 0.02 0.059 0.106 0.009 0.039 0.054
193 G 0.073 0.027 0.034 0.031 0.014 0.021 0.029 0.251 0.013 0.053 0.15 0.035 0.024 0.03 0.019 0.082 0.042 0.006 0.016 0.051
194 L 0.04 0.02 0.015 0.016 0.014 0.013 0.019 0.022 0.012 0.134 0.216 0.022 0.036 0.194 0.013 0.025 0.031 0.011 0.049 0.098
195 L 0.048 0.023 0.014 0.016 0.016 0.016 0.02 0.021 0.01 0.136 0.324 0.025 0.045 0.05 0.014 0.025 0.036 0.007 0.022 0.132
196 S 0.147 0.036 0.044 0.041 0.018 0.029 0.045 0.063 0.017 0.038 0.051 0.049 0.017 0.021 0.029 0.159 0.117 0.005 0.017 0.055
197 L 0.042 0.021 0.015 0.016 0.015 0.014 0.019 0.022 0.011 0.143 0.262 0.023 0.04 0.137 0.013 0.024 0.033 0.009 0.038 0.104
198 L 0.039 0.021 0.015 0.016 0.013 0.013 0.019 0.023 0.013 0.088 0.249 0.022 0.037 0.225 0.012 0.024 0.029 0.012 0.055 0.074
199 T 0.09 0.037 0.048 0.043 0.017 0.03 0.045 0.054 0.016 0.041 0.053 0.049 0.017 0.022 0.028 0.161 0.169 0.005 0.017 0.056
200 Q 0.065 0.057 0.117 0.056 0.011 0.13 0.076 0.053 0.027 0.026 0.041 0.072 0.017 0.017 0.024 0.103 0.053 0.005 0.018 0.034
201 S 0.108 0.04 0.053 0.048 0.017 0.033 0.052 0.065 0.019 0.029 0.041 0.053 0.015 0.021 0.029 0.231 0.081 0.005 0.017 0.041
202 S 0.156 0.037 0.046 0.043 0.018 0.031 0.049 0.068 0.018 0.033 0.046 0.051 0.016 0.021 0.029 0.195 0.073 0.005 0.017 0.048
203 T 0.072 0.035 0.043 0.037 0.018 0.027 0.039 0.043 0.014 0.053 0.064 0.045 0.019 0.023 0.027 0.091 0.258 0.006 0.018 0.07
204 A 0.186 0.033 0.034 0.033 0.019 0.026 0.039 0.06 0.014 0.048 0.061 0.044 0.018 0.022 0.028 0.088 0.153 0.006 0.017 0.069
205 L 0.045 0.021 0.014 0.016 0.016 0.015 0.019 0.021 0.009 0.198 0.275 0.024 0.043 0.049 0.014 0.024 0.036 0.006 0.021 0.134
206 L 0.046 0.024 0.016 0.017 0.016 0.018 0.021 0.022 0.011 0.152 0.282 0.027 0.077 0.05 0.015 0.027 0.036 0.007 0.022 0.114
207 C 0.066 0.021 0.023 0.021 0.373 0.016 0.022 0.035 0.009 0.046 0.064 0.026 0.017 0.021 0.019 0.053 0.091 0.004 0.013 0.06
208 F 0.054 0.026 0.027 0.025 0.012 0.019 0.029 0.035 0.025 0.049 0.083 0.03 0.021 0.235 0.016 0.078 0.04 0.017 0.13 0.049
209 I 0.116 0.022 0.02 0.022 0.017 0.017 0.024 0.097 0.011 0.179 0.118 0.03 0.028 0.034 0.019 0.043 0.041 0.006 0.018 0.138
210 L 0.067 0.03 0.031 0.029 0.016 0.023 0.033 0.038 0.013 0.075 0.207 0.037 0.032 0.052 0.021 0.093 0.101 0.007 0.022 0.074
211 F 0.033 0.019 0.017 0.017 0.01 0.01 0.019 0.025 0.017 0.062 0.113 0.019 0.025 0.396 0.01 0.025 0.025 0.017 0.087 0.054
212 L 0.051 0.02 0.015 0.017 0.017 0.015 0.019 0.021 0.009 0.21 0.211 0.024 0.038 0.044 0.015 0.026 0.04 0.006 0.021 0.181
213 F 0.036 0.02 0.016 0.016 0.012 0.012 0.019 0.024 0.015 0.075 0.181 0.02 0.031 0.31 0.011 0.025 0.027 0.014 0.071 0.064
214 L 0.043 0.02 0.015 0.017 0.015 0.014 0.019 0.022 0.011 0.177 0.208 0.023 0.042 0.134 0.013 0.025 0.034 0.009 0.038 0.121
215 R 0.044 0.354 0.038 0.031 0.008 0.048 0.052 0.032 0.023 0.023 0.046 0.119 0.015 0.017 0.019 0.044 0.034 0.006 0.017 0.031
216 F 0.037 0.021 0.016 0.016 0.012 0.013 0.02 0.024 0.015 0.079 0.193 0.021 0.04 0.281 0.012 0.025 0.028 0.014 0.066 0.068
217 L 0.038 0.023 0.015 0.016 0.012 0.015 0.021 0.024 0.013 0.079 0.226 0.023 0.04 0.141 0.012 0.024 0.029 0.133 0.05 0.068
218 G 0.075 0.025 0.038 0.033 0.052 0.02 0.028 0.358 0.013 0.029 0.04 0.035 0.012 0.018 0.021 0.06 0.087 0.005 0.012 0.038
219 L 0.057 0.027 0.024 0.024 0.015 0.019 0.028 0.033 0.014 0.08 0.231 0.03 0.035 0.131 0.017 0.076 0.043 0.009 0.037 0.071
220 R 0.064 0.193 0.043 0.038 0.01 0.046 0.058 0.044 0.021 0.026 0.044 0.159 0.015 0.017 0.024 0.094 0.048 0.005 0.017 0.034
221 E 0.051 0.058 0.047 0.156 0.008 0.052 0.193 0.039 0.022 0.023 0.036 0.12 0.012 0.016 0.025 0.053 0.037 0.005 0.015 0.029
222 V 0.056 0.111 0.099 0.037 0.014 0.028 0.037 0.036 0.018 0.092 0.083 0.056 0.022 0.026 0.018 0.044 0.045 0.005 0.018 0.154
223 L 0.051 0.02 0.015 0.017 0.017 0.015 0.019 0.021 0.009 0.21 0.211 0.024 0.038 0.044 0.015 0.026 0.04 0.006 0.021 0.181
224 G 0.085 0.03 0.04 0.037 0.015 0.024 0.036 0.167 0.015 0.09 0.069 0.041 0.019 0.025 0.023 0.135 0.058 0.005 0.016 0.07
225 N 0.049 0.061 0.184 0.073 0.008 0.046 0.118 0.051 0.027 0.023 0.035 0.117 0.013 0.017 0.023 0.061 0.043 0.005 0.016 0.029
226 L 0.109 0.05 0.035 0.035 0.015 0.032 0.046 0.049 0.016 0.05 0.118 0.103 0.023 0.026 0.045 0.099 0.068 0.005 0.018 0.057
227 Y 0.04 0.028 0.021 0.018 0.009 0.021 0.028 0.025 0.046 0.043 0.067 0.031 0.018 0.129 0.015 0.031 0.028 0.028 0.328 0.046
228 L 0.066 0.032 0.045 0.127 0.015 0.026 0.05 0.044 0.015 0.054 0.129 0.042 0.023 0.028 0.023 0.1 0.102 0.005 0.017 0.057
229 L 0.05 0.065 0.027 0.028 0.012 0.034 0.045 0.032 0.015 0.07 0.214 0.157 0.032 0.035 0.021 0.038 0.036 0.006 0.02 0.064
230 I 0.054 0.04 0.022 0.023 0.015 0.024 0.032 0.027 0.011 0.188 0.125 0.09 0.03 0.034 0.018 0.034 0.042 0.006 0.019 0.165
231 R 0.045 0.343 0.039 0.031 0.008 0.049 0.052 0.033 0.023 0.023 0.047 0.121 0.016 0.017 0.019 0.045 0.035 0.006 0.017 0.031
232 V 0.07 0.022 0.017 0.018 0.019 0.017 0.023 0.025 0.008 0.165 0.131 0.026 0.032 0.036 0.017 0.033 0.05 0.006 0.021 0.266
233 L 0.073 0.03 0.032 0.029 0.017 0.023 0.033 0.038 0.013 0.089 0.155 0.037 0.029 0.033 0.022 0.095 0.105 0.006 0.019 0.121
234 L 0.11 0.027 0.018 0.02 0.017 0.021 0.026 0.036 0.012 0.1 0.254 0.032 0.066 0.044 0.018 0.041 0.039 0.007 0.021 0.091
235 I 0.107 0.025 0.025 0.026 0.018 0.02 0.028 0.039 0.011 0.165 0.114 0.034 0.027 0.033 0.021 0.056 0.105 0.006 0.019 0.122
236 L 0.077 0.026 0.025 0.025 0.017 0.02 0.029 0.035 0.012 0.142 0.177 0.033 0.032 0.038 0.019 0.08 0.05 0.006 0.02 0.139
237 Y 0.04 0.028 0.021 0.018 0.009 0.021 0.028 0.025 0.046 0.043 0.067 0.031 0.018 0.129 0.015 0.031 0.028 0.028 0.328 0.046
238 L 0.11 0.023 0.018 0.02 0.016 0.017 0.025 0.037 0.012 0.105 0.174 0.028 0.031 0.127 0.017 0.041 0.038 0.009 0.037 0.115
239 L 0.056 0.02 0.016 0.017 0.116 0.015 0.019 0.045 0.009 0.149 0.184 0.024 0.033 0.038 0.015 0.031 0.039 0.006 0.019 0.15
240 V 0.07 0.022 0.017 0.018 0.019 0.017 0.023 0.025 0.008 0.165 0.131 0.026 0.032 0.036 0.017 0.033 0.05 0.006 0.021 0.266
241 T 0.073 0.036 0.044 0.038 0.018 0.028 0.04 0.044 0.014 0.053 0.065 0.046 0.02 0.024 0.028 0.093 0.244 0.006 0.018 0.071
242 F 0.036 0.02 0.016 0.016 0.012 0.012 0.019 0.024 0.015 0.075 0.181 0.02 0.031 0.31 0.011 0.025 0.027 0.014 0.071 0.064
243 S 0.092 0.036 0.043 0.04 0.017 0.029 0.044 0.054 0.017 0.05 0.127 0.046 0.024 0.029 0.025 0.18 0.069 0.006 0.018 0.055
244 F 0.054 0.025 0.025 0.024 0.013 0.017 0.027 0.034 0.016 0.065 0.151 0.029 0.028 0.231 0.016 0.076 0.041 0.012 0.056 0.059
245 S 0.14 0.033 0.036 0.035 0.018 0.027 0.041 0.057 0.016 0.054 0.131 0.044 0.024 0.029 0.025 0.143 0.061 0.006 0.018 0.061
246 I 0.053 0.022 0.022 0.022 0.016 0.017 0.023 0.026 0.01 0.224 0.14 0.029 0.032 0.038 0.018 0.041 0.094 0.006 0.02 0.148
247 L 0.053 0.022 0.02 0.02 0.015 0.016 0.021 0.145 0.01 0.132 0.241 0.027 0.036 0.042 0.015 0.031 0.034 0.006 0.019 0.097
248 S 0.09 0.034 0.044 0.04 0.016 0.027 0.043 0.055 0.018 0.038 0.059 0.045 0.018 0.114 0.025 0.18 0.067 0.008 0.035 0.045
249 S 0.125 0.035 0.041 0.038 0.018 0.028 0.043 0.056 0.016 0.052 0.071 0.046 0.019 0.024 0.027 0.147 0.115 0.005 0.018 0.075
250 E 0.052 0.06 0.113 0.066 0.008 0.137 0.14 0.045 0.029 0.024 0.04 0.077 0.016 0.016 0.023 0.058 0.042 0.005 0.018 0.032
251 S 0.092 0.041 0.122 0.057 0.015 0.033 0.051 0.065 0.022 0.027 0.039 0.053 0.014 0.02 0.027 0.191 0.073 0.005 0.017 0.038
252 P 0.076 0.03 0.034 0.033 0.016 0.024 0.037 0.042 0.013 0.067 0.067 0.041 0.019 0.023 0.143 0.1 0.106 0.005 0.017 0.105
253 L 0.049 0.02 0.015 0.017 0.016 0.014 0.02 0.022 0.01 0.173 0.202 0.024 0.036 0.103 0.014 0.026 0.038 0.008 0.032 0.161
254 F 0.045 0.021 0.016 0.016 0.014 0.013 0.02 0.024 0.013 0.1 0.185 0.022 0.033 0.22 0.013 0.027 0.033 0.011 0.054 0.121
255 S 0.079 0.135 0.046 0.042 0.013 0.041 0.056 0.051 0.02 0.027 0.043 0.128 0.015 0.018 0.026 0.14 0.059 0.005 0.017 0.036
256 I 0.059 0.045 0.028 0.028 0.015 0.027 0.037 0.032 0.013 0.141 0.103 0.095 0.026 0.03 0.021 0.05 0.095 0.006 0.019 0.13
257 I 0.043 0.019 0.015 0.017 0.015 0.013 0.018 0.022 0.011 0.199 0.189 0.022 0.036 0.133 0.013 0.025 0.035 0.009 0.037 0.131
258 T 0.076 0.035 0.04 0.035 0.017 0.029 0.039 0.045 0.015 0.058 0.091 0.045 0.057 0.029 0.025 0.112 0.159 0.006 0.019 0.068
259 G 0.136 0.026 0.036 0.033 0.014 0.021 0.031 0.37 0.014 0.025 0.037 0.038 0.012 0.018 0.022 0.074 0.039 0.005 0.013 0.036
260 I 0.046 0.019 0.014 0.017 0.016 0.014 0.018 0.02 0.009 0.233 0.229 0.024 0.04 0.047 0.014 0.024 0.037 0.006 0.021 0.151
261 F 0.036 0.02 0.016 0.016 0.012 0.012 0.019 0.024 0.015 0.075 0.181 0.02 0.031 0.31 0.011 0.025 0.027 0.014 0.071 0.064
262 G 0.065 0.031 0.109 0.045 0.012 0.024 0.036 0.168 0.02 0.033 0.053 0.04 0.015 0.113 0.02 0.094 0.046 0.008 0.033 0.037
263 K 0.058 0.147 0.04 0.036 0.009 0.043 0.054 0.159 0.019 0.024 0.04 0.182 0.014 0.016 0.023 0.05 0.035 0.005 0.015 0.03
264 D 0.045 0.052 0.126 0.234 0.008 0.036 0.075 0.05 0.022 0.023 0.032 0.108 0.011 0.016 0.023 0.056 0.039 0.004 0.014 0.027
265 V 0.133 0.028 0.027 0.028 0.019 0.022 0.033 0.047 0.013 0.119 0.095 0.037 0.025 0.029 0.022 0.094 0.055 0.005 0.019 0.15
266 T 0.081 0.036 0.045 0.04 0.017 0.029 0.042 0.048 0.015 0.047 0.058 0.047 0.018 0.023 0.028 0.126 0.213 0.006 0.017 0.063
267 F 0.033 0.019 0.017 0.017 0.01 0.01 0.019 0.025 0.017 0.062 0.113 0.019 0.025 0.396 0.01 0.025 0.025 0.017 0.087 0.054
268 S 0.108 0.04 0.053 0.048 0.017 0.033 0.052 0.065 0.019 0.029 0.041 0.053 0.015 0.021 0.029 0.231 0.081 0.005 0.017 0.041
269 G 0.077 0.023 0.039 0.033 0.011 0.019 0.025 0.517 0.013 0.019 0.028 0.033 0.009 0.016 0.019 0.051 0.029 0.005 0.011 0.024
270 R 0.044 0.355 0.038 0.031 0.008 0.048 0.052 0.032 0.023 0.023 0.046 0.118 0.015 0.017 0.019 0.044 0.034 0.006 0.017 0.031
271 L 0.052 0.025 0.021 0.021 0.016 0.018 0.024 0.026 0.011 0.14 0.25 0.029 0.038 0.044 0.017 0.041 0.091 0.006 0.02 0.108
272 E 0.065 0.051 0.116 0.066 0.011 0.089 0.127 0.051 0.026 0.025 0.039 0.068 0.015 0.017 0.024 0.102 0.052 0.005 0.017 0.033
273 I 0.046 0.017 0.014 0.017 0.016 0.013 0.017 0.02 0.009 0.282 0.165 0.023 0.036 0.044 0.014 0.025 0.039 0.006 0.02 0.174
274 W 0.03 0.022 0.015 0.015 0.007 0.015 0.022 0.03 0.015 0.03 0.052 0.022 0.015 0.06 0.007 0.022 0.022 0.5 0.067 0.03
275 D 0.065 0.053 0.052 0.137 0.01 0.129 0.086 0.048 0.024 0.026 0.04 0.069 0.016 0.016 0.024 0.098 0.049 0.005 0.017 0.034
276 L 0.047 0.036 0.021 0.023 0.014 0.069 0.04 0.026 0.015 0.092 0.3 0.041 0.042 0.044 0.016 0.032 0.035 0.007 0.022 0.08
277 A 0.301 0.031 0.025 0.029 0.021 0.025 0.04 0.077 0.015 0.043 0.059 0.044 0.017 0.021 0.029 0.084 0.049 0.005 0.017 0.068
278 I 0.046 0.017 0.014 0.017 0.016 0.013 0.017 0.02 0.009 0.282 0.165 0.023 0.036 0.044 0.014 0.025 0.039 0.006 0.02 0.174
279 R 0.087 0.191 0.028 0.026 0.013 0.034 0.04 0.037 0.018 0.055 0.145 0.076 0.037 0.03 0.019 0.045 0.037 0.006 0.019 0.058
280 Y 0.042 0.023 0.018 0.018 0.012 0.017 0.023 0.023 0.029 0.107 0.124 0.026 0.026 0.145 0.014 0.028 0.031 0.019 0.185 0.088
281 F 0.033 0.019 0.017 0.017 0.01 0.01 0.019 0.025 0.017 0.062 0.113 0.019 0.025 0.396 0.01 0.025 0.025 0.017 0.087 0.054
282 K 0.056 0.089 0.041 0.053 0.008 0.07 0.132 0.04 0.022 0.026 0.041 0.219 0.015 0.015 0.026 0.053 0.039 0.005 0.017 0.032
283 E 0.059 0.066 0.042 0.066 0.009 0.085 0.192 0.04 0.024 0.024 0.04 0.129 0.015 0.016 0.026 0.069 0.041 0.005 0.017 0.033
284 N 0.042 0.044 0.327 0.082 0.009 0.033 0.049 0.064 0.031 0.022 0.031 0.053 0.011 0.018 0.02 0.069 0.049 0.004 0.015 0.027
285 F 0.042 0.022 0.018 0.02 0.012 0.014 0.023 0.027 0.014 0.066 0.161 0.026 0.027 0.215 0.134 0.029 0.03 0.011 0.052 0.058
286 W 0.039 0.023 0.016 0.019 0.012 0.017 0.032 0.025 0.013 0.113 0.163 0.025 0.029 0.052 0.012 0.025 0.03 0.233 0.042 0.082
287 F 0.032 0.02 0.016 0.016 0.01 0.012 0.02 0.026 0.016 0.054 0.097 0.02 0.023 0.312 0.01 0.024 0.024 0.137 0.082 0.048
288 G 0.077 0.023 0.039 0.033 0.011 0.019 0.025 0.517 0.013 0.019 0.028 0.033 0.009 0.016 0.019 0.051 0.029 0.005 0.011 0.024
289 A 0.107 0.104 0.103 0.04 0.012 0.032 0.043 0.05 0.029 0.033 0.051 0.069 0.015 0.046 0.021 0.057 0.04 0.011 0.094 0.043
290 G 0.077 0.023 0.039 0.033 0.011 0.019 0.025 0.517 0.013 0.019 0.028 0.033 0.009 0.016 0.019 0.051 0.029 0.005 0.011 0.024
291 L 0.044 0.024 0.014 0.015 0.016 0.016 0.02 0.021 0.01 0.121 0.376 0.025 0.048 0.053 0.014 0.024 0.033 0.007 0.022 0.098
292 N 0.066 0.038 0.191 0.169 0.01 0.032 0.07 0.057 0.024 0.026 0.035 0.05 0.012 0.018 0.022 0.066 0.062 0.004 0.015 0.033
293 L 0.05 0.022 0.015 0.016 0.017 0.015 0.02 0.021 0.009 0.173 0.267 0.025 0.041 0.047 0.015 0.026 0.038 0.006 0.021 0.156
294 N 0.066 0.04 0.177 0.076 0.013 0.031 0.049 0.058 0.023 0.032 0.042 0.051 0.014 0.02 0.024 0.114 0.108 0.005 0.016 0.041
295 F 0.033 0.019 0.017 0.017 0.01 0.01 0.019 0.025 0.017 0.062 0.113 0.019 0.025 0.396 0.01 0.025 0.025 0.017 0.087 0.054
296 V 0.06 0.03 0.101 0.039 0.015 0.023 0.033 0.04 0.016 0.128 0.095 0.037 0.024 0.03 0.02 0.066 0.084 0.005 0.018 0.135
297 P 0.117 0.027 0.024 0.03 0.013 0.022 0.037 0.046 0.013 0.03 0.041 0.041 0.012 0.015 0.383 0.053 0.039 0.003 0.014 0.04
298 W 0.03 0.022 0.015 0.015 0.007 0.015 0.022 0.03 0.015 0.03 0.052 0.022 0.015 0.06 0.007 0.022 0.022 0.5 0.067 0.03
299 T 0.072 0.035 0.043 0.037 0.018 0.027 0.039 0.043 0.014 0.053 0.064 0.045 0.019 0.023 0.027 0.091 0.258 0.006 0.018 0.07
300 N 0.042 0.044 0.327 0.082 0.009 0.033 0.049 0.064 0.031 0.022 0.031 0.053 0.011 0.018 0.02 0.069 0.049 0.004 0.015 0.027
301 G 0.085 0.027 0.042 0.037 0.012 0.022 0.032 0.404 0.015 0.021 0.031 0.038 0.011 0.017 0.021 0.096 0.042 0.005 0.012 0.028
302 L 0.113 0.023 0.017 0.02 0.018 0.017 0.025 0.035 0.01 0.16 0.187 0.029 0.034 0.039 0.018 0.041 0.042 0.006 0.02 0.145
303 I 0.056 0.019 0.015 0.017 0.017 0.014 0.02 0.022 0.008 0.232 0.15 0.024 0.034 0.04 0.015 0.028 0.043 0.006 0.02 0.218
304 V 0.069 0.022 0.016 0.018 0.019 0.016 0.023 0.024 0.008 0.162 0.128 0.026 0.031 0.035 0.016 0.032 0.049 0.005 0.02 0.28
305 N 0.042 0.04 0.251 0.066 0.009 0.03 0.043 0.054 0.035 0.027 0.04 0.048 0.013 0.046 0.019 0.059 0.043 0.01 0.094 0.031
306 T 0.09 0.037 0.048 0.043 0.017 0.03 0.045 0.054 0.016 0.041 0.053 0.049 0.017 0.022 0.028 0.161 0.169 0.005 0.017 0.056
307 A 0.301 0.031 0.025 0.029 0.021 0.025 0.04 0.077 0.015 0.043 0.059 0.044 0.017 0.021 0.029 0.084 0.049 0.005 0.017 0.068
308 H 0.041 0.045 0.053 0.038 0.007 0.038 0.053 0.038 0.365 0.023 0.038 0.045 0.015 0.03 0.019 0.041 0.026 0.007 0.056 0.023
309 N 0.042 0.044 0.327 0.082 0.009 0.033 0.049 0.064 0.031 0.022 0.031 0.053 0.011 0.018 0.02 0.069 0.049 0.004 0.015 0.027
310 Y 0.055 0.031 0.032 0.028 0.013 0.023 0.032 0.034 0.027 0.049 0.07 0.037 0.019 0.098 0.021 0.061 0.142 0.016 0.153 0.059
311 L 0.044 0.024 0.014 0.015 0.016 0.016 0.02 0.021 0.01 0.114 0.385 0.025 0.049 0.054 0.014 0.024 0.033 0.007 0.022 0.095
312 L 0.041 0.023 0.015 0.015 0.015 0.015 0.02 0.022 0.012 0.101 0.317 0.023 0.043 0.139 0.013 0.024 0.031 0.009 0.038 0.085
313 D 0.04 0.029 0.068 0.406 0.007 0.029 0.09 0.046 0.018 0.022 0.028 0.044 0.009 0.015 0.022 0.051 0.035 0.004 0.011 0.024
314 L 0.045 0.021 0.014 0.016 0.016 0.015 0.019 0.021 0.009 0.198 0.275 0.024 0.043 0.049 0.014 0.024 0.036 0.006 0.021 0.134
315 L 0.108 0.026 0.017 0.019 0.017 0.018 0.025 0.035 0.011 0.096 0.303 0.03 0.041 0.046 0.018 0.039 0.037 0.007 0.021 0.088
316 A 0.301 0.031 0.025 0.029 0.021 0.025 0.04 0.077 0.015 0.043 0.059 0.044 0.017 0.021 0.029 0.084 0.049 0.005 0.017 0.068
317 R 0.044 0.355 0.038 0.031 0.008 0.048 0.052 0.032 0.023 0.023 0.046 0.118 0.015 0.017 0.019 0.044 0.034 0.006 0.017 0.031
318 F 0.045 0.025 0.024 0.022 0.012 0.017 0.026 0.029 0.023 0.055 0.089 0.028 0.022 0.236 0.016 0.043 0.084 0.017 0.13 0.056
319 G 0.077 0.023 0.039 0.033 0.011 0.019 0.025 0.517 0.013 0.019 0.028 0.033 0.009 0.016 0.019 0.051 0.029 0.005 0.011 0.024
320 I 0.052 0.02 0.015 0.017 0.017 0.014 0.019 0.021 0.009 0.224 0.193 0.024 0.037 0.043 0.015 0.026 0.041 0.006 0.021 0.187
