#Seq2Logo.py -f /work3/idamei/ssn-clusterings/clustering/2205111339/clusters/0015_48/sequences.afa -o /work3/idamei/ssn-clusterings/clustering/2205111339/clusters/0015_48/sequences.logo
#Position Specific Frequency Matrix
A R N D C Q E G H I L K M F P S T W Y V
0 M 0.05 0.031 0.019 0.019 0.015 0.027 0.027 0.027 0.015 0.096 0.188 0.035 0.197 0.046 0.015 0.035 0.038 0.008 0.023 0.088
1 K 0.058 0.06 0.065 0.037 0.012 0.035 0.047 0.04 0.017 0.064 0.103 0.147 0.038 0.026 0.022 0.07 0.067 0.005 0.018 0.067
2 L 0.059 0.049 0.034 0.032 0.013 0.052 0.046 0.037 0.016 0.076 0.107 0.1 0.023 0.068 0.022 0.073 0.093 0.007 0.026 0.065
3 K 0.054 0.127 0.066 0.038 0.01 0.039 0.05 0.039 0.019 0.08 0.065 0.162 0.019 0.021 0.022 0.066 0.042 0.005 0.017 0.059
4 F 0.04 0.018 0.016 0.017 0.013 0.012 0.018 0.023 0.013 0.167 0.141 0.021 0.031 0.216 0.013 0.025 0.033 0.011 0.055 0.116
5 Y 0.041 0.028 0.022 0.019 0.009 0.022 0.028 0.025 0.047 0.044 0.069 0.031 0.019 0.131 0.016 0.031 0.028 0.028 0.316 0.047
6 T 0.064 0.054 0.044 0.042 0.013 0.121 0.071 0.042 0.022 0.04 0.056 0.068 0.02 0.019 0.026 0.074 0.144 0.006 0.019 0.053
7 N 0.049 0.059 0.18 0.065 0.009 0.124 0.076 0.053 0.03 0.024 0.039 0.073 0.016 0.016 0.022 0.063 0.045 0.005 0.018 0.031
8 I 0.047 0.018 0.015 0.018 0.016 0.013 0.018 0.021 0.009 0.271 0.168 0.024 0.037 0.044 0.015 0.025 0.04 0.006 0.021 0.177
9 K 0.057 0.107 0.042 0.042 0.009 0.054 0.071 0.043 0.021 0.028 0.043 0.278 0.016 0.016 0.028 0.054 0.04 0.005 0.017 0.033
10 N 0.043 0.045 0.317 0.083 0.009 0.034 0.049 0.065 0.032 0.022 0.032 0.054 0.011 0.018 0.02 0.07 0.049 0.004 0.016 0.027
11 S 0.11 0.04 0.054 0.049 0.018 0.033 0.053 0.066 0.019 0.03 0.042 0.054 0.016 0.021 0.03 0.218 0.082 0.005 0.018 0.042
12 S 0.11 0.04 0.054 0.049 0.018 0.033 0.053 0.066 0.019 0.03 0.042 0.054 0.016 0.021 0.03 0.218 0.082 0.005 0.018 0.042
13 Y 0.041 0.028 0.022 0.019 0.009 0.022 0.028 0.025 0.047 0.044 0.069 0.031 0.019 0.131 0.016 0.031 0.028 0.028 0.316 0.047
14 K 0.057 0.107 0.042 0.042 0.009 0.054 0.071 0.043 0.021 0.028 0.043 0.276 0.016 0.016 0.028 0.054 0.04 0.005 0.017 0.033
15 S 0.11 0.04 0.054 0.049 0.018 0.033 0.053 0.066 0.019 0.03 0.042 0.054 0.016 0.021 0.03 0.218 0.082 0.005 0.018 0.042
16 I 0.047 0.018 0.015 0.018 0.016 0.013 0.018 0.021 0.009 0.269 0.168 0.024 0.037 0.044 0.015 0.025 0.04 0.006 0.021 0.177
17 D 0.041 0.03 0.069 0.396 0.008 0.03 0.092 0.047 0.019 0.022 0.028 0.045 0.009 0.015 0.022 0.052 0.035 0.004 0.011 0.024
18 G 0.078 0.023 0.039 0.034 0.011 0.019 0.026 0.509 0.014 0.019 0.028 0.034 0.009 0.016 0.019 0.051 0.03 0.005 0.011 0.024
19 V 0.07 0.022 0.017 0.018 0.019 0.017 0.023 0.025 0.008 0.165 0.131 0.026 0.032 0.036 0.017 0.033 0.05 0.006 0.021 0.267
20 N 0.043 0.045 0.315 0.083 0.009 0.034 0.05 0.065 0.032 0.023 0.032 0.054 0.011 0.018 0.02 0.07 0.05 0.005 0.016 0.027
21 G 0.078 0.023 0.039 0.034 0.011 0.019 0.026 0.509 0.014 0.019 0.028 0.034 0.009 0.016 0.019 0.051 0.03 0.005 0.011 0.024
22 T 0.073 0.036 0.044 0.038 0.018 0.028 0.039 0.044 0.014 0.053 0.065 0.046 0.02 0.024 0.028 0.093 0.245 0.006 0.018 0.071
23 R 0.045 0.343 0.039 0.031 0.008 0.049 0.052 0.033 0.023 0.023 0.047 0.121 0.016 0.017 0.019 0.045 0.035 0.006 0.017 0.031
24 L 0.045 0.024 0.014 0.015 0.016 0.016 0.02 0.021 0.01 0.116 0.374 0.025 0.05 0.055 0.014 0.024 0.033 0.007 0.022 0.096
25 S 0.11 0.04 0.054 0.049 0.018 0.033 0.053 0.066 0.019 0.03 0.042 0.054 0.016 0.021 0.03 0.218 0.082 0.005 0.018 0.042
26 T 0.073 0.036 0.044 0.038 0.018 0.028 0.039 0.044 0.014 0.053 0.065 0.046 0.02 0.024 0.028 0.093 0.245 0.006 0.018 0.071
27 D 0.041 0.03 0.069 0.396 0.008 0.03 0.092 0.047 0.019 0.022 0.028 0.045 0.009 0.015 0.022 0.052 0.035 0.004 0.011 0.024
28 I 0.047 0.018 0.015 0.018 0.016 0.013 0.018 0.021 0.009 0.269 0.168 0.024 0.037 0.044 0.015 0.025 0.04 0.006 0.021 0.177
29 V 0.07 0.022 0.017 0.018 0.019 0.017 0.023 0.025 0.008 0.165 0.131 0.026 0.032 0.036 0.017 0.033 0.05 0.006 0.021 0.267
30 T 0.073 0.036 0.044 0.038 0.018 0.028 0.039 0.044 0.014 0.053 0.065 0.046 0.02 0.024 0.028 0.093 0.245 0.006 0.018 0.071
31 E 0.055 0.05 0.041 0.09 0.007 0.065 0.295 0.035 0.026 0.022 0.037 0.076 0.013 0.017 0.026 0.055 0.037 0.006 0.017 0.031
32 G 0.078 0.023 0.039 0.034 0.011 0.019 0.026 0.509 0.014 0.019 0.028 0.034 0.009 0.016 0.019 0.051 0.03 0.005 0.011 0.024
33 E 0.055 0.05 0.041 0.09 0.007 0.065 0.295 0.035 0.026 0.022 0.037 0.076 0.013 0.017 0.026 0.055 0.037 0.006 0.017 0.031
34 N 0.047 0.065 0.227 0.069 0.009 0.04 0.056 0.058 0.028 0.024 0.035 0.13 0.013 0.017 0.023 0.064 0.046 0.005 0.016 0.029
35 L 0.061 0.059 0.024 0.023 0.065 0.021 0.028 0.031 0.012 0.127 0.157 0.038 0.029 0.034 0.018 0.066 0.056 0.006 0.018 0.13
36 K 0.054 0.091 0.031 0.03 0.012 0.034 0.045 0.033 0.015 0.083 0.119 0.15 0.024 0.026 0.021 0.047 0.074 0.006 0.018 0.086
37 R 0.055 0.132 0.031 0.033 0.012 0.032 0.065 0.032 0.019 0.097 0.078 0.061 0.021 0.035 0.019 0.063 0.064 0.008 0.051 0.091
38 I 0.054 0.021 0.019 0.02 0.015 0.015 0.022 0.026 0.011 0.171 0.154 0.025 0.031 0.113 0.015 0.049 0.041 0.008 0.033 0.158
39 F 0.055 0.021 0.016 0.018 0.014 0.015 0.021 0.026 0.013 0.151 0.14 0.024 0.062 0.19 0.013 0.029 0.033 0.01 0.046 0.101
40 L 0.05 0.025 0.021 0.021 0.014 0.018 0.025 0.029 0.012 0.118 0.203 0.029 0.04 0.045 0.015 0.053 0.061 0.108 0.029 0.087
41 L 0.053 0.045 0.066 0.043 0.011 0.095 0.083 0.038 0.057 0.05 0.148 0.055 0.025 0.028 0.02 0.064 0.04 0.006 0.023 0.05
42 L 0.048 0.02 0.014 0.016 0.016 0.014 0.019 0.021 0.009 0.194 0.236 0.023 0.038 0.063 0.014 0.025 0.037 0.006 0.024 0.163
43 I 0.05 0.019 0.017 0.018 0.015 0.014 0.019 0.072 0.01 0.19 0.185 0.024 0.033 0.078 0.014 0.027 0.036 0.007 0.026 0.147
44 I 0.056 0.022 0.022 0.023 0.015 0.017 0.024 0.029 0.011 0.204 0.156 0.028 0.031 0.076 0.016 0.07 0.044 0.007 0.026 0.124
45 V 0.075 0.023 0.018 0.018 0.014 0.017 0.024 0.029 0.021 0.106 0.101 0.027 0.024 0.137 0.015 0.034 0.036 0.014 0.131 0.138
46 I 0.052 0.018 0.017 0.018 0.016 0.014 0.019 0.072 0.009 0.245 0.14 0.024 0.032 0.038 0.015 0.028 0.039 0.006 0.019 0.181
47 G 0.068 0.027 0.065 0.035 0.013 0.021 0.03 0.286 0.015 0.041 0.107 0.036 0.018 0.024 0.019 0.07 0.061 0.005 0.014 0.043
48 L 0.04 0.022 0.014 0.015 0.014 0.014 0.019 0.022 0.012 0.096 0.314 0.022 0.041 0.161 0.013 0.024 0.03 0.01 0.04 0.08
49 N 0.041 0.038 0.25 0.062 0.01 0.029 0.042 0.051 0.061 0.059 0.081 0.045 0.017 0.024 0.018 0.055 0.043 0.005 0.02 0.046
50 L 0.046 0.02 0.014 0.016 0.016 0.014 0.018 0.021 0.009 0.209 0.239 0.023 0.038 0.064 0.014 0.024 0.036 0.007 0.024 0.149
51 A 0.148 0.033 0.095 0.042 0.065 0.026 0.04 0.059 0.017 0.043 0.068 0.043 0.017 0.022 0.024 0.12 0.055 0.005 0.016 0.062
52 Y 0.039 0.027 0.021 0.018 0.009 0.021 0.027 0.024 0.045 0.042 0.066 0.03 0.018 0.125 0.015 0.03 0.027 0.027 0.347 0.045
53 L 0.054 0.037 0.023 0.023 0.063 0.022 0.03 0.029 0.012 0.124 0.129 0.082 0.027 0.069 0.018 0.039 0.062 0.006 0.025 0.127
54 F 0.051 0.026 0.041 0.026 0.011 0.02 0.029 0.033 0.027 0.07 0.081 0.031 0.021 0.177 0.016 0.074 0.039 0.016 0.153 0.058
55 V 0.082 0.022 0.023 0.061 0.015 0.018 0.03 0.056 0.01 0.155 0.105 0.03 0.025 0.03 0.067 0.038 0.041 0.005 0.017 0.169
56 I 0.048 0.018 0.014 0.017 0.016 0.013 0.018 0.02 0.008 0.271 0.167 0.023 0.035 0.042 0.014 0.025 0.039 0.006 0.02 0.185
57 S 0.114 0.034 0.042 0.038 0.065 0.028 0.043 0.056 0.019 0.034 0.048 0.045 0.016 0.031 0.026 0.184 0.076 0.007 0.049 0.046
58 P 0.052 0.032 0.033 0.116 0.011 0.03 0.101 0.033 0.016 0.06 0.063 0.054 0.017 0.059 0.119 0.042 0.037 0.005 0.022 0.099
59 K 0.047 0.081 0.031 0.033 0.011 0.036 0.068 0.031 0.068 0.09 0.109 0.119 0.038 0.033 0.019 0.039 0.034 0.007 0.038 0.066
60 F 0.033 0.019 0.017 0.016 0.01 0.011 0.019 0.024 0.019 0.059 0.105 0.019 0.024 0.39 0.011 0.025 0.024 0.017 0.109 0.052
61 D 0.07 0.032 0.081 0.185 0.011 0.028 0.059 0.142 0.018 0.023 0.032 0.045 0.011 0.017 0.023 0.126 0.05 0.004 0.013 0.029
62 H 0.042 0.046 0.054 0.038 0.008 0.038 0.054 0.038 0.353 0.023 0.038 0.046 0.015 0.031 0.019 0.042 0.027 0.008 0.057 0.023
63 T 0.073 0.036 0.044 0.038 0.018 0.028 0.039 0.044 0.014 0.053 0.065 0.046 0.02 0.024 0.028 0.093 0.245 0.006 0.018 0.071
64 Y 0.039 0.027 0.021 0.018 0.009 0.021 0.027 0.024 0.044 0.042 0.065 0.03 0.018 0.125 0.015 0.03 0.027 0.027 0.35 0.044
65 L 0.047 0.031 0.021 0.029 0.013 0.029 0.076 0.026 0.018 0.082 0.207 0.037 0.117 0.049 0.016 0.034 0.035 0.009 0.049 0.075
66 L 0.045 0.024 0.014 0.015 0.016 0.016 0.02 0.021 0.01 0.115 0.375 0.025 0.05 0.055 0.014 0.024 0.033 0.007 0.022 0.096
67 G 0.07 0.024 0.062 0.036 0.01 0.019 0.027 0.454 0.014 0.019 0.028 0.034 0.009 0.015 0.06 0.049 0.03 0.005 0.011 0.024
68 F 0.033 0.02 0.019 0.018 0.01 0.013 0.021 0.025 0.048 0.056 0.1 0.021 0.023 0.374 0.011 0.026 0.024 0.016 0.093 0.049
69 S 0.064 0.044 0.064 0.071 0.013 0.066 0.054 0.043 0.021 0.051 0.083 0.071 0.02 0.031 0.022 0.1 0.058 0.007 0.045 0.075
70 Y 0.096 0.028 0.027 0.025 0.013 0.022 0.032 0.038 0.055 0.068 0.098 0.034 0.021 0.093 0.019 0.069 0.048 0.014 0.138 0.061
71 D 0.058 0.036 0.066 0.127 0.012 0.05 0.1 0.04 0.018 0.071 0.062 0.048 0.018 0.022 0.021 0.076 0.064 0.005 0.016 0.09
72 G 0.057 0.041 0.034 0.033 0.009 0.089 0.051 0.194 0.029 0.029 0.047 0.051 0.016 0.053 0.019 0.045 0.032 0.013 0.12 0.035
73 F 0.035 0.018 0.016 0.017 0.01 0.011 0.019 0.025 0.015 0.078 0.106 0.02 0.024 0.354 0.053 0.026 0.026 0.014 0.073 0.06
74 D 0.054 0.049 0.124 0.148 0.01 0.035 0.071 0.049 0.021 0.031 0.065 0.103 0.015 0.019 0.022 0.087 0.045 0.005 0.015 0.034
75 L 0.074 0.025 0.02 0.025 0.015 0.02 0.049 0.03 0.012 0.139 0.206 0.031 0.033 0.07 0.017 0.051 0.039 0.007 0.025 0.113
76 S 0.066 0.038 0.061 0.043 0.013 0.03 0.074 0.083 0.018 0.049 0.061 0.065 0.017 0.087 0.021 0.101 0.067 0.007 0.027 0.073
77 K 0.052 0.14 0.038 0.037 0.008 0.074 0.066 0.038 0.021 0.037 0.047 0.241 0.016 0.016 0.024 0.048 0.037 0.005 0.017 0.037
78 F 0.064 0.02 0.016 0.017 0.013 0.013 0.021 0.027 0.013 0.085 0.169 0.022 0.029 0.245 0.013 0.03 0.031 0.011 0.055 0.104
79 I 0.048 0.02 0.019 0.02 0.015 0.015 0.021 0.024 0.011 0.193 0.14 0.025 0.03 0.117 0.015 0.035 0.077 0.008 0.033 0.135
80 L 0.045 0.021 0.016 0.019 0.014 0.017 0.032 0.021 0.014 0.201 0.201 0.026 0.034 0.053 0.015 0.026 0.035 0.008 0.062 0.139
81 G 0.084 0.024 0.03 0.027 0.013 0.019 0.027 0.243 0.043 0.107 0.074 0.032 0.019 0.026 0.018 0.046 0.055 0.005 0.018 0.09
82 I 0.067 0.029 0.058 0.034 0.015 0.023 0.034 0.042 0.015 0.135 0.086 0.037 0.022 0.031 0.02 0.121 0.073 0.048 0.022 0.088
83 L 0.049 0.021 0.018 0.018 0.015 0.015 0.021 0.025 0.011 0.148 0.193 0.024 0.033 0.135 0.014 0.045 0.038 0.008 0.036 0.132
84 L 0.043 0.02 0.014 0.016 0.015 0.014 0.018 0.021 0.01 0.204 0.24 0.024 0.052 0.077 0.014 0.024 0.035 0.007 0.026 0.126
85 L 0.058 0.025 0.024 0.023 0.016 0.018 0.026 0.03 0.011 0.141 0.156 0.03 0.029 0.067 0.018 0.061 0.102 0.007 0.024 0.133
86 L 0.047 0.02 0.017 0.018 0.014 0.014 0.02 0.065 0.011 0.162 0.205 0.024 0.033 0.104 0.014 0.029 0.044 0.008 0.03 0.121
87 L 0.042 0.02 0.015 0.017 0.014 0.014 0.019 0.022 0.01 0.177 0.223 0.024 0.035 0.106 0.055 0.025 0.033 0.007 0.03 0.111
88 L 0.046 0.023 0.018 0.019 0.014 0.017 0.022 0.026 0.013 0.121 0.224 0.026 0.063 0.138 0.014 0.045 0.036 0.009 0.037 0.089
89 L 0.05 0.023 0.018 0.019 0.016 0.016 0.022 0.024 0.01 0.164 0.242 0.027 0.037 0.042 0.016 0.035 0.078 0.006 0.02 0.136
90 L 0.075 0.023 0.022 0.022 0.014 0.017 0.024 0.074 0.012 0.124 0.163 0.028 0.028 0.115 0.017 0.056 0.058 0.008 0.032 0.088
91 L 0.046 0.023 0.015 0.016 0.015 0.016 0.021 0.022 0.013 0.123 0.268 0.025 0.052 0.084 0.014 0.026 0.034 0.009 0.054 0.126
92 G 0.072 0.028 0.037 0.033 0.012 0.039 0.033 0.371 0.014 0.046 0.043 0.038 0.013 0.018 0.019 0.068 0.055 0.005 0.013 0.041
93 F 0.074 0.025 0.023 0.027 0.014 0.02 0.05 0.032 0.013 0.126 0.127 0.031 0.026 0.129 0.017 0.057 0.059 0.008 0.035 0.105
94 F 0.043 0.038 0.052 0.028 0.011 0.023 0.033 0.031 0.047 0.076 0.135 0.076 0.025 0.16 0.016 0.038 0.053 0.009 0.043 0.061
95 I 0.047 0.02 0.015 0.017 0.015 0.015 0.019 0.022 0.01 0.22 0.173 0.024 0.061 0.071 0.014 0.026 0.037 0.007 0.025 0.162
96 K 0.059 0.095 0.063 0.045 0.01 0.06 0.08 0.043 0.02 0.047 0.049 0.182 0.016 0.018 0.024 0.082 0.044 0.005 0.017 0.042
97 N 0.049 0.045 0.166 0.143 0.009 0.032 0.056 0.088 0.024 0.024 0.034 0.087 0.012 0.024 0.021 0.071 0.042 0.006 0.04 0.028
98 N 0.083 0.045 0.109 0.084 0.01 0.036 0.104 0.085 0.02 0.024 0.036 0.091 0.012 0.016 0.1 0.056 0.039 0.004 0.014 0.032
99 F 0.033 0.018 0.016 0.016 0.01 0.011 0.018 0.024 0.018 0.078 0.108 0.019 0.024 0.369 0.011 0.024 0.025 0.016 0.1 0.06
100 I 0.042 0.022 0.017 0.017 0.013 0.016 0.021 0.022 0.021 0.146 0.141 0.025 0.042 0.126 0.014 0.027 0.032 0.014 0.133 0.11
101 S 0.085 0.06 0.084 0.039 0.012 0.027 0.04 0.049 0.023 0.032 0.05 0.047 0.015 0.069 0.021 0.129 0.051 0.049 0.077 0.039
102 L 0.113 0.024 0.018 0.02 0.017 0.018 0.025 0.034 0.01 0.131 0.231 0.029 0.034 0.039 0.018 0.042 0.057 0.006 0.019 0.114
103 V 0.055 0.019 0.015 0.017 0.017 0.014 0.019 0.021 0.008 0.234 0.141 0.023 0.032 0.038 0.015 0.027 0.042 0.005 0.019 0.238
104 W 0.032 0.023 0.017 0.016 0.008 0.017 0.023 0.027 0.026 0.033 0.056 0.024 0.016 0.083 0.01 0.024 0.023 0.331 0.177 0.035
105 N 0.038 0.036 0.204 0.053 0.008 0.027 0.04 0.047 0.083 0.027 0.042 0.041 0.013 0.064 0.016 0.049 0.036 0.087 0.06 0.029
106 I 0.048 0.019 0.014 0.016 0.016 0.014 0.018 0.021 0.009 0.218 0.195 0.023 0.035 0.071 0.014 0.025 0.037 0.006 0.025 0.176
107 F 0.045 0.021 0.018 0.019 0.013 0.014 0.021 0.026 0.013 0.129 0.145 0.024 0.042 0.216 0.013 0.044 0.035 0.011 0.049 0.103
108 F 0.037 0.02 0.015 0.015 0.012 0.012 0.018 0.022 0.013 0.082 0.248 0.021 0.034 0.251 0.012 0.023 0.027 0.012 0.055 0.07
109 V 0.056 0.024 0.023 0.022 0.015 0.018 0.026 0.028 0.016 0.131 0.126 0.029 0.027 0.077 0.017 0.055 0.079 0.01 0.076 0.147
110 L 0.044 0.025 0.017 0.017 0.013 0.02 0.023 0.024 0.02 0.115 0.182 0.028 0.098 0.093 0.014 0.029 0.033 0.012 0.104 0.087
111 F 0.039 0.025 0.043 0.023 0.012 0.033 0.027 0.026 0.017 0.103 0.171 0.029 0.029 0.192 0.013 0.03 0.031 0.011 0.07 0.074
112 F 0.043 0.021 0.016 0.016 0.013 0.014 0.02 0.023 0.017 0.09 0.175 0.023 0.03 0.201 0.013 0.026 0.031 0.013 0.096 0.119
113 F 0.047 0.02 0.017 0.017 0.089 0.014 0.02 0.025 0.017 0.079 0.103 0.023 0.037 0.195 0.013 0.029 0.032 0.013 0.095 0.113
114 G 0.075 0.023 0.037 0.033 0.011 0.019 0.027 0.463 0.013 0.019 0.028 0.034 0.009 0.015 0.057 0.064 0.032 0.005 0.011 0.025
115 E 0.058 0.056 0.041 0.06 0.009 0.147 0.181 0.039 0.025 0.026 0.042 0.074 0.016 0.016 0.024 0.071 0.059 0.005 0.018 0.035
116 A 0.156 0.029 0.029 0.029 0.018 0.024 0.035 0.051 0.013 0.088 0.084 0.039 0.035 0.027 0.023 0.118 0.055 0.005 0.018 0.123
117 I 0.047 0.017 0.014 0.017 0.016 0.013 0.017 0.02 0.008 0.294 0.154 0.023 0.034 0.041 0.014 0.024 0.039 0.006 0.019 0.183
118 Y 0.045 0.024 0.018 0.017 0.012 0.019 0.024 0.023 0.029 0.078 0.117 0.027 0.038 0.114 0.014 0.029 0.032 0.018 0.206 0.113
119 Y 0.047 0.027 0.028 0.054 0.01 0.021 0.033 0.031 0.034 0.04 0.064 0.032 0.017 0.145 0.017 0.066 0.034 0.02 0.236 0.043
120 Q 0.071 0.051 0.032 0.034 0.011 0.166 0.068 0.036 0.021 0.083 0.111 0.064 0.032 0.024 0.02 0.046 0.038 0.006 0.02 0.065
121 Y 0.037 0.025 0.02 0.017 0.009 0.019 0.025 0.024 0.04 0.044 0.071 0.028 0.019 0.169 0.014 0.029 0.026 0.025 0.314 0.045
122 N 0.078 0.033 0.156 0.049 0.013 0.026 0.038 0.05 0.019 0.095 0.068 0.042 0.018 0.024 0.021 0.091 0.087 0.005 0.017 0.07
123 G 0.063 0.03 0.039 0.102 0.011 0.028 0.087 0.154 0.015 0.036 0.043 0.043 0.013 0.018 0.099 0.069 0.076 0.005 0.014 0.055
124 N 0.058 0.034 0.128 0.111 0.011 0.03 0.069 0.124 0.022 0.027 0.038 0.045 0.012 0.025 0.021 0.083 0.08 0.006 0.04 0.034
125 N 0.079 0.031 0.131 0.074 0.013 0.025 0.04 0.086 0.018 0.073 0.086 0.04 0.019 0.024 0.02 0.083 0.047 0.005 0.016 0.09
126 S 0.063 0.064 0.092 0.041 0.013 0.027 0.039 0.045 0.021 0.07 0.065 0.047 0.018 0.068 0.021 0.114 0.072 0.008 0.053 0.058
127 L 0.067 0.022 0.018 0.019 0.014 0.016 0.023 0.029 0.012 0.141 0.162 0.026 0.043 0.129 0.015 0.047 0.036 0.048 0.038 0.094
128 L 0.049 0.042 0.027 0.031 0.011 0.061 0.063 0.068 0.019 0.092 0.105 0.082 0.023 0.094 0.018 0.037 0.034 0.009 0.054 0.082
129 I 0.055 0.032 0.023 0.026 0.013 0.066 0.041 0.029 0.014 0.145 0.1 0.042 0.025 0.028 0.127 0.037 0.04 0.005 0.018 0.136
130 L 0.052 0.023 0.017 0.017 0.016 0.017 0.022 0.023 0.011 0.131 0.245 0.026 0.05 0.045 0.015 0.032 0.057 0.007 0.033 0.16
131 F 0.063 0.02 0.017 0.017 0.013 0.014 0.021 0.026 0.018 0.14 0.112 0.024 0.026 0.187 0.014 0.03 0.032 0.013 0.106 0.107
132 G 0.094 0.031 0.033 0.032 0.015 0.041 0.037 0.158 0.014 0.069 0.072 0.04 0.033 0.024 0.021 0.099 0.066 0.005 0.016 0.1
133 I 0.071 0.023 0.044 0.024 0.015 0.017 0.024 0.029 0.014 0.188 0.14 0.029 0.029 0.042 0.017 0.038 0.058 0.007 0.045 0.147
134 V 0.106 0.025 0.025 0.025 0.017 0.019 0.029 0.039 0.012 0.134 0.123 0.032 0.026 0.061 0.019 0.089 0.049 0.006 0.023 0.14
135 L 0.052 0.023 0.021 0.023 0.014 0.017 0.025 0.028 0.011 0.157 0.171 0.03 0.029 0.034 0.133 0.051 0.058 0.005 0.018 0.1
136 L 0.051 0.056 0.034 0.036 0.011 0.157 0.074 0.034 0.023 0.055 0.16 0.068 0.03 0.028 0.02 0.045 0.038 0.006 0.021 0.055
137 L 0.043 0.021 0.015 0.016 0.015 0.014 0.019 0.021 0.011 0.162 0.267 0.023 0.041 0.108 0.014 0.024 0.034 0.008 0.032 0.114
138 L 0.081 0.025 0.018 0.019 0.054 0.019 0.024 0.03 0.012 0.088 0.227 0.029 0.067 0.069 0.016 0.039 0.055 0.007 0.024 0.096
139 L 0.042 0.023 0.013 0.014 0.015 0.015 0.019 0.02 0.01 0.109 0.411 0.024 0.047 0.052 0.013 0.023 0.032 0.007 0.021 0.091
140 L 0.045 0.02 0.016 0.017 0.014 0.013 0.019 0.062 0.011 0.125 0.205 0.023 0.032 0.158 0.013 0.027 0.032 0.009 0.039 0.119
141 L 0.051 0.023 0.017 0.018 0.016 0.016 0.022 0.025 0.011 0.115 0.294 0.026 0.039 0.076 0.015 0.044 0.038 0.007 0.026 0.123
142 L 0.042 0.022 0.014 0.015 0.015 0.014 0.019 0.02 0.01 0.136 0.349 0.023 0.043 0.079 0.013 0.023 0.032 0.007 0.026 0.099
143 P 0.046 0.023 0.03 0.116 0.011 0.019 0.039 0.032 0.014 0.073 0.097 0.032 0.02 0.115 0.133 0.039 0.052 0.007 0.03 0.073
144 L 0.046 0.021 0.017 0.018 0.014 0.014 0.021 0.025 0.012 0.151 0.185 0.024 0.032 0.131 0.014 0.042 0.036 0.048 0.038 0.113
145 F 0.071 0.021 0.022 0.05 0.052 0.015 0.026 0.069 0.012 0.082 0.127 0.025 0.025 0.15 0.015 0.035 0.035 0.008 0.037 0.123
146 S 0.084 0.041 0.054 0.141 0.014 0.032 0.061 0.056 0.018 0.026 0.037 0.071 0.013 0.018 0.026 0.189 0.063 0.005 0.015 0.035
147 R 0.045 0.112 0.083 0.04 0.01 0.033 0.064 0.036 0.022 0.057 0.064 0.089 0.018 0.095 0.019 0.046 0.055 0.009 0.056 0.049
148 I 0.054 0.033 0.102 0.038 0.012 0.023 0.033 0.078 0.017 0.118 0.083 0.056 0.021 0.087 0.018 0.074 0.043 0.007 0.027 0.075
149 N 0.045 0.087 0.183 0.055 0.008 0.054 0.055 0.048 0.025 0.026 0.041 0.138 0.014 0.047 0.021 0.055 0.04 0.006 0.021 0.03
150 F 0.044 0.069 0.029 0.056 0.01 0.027 0.04 0.031 0.019 0.066 0.084 0.101 0.034 0.153 0.017 0.039 0.051 0.01 0.064 0.055
151 K 0.05 0.146 0.065 0.073 0.008 0.045 0.081 0.04 0.021 0.026 0.041 0.189 0.014 0.016 0.023 0.053 0.056 0.005 0.016 0.032
152 L 0.042 0.019 0.015 0.016 0.014 0.013 0.019 0.022 0.011 0.144 0.192 0.021 0.033 0.189 0.013 0.025 0.032 0.01 0.045 0.127
153 K 0.059 0.062 0.061 0.048 0.01 0.042 0.106 0.041 0.023 0.037 0.048 0.153 0.015 0.03 0.023 0.081 0.043 0.007 0.056 0.055
154 K 0.057 0.106 0.041 0.041 0.009 0.053 0.07 0.043 0.021 0.027 0.043 0.283 0.015 0.015 0.027 0.053 0.039 0.005 0.017 0.033
155 R 0.049 0.158 0.026 0.025 0.011 0.028 0.036 0.03 0.016 0.058 0.073 0.064 0.019 0.097 0.114 0.037 0.035 0.007 0.031 0.087
156 K 0.063 0.079 0.102 0.05 0.01 0.044 0.061 0.051 0.022 0.026 0.04 0.199 0.014 0.017 0.026 0.093 0.049 0.005 0.017 0.033
157 K 0.054 0.077 0.057 0.035 0.011 0.066 0.05 0.074 0.018 0.065 0.085 0.114 0.02 0.022 0.059 0.048 0.057 0.005 0.017 0.069
158 Y 0.04 0.028 0.022 0.019 0.009 0.022 0.028 0.025 0.047 0.044 0.068 0.031 0.019 0.131 0.016 0.031 0.028 0.028 0.318 0.047
159 N 0.043 0.045 0.317 0.083 0.009 0.034 0.049 0.065 0.032 0.022 0.032 0.054 0.011 0.018 0.02 0.07 0.049 0.004 0.016 0.027
160 I 0.047 0.022 0.021 0.022 0.013 0.017 0.025 0.027 0.041 0.16 0.13 0.028 0.027 0.108 0.093 0.046 0.036 0.007 0.033 0.097
161 D 0.053 0.095 0.078 0.119 0.01 0.052 0.079 0.041 0.02 0.035 0.044 0.08 0.014 0.017 0.06 0.068 0.06 0.005 0.015 0.053
162 I 0.05 0.082 0.021 0.021 0.014 0.022 0.028 0.025 0.012 0.174 0.16 0.061 0.03 0.035 0.016 0.032 0.047 0.006 0.019 0.147
163 S 0.11 0.04 0.054 0.049 0.018 0.033 0.053 0.066 0.019 0.03 0.042 0.054 0.016 0.021 0.03 0.218 0.082 0.005 0.018 0.042
164 D 0.046 0.052 0.087 0.118 0.01 0.067 0.071 0.039 0.02 0.074 0.083 0.111 0.019 0.022 0.021 0.047 0.038 0.005 0.016 0.054
165 G 0.055 0.036 0.104 0.039 0.011 0.041 0.037 0.192 0.017 0.067 0.106 0.06 0.02 0.025 0.018 0.046 0.037 0.005 0.016 0.069
166 K 0.057 0.107 0.042 0.042 0.009 0.054 0.071 0.043 0.021 0.028 0.043 0.278 0.016 0.016 0.028 0.054 0.04 0.005 0.017 0.033
167 D 0.041 0.03 0.069 0.397 0.008 0.03 0.091 0.047 0.019 0.022 0.028 0.045 0.009 0.015 0.022 0.052 0.035 0.004 0.011 0.024
168 N 0.043 0.051 0.165 0.147 0.008 0.036 0.08 0.048 0.023 0.025 0.038 0.11 0.012 0.047 0.021 0.054 0.039 0.005 0.02 0.028
169 Y 0.061 0.032 0.056 0.036 0.012 0.027 0.057 0.039 0.026 0.08 0.076 0.04 0.033 0.056 0.02 0.106 0.047 0.012 0.122 0.062
170 F 0.061 0.028 0.032 0.029 0.014 0.02 0.032 0.039 0.016 0.051 0.082 0.034 0.021 0.211 0.019 0.094 0.098 0.011 0.052 0.054
171 L 0.04 0.029 0.082 0.123 0.011 0.023 0.042 0.034 0.049 0.058 0.181 0.035 0.025 0.047 0.017 0.038 0.033 0.009 0.072 0.053
172 K 0.07 0.077 0.034 0.032 0.013 0.032 0.044 0.039 0.016 0.088 0.072 0.129 0.02 0.053 0.022 0.082 0.081 0.006 0.022 0.067
173 I 0.046 0.025 0.017 0.018 0.014 0.016 0.022 0.023 0.013 0.2 0.15 0.046 0.031 0.089 0.015 0.027 0.036 0.008 0.053 0.15
174 L 0.08 0.023 0.017 0.018 0.016 0.017 0.023 0.029 0.011 0.144 0.235 0.027 0.049 0.071 0.016 0.041 0.038 0.007 0.025 0.117
175 L 0.053 0.021 0.018 0.019 0.015 0.016 0.021 0.101 0.01 0.14 0.196 0.025 0.045 0.068 0.015 0.03 0.036 0.007 0.024 0.142
176 L 0.046 0.019 0.015 0.017 0.053 0.014 0.019 0.023 0.01 0.164 0.199 0.023 0.033 0.098 0.052 0.027 0.034 0.007 0.029 0.12
177 L 0.045 0.021 0.014 0.015 0.015 0.014 0.019 0.021 0.01 0.157 0.273 0.023 0.039 0.089 0.013 0.024 0.034 0.007 0.028 0.138
178 S 0.168 0.035 0.041 0.039 0.018 0.028 0.044 0.063 0.016 0.035 0.048 0.047 0.016 0.02 0.028 0.18 0.101 0.005 0.017 0.052
179 I 0.052 0.019 0.015 0.016 0.054 0.014 0.019 0.022 0.009 0.202 0.154 0.023 0.032 0.067 0.014 0.027 0.039 0.006 0.024 0.193
180 I 0.048 0.019 0.014 0.016 0.016 0.013 0.018 0.021 0.009 0.225 0.185 0.023 0.035 0.071 0.014 0.025 0.038 0.006 0.025 0.179
181 L 0.043 0.023 0.014 0.015 0.015 0.016 0.019 0.02 0.01 0.139 0.355 0.024 0.057 0.05 0.014 0.024 0.033 0.007 0.021 0.102
182 F 0.037 0.019 0.015 0.016 0.012 0.012 0.018 0.022 0.013 0.137 0.18 0.02 0.031 0.248 0.012 0.024 0.029 0.011 0.054 0.09
183 I 0.072 0.022 0.019 0.02 0.016 0.017 0.023 0.028 0.01 0.168 0.166 0.028 0.038 0.067 0.017 0.039 0.076 0.007 0.024 0.142
184 P 0.054 0.024 0.022 0.029 0.01 0.02 0.034 0.034 0.012 0.024 0.034 0.039 0.01 0.012 0.522 0.041 0.034 0.002 0.012 0.029
185 F 0.036 0.018 0.016 0.016 0.012 0.012 0.018 0.023 0.016 0.136 0.12 0.02 0.027 0.282 0.012 0.024 0.028 0.014 0.085 0.087
186 F 0.038 0.019 0.015 0.016 0.013 0.012 0.018 0.023 0.013 0.124 0.185 0.021 0.032 0.247 0.012 0.024 0.029 0.012 0.057 0.088
187 L 0.064 0.021 0.015 0.017 0.015 0.015 0.02 0.025 0.013 0.173 0.237 0.025 0.036 0.079 0.015 0.028 0.034 0.008 0.051 0.111
188 K 0.078 0.057 0.032 0.032 0.012 0.067 0.052 0.039 0.019 0.053 0.109 0.13 0.022 0.031 0.022 0.065 0.06 0.007 0.044 0.069
189 Y 0.048 0.032 0.128 0.041 0.01 0.025 0.036 0.041 0.033 0.034 0.053 0.038 0.016 0.098 0.018 0.076 0.04 0.015 0.178 0.038
190 L 0.039 0.02 0.016 0.016 0.012 0.015 0.02 0.022 0.018 0.158 0.159 0.023 0.029 0.122 0.013 0.025 0.031 0.052 0.111 0.098
191 R 0.055 0.126 0.089 0.072 0.009 0.052 0.053 0.119 0.02 0.023 0.036 0.105 0.013 0.016 0.06 0.066 0.039 0.005 0.015 0.029
192 Y 0.052 0.039 0.061 0.034 0.01 0.029 0.04 0.038 0.113 0.034 0.053 0.06 0.016 0.084 0.019 0.076 0.056 0.013 0.135 0.038
193 I 0.048 0.017 0.014 0.017 0.016 0.013 0.018 0.02 0.008 0.288 0.153 0.023 0.034 0.04 0.014 0.025 0.039 0.006 0.019 0.189
194 N 0.05 0.041 0.286 0.101 0.01 0.031 0.05 0.06 0.027 0.022 0.031 0.05 0.011 0.017 0.021 0.095 0.05 0.004 0.015 0.027
195 L 0.041 0.022 0.015 0.016 0.014 0.015 0.02 0.022 0.013 0.105 0.289 0.024 0.037 0.11 0.052 0.025 0.031 0.009 0.056 0.082
196 K 0.069 0.097 0.088 0.044 0.01 0.041 0.056 0.085 0.02 0.025 0.039 0.198 0.014 0.016 0.024 0.078 0.043 0.005 0.016 0.032
197 N 0.045 0.041 0.31 0.103 0.009 0.031 0.05 0.06 0.028 0.022 0.03 0.05 0.011 0.017 0.02 0.08 0.048 0.004 0.015 0.026
198 L 0.042 0.023 0.013 0.014 0.015 0.015 0.019 0.02 0.01 0.109 0.411 0.024 0.047 0.052 0.013 0.023 0.032 0.007 0.021 0.091
199 L 0.042 0.023 0.014 0.015 0.015 0.016 0.02 0.021 0.01 0.104 0.37 0.024 0.057 0.08 0.013 0.024 0.031 0.007 0.026 0.087
200 L 0.037 0.021 0.015 0.015 0.013 0.013 0.019 0.022 0.012 0.086 0.271 0.021 0.036 0.222 0.012 0.023 0.028 0.011 0.05 0.073
201 I 0.059 0.052 0.085 0.032 0.014 0.021 0.028 0.034 0.014 0.202 0.112 0.038 0.026 0.032 0.017 0.054 0.042 0.005 0.018 0.115
202 K 0.057 0.107 0.042 0.042 0.009 0.054 0.071 0.043 0.021 0.028 0.043 0.276 0.016 0.016 0.028 0.054 0.04 0.005 0.017 0.033
203 E 0.055 0.05 0.041 0.09 0.007 0.065 0.295 0.035 0.026 0.022 0.037 0.076 0.013 0.017 0.026 0.055 0.037 0.006 0.017 0.031
204 D 0.04 0.031 0.085 0.378 0.007 0.031 0.102 0.044 0.019 0.021 0.027 0.045 0.009 0.014 0.021 0.051 0.035 0.004 0.011 0.024
205 V 0.059 0.019 0.015 0.017 0.017 0.015 0.02 0.022 0.008 0.204 0.134 0.024 0.031 0.036 0.015 0.029 0.044 0.005 0.019 0.266
206 Y 0.043 0.027 0.023 0.02 0.009 0.021 0.028 0.026 0.042 0.04 0.063 0.031 0.017 0.115 0.016 0.047 0.03 0.025 0.33 0.044
207 D 0.045 0.044 0.053 0.262 0.007 0.073 0.144 0.04 0.021 0.022 0.032 0.077 0.012 0.014 0.022 0.051 0.035 0.004 0.014 0.027
208 T 0.07 0.034 0.041 0.036 0.017 0.026 0.038 0.042 0.013 0.049 0.061 0.043 0.018 0.022 0.026 0.094 0.281 0.006 0.017 0.066
209 R 0.042 0.382 0.037 0.029 0.007 0.046 0.049 0.031 0.022 0.022 0.044 0.113 0.015 0.016 0.018 0.042 0.033 0.005 0.016 0.029
210 A 0.152 0.032 0.032 0.031 0.017 0.042 0.04 0.09 0.015 0.055 0.109 0.043 0.022 0.025 0.023 0.106 0.068 0.005 0.017 0.076
211 D 0.078 0.028 0.036 0.119 0.014 0.023 0.044 0.039 0.018 0.063 0.113 0.036 0.022 0.042 0.02 0.078 0.062 0.008 0.069 0.09
212 F 0.043 0.023 0.035 0.027 0.011 0.017 0.047 0.03 0.017 0.071 0.095 0.027 0.022 0.299 0.014 0.055 0.033 0.013 0.063 0.057
213 R 0.048 0.27 0.065 0.066 0.008 0.043 0.054 0.038 0.022 0.023 0.041 0.122 0.014 0.016 0.02 0.062 0.038 0.005 0.016 0.029
214 G 0.08 0.035 0.11 0.055 0.011 0.033 0.104 0.199 0.019 0.026 0.037 0.048 0.012 0.017 0.022 0.062 0.075 0.005 0.014 0.035
215 I 0.065 0.026 0.052 0.03 0.015 0.02 0.03 0.037 0.013 0.159 0.103 0.033 0.025 0.061 0.019 0.102 0.051 0.006 0.023 0.13
216 N 0.057 0.05 0.142 0.05 0.01 0.051 0.05 0.09 0.027 0.027 0.04 0.093 0.014 0.035 0.021 0.087 0.045 0.008 0.072 0.032
217 G 0.055 0.031 0.109 0.07 0.012 0.024 0.038 0.118 0.046 0.065 0.068 0.038 0.031 0.055 0.019 0.065 0.059 0.006 0.024 0.068
218 P 0.086 0.03 0.058 0.037 0.013 0.023 0.037 0.084 0.015 0.033 0.047 0.041 0.014 0.048 0.177 0.097 0.092 0.005 0.02 0.042
219 L 0.043 0.02 0.015 0.016 0.014 0.014 0.019 0.021 0.015 0.173 0.192 0.023 0.033 0.114 0.013 0.025 0.033 0.011 0.082 0.124
220 L 0.052 0.023 0.021 0.021 0.016 0.017 0.023 0.026 0.011 0.16 0.168 0.028 0.045 0.067 0.017 0.04 0.095 0.007 0.024 0.139
221 G 0.091 0.027 0.086 0.04 0.011 0.022 0.031 0.392 0.016 0.021 0.03 0.037 0.01 0.016 0.02 0.07 0.036 0.005 0.012 0.028
222 Y 0.038 0.026 0.021 0.018 0.009 0.021 0.026 0.023 0.044 0.041 0.065 0.029 0.018 0.123 0.015 0.029 0.026 0.026 0.356 0.044
223 L 0.065 0.022 0.014 0.016 0.016 0.015 0.02 0.024 0.01 0.151 0.325 0.025 0.042 0.047 0.015 0.027 0.034 0.006 0.02 0.106
224 I 0.075 0.081 0.051 0.029 0.013 0.024 0.033 0.037 0.02 0.107 0.084 0.045 0.021 0.072 0.018 0.073 0.042 0.009 0.075 0.091
225 A 0.205 0.033 0.036 0.036 0.018 0.027 0.042 0.065 0.015 0.044 0.054 0.045 0.017 0.021 0.027 0.161 0.061 0.005 0.017 0.072
226 P 0.06 0.028 0.029 0.032 0.011 0.023 0.038 0.039 0.042 0.025 0.035 0.041 0.011 0.015 0.407 0.076 0.04 0.003 0.016 0.03
227 L 0.043 0.021 0.014 0.015 0.015 0.015 0.019 0.02 0.009 0.156 0.353 0.023 0.044 0.049 0.014 0.023 0.033 0.006 0.021 0.108
228 A 0.162 0.031 0.034 0.033 0.018 0.025 0.039 0.055 0.014 0.063 0.066 0.042 0.019 0.023 0.025 0.14 0.077 0.005 0.017 0.112
229 R 0.043 0.355 0.035 0.028 0.008 0.044 0.048 0.031 0.021 0.028 0.055 0.107 0.03 0.019 0.018 0.041 0.033 0.006 0.017 0.034
230 V 0.058 0.019 0.015 0.017 0.017 0.014 0.02 0.022 0.008 0.216 0.137 0.024 0.032 0.037 0.015 0.028 0.043 0.005 0.019 0.255
231 L 0.047 0.02 0.016 0.017 0.015 0.014 0.019 0.06 0.01 0.189 0.218 0.023 0.035 0.071 0.014 0.026 0.035 0.007 0.024 0.14
232 L 0.084 0.023 0.016 0.017 0.014 0.016 0.022 0.029 0.014 0.098 0.24 0.026 0.034 0.137 0.015 0.033 0.032 0.01 0.06 0.08
233 P 0.054 0.024 0.022 0.029 0.01 0.02 0.034 0.034 0.012 0.024 0.034 0.039 0.01 0.012 0.522 0.041 0.034 0.002 0.012 0.029
234 F 0.045 0.021 0.019 0.019 0.012 0.015 0.022 0.025 0.02 0.138 0.109 0.025 0.026 0.175 0.014 0.044 0.035 0.013 0.117 0.104
235 L 0.047 0.023 0.016 0.017 0.015 0.016 0.021 0.023 0.01 0.134 0.343 0.026 0.042 0.048 0.015 0.042 0.036 0.006 0.02 0.098
236 L 0.043 0.021 0.015 0.016 0.015 0.015 0.019 0.021 0.01 0.197 0.236 0.024 0.064 0.075 0.014 0.025 0.035 0.007 0.025 0.122
237 V 0.078 0.02 0.016 0.018 0.017 0.015 0.021 0.026 0.008 0.207 0.131 0.025 0.031 0.036 0.016 0.032 0.043 0.005 0.019 0.236
238 Y 0.042 0.098 0.052 0.029 0.009 0.03 0.039 0.031 0.028 0.056 0.065 0.109 0.018 0.102 0.018 0.038 0.032 0.014 0.142 0.048
239 S 0.072 0.042 0.063 0.039 0.013 0.028 0.043 0.087 0.018 0.034 0.054 0.083 0.016 0.111 0.022 0.144 0.053 0.007 0.031 0.039
240 L 0.044 0.022 0.015 0.016 0.014 0.016 0.02 0.022 0.011 0.16 0.221 0.025 0.062 0.047 0.013 0.025 0.034 0.086 0.027 0.121
241 E 0.05 0.046 0.056 0.052 0.01 0.041 0.153 0.033 0.047 0.07 0.098 0.091 0.02 0.025 0.021 0.044 0.037 0.005 0.02 0.079
242 K 0.055 0.092 0.1 0.049 0.009 0.059 0.08 0.044 0.024 0.026 0.04 0.161 0.014 0.024 0.023 0.076 0.043 0.007 0.042 0.032
243 K 0.053 0.123 0.039 0.038 0.008 0.05 0.065 0.04 0.02 0.026 0.041 0.303 0.015 0.015 0.025 0.05 0.037 0.005 0.016 0.031
244 K 0.05 0.157 0.063 0.041 0.008 0.08 0.066 0.04 0.022 0.025 0.041 0.215 0.015 0.015 0.023 0.05 0.037 0.005 0.017 0.03
245 Y 0.037 0.032 0.022 0.02 0.008 0.022 0.03 0.027 0.06 0.037 0.061 0.05 0.017 0.115 0.014 0.03 0.026 0.137 0.219 0.038
246 F 0.043 0.04 0.047 0.026 0.011 0.023 0.032 0.03 0.017 0.111 0.114 0.093 0.024 0.115 0.016 0.034 0.033 0.049 0.06 0.082
247 L 0.052 0.033 0.024 0.023 0.013 0.024 0.03 0.03 0.02 0.071 0.198 0.054 0.057 0.058 0.018 0.061 0.057 0.011 0.097 0.067
248 F 0.084 0.027 0.027 0.026 0.016 0.02 0.03 0.038 0.014 0.079 0.117 0.033 0.038 0.12 0.019 0.091 0.065 0.008 0.034 0.117
249 L 0.102 0.025 0.023 0.024 0.016 0.019 0.028 0.037 0.012 0.133 0.159 0.031 0.029 0.064 0.019 0.08 0.046 0.006 0.024 0.125
250 L 0.043 0.02 0.014 0.016 0.015 0.013 0.018 0.021 0.01 0.183 0.245 0.022 0.037 0.103 0.013 0.024 0.034 0.008 0.03 0.131
251 G 0.069 0.026 0.032 0.029 0.013 0.021 0.03 0.154 0.018 0.084 0.07 0.034 0.019 0.07 0.019 0.105 0.046 0.009 0.073 0.078
252 L 0.069 0.022 0.019 0.02 0.015 0.016 0.023 0.028 0.011 0.136 0.191 0.027 0.032 0.112 0.016 0.038 0.073 0.008 0.032 0.112
253 L 0.049 0.02 0.018 0.018 0.014 0.014 0.02 0.085 0.011 0.138 0.186 0.024 0.032 0.131 0.014 0.029 0.034 0.009 0.036 0.119
254 F 0.052 0.022 0.022 0.021 0.051 0.015 0.022 0.106 0.013 0.067 0.14 0.025 0.038 0.182 0.014 0.048 0.033 0.01 0.042 0.075
255 I 0.068 0.023 0.017 0.018 0.016 0.019 0.022 0.026 0.011 0.192 0.18 0.028 0.101 0.042 0.015 0.032 0.038 0.006 0.021 0.122
256 I 0.047 0.018 0.014 0.016 0.016 0.013 0.018 0.02 0.008 0.263 0.193 0.023 0.036 0.042 0.014 0.024 0.038 0.006 0.02 0.172
257 L 0.072 0.024 0.018 0.019 0.016 0.018 0.023 0.028 0.011 0.116 0.296 0.028 0.052 0.044 0.016 0.047 0.038 0.006 0.02 0.107
258 F 0.038 0.023 0.017 0.017 0.011 0.016 0.022 0.023 0.025 0.082 0.148 0.025 0.04 0.192 0.013 0.027 0.028 0.017 0.169 0.066
259 I 0.044 0.019 0.015 0.016 0.014 0.013 0.018 0.022 0.011 0.179 0.176 0.022 0.033 0.159 0.013 0.025 0.034 0.009 0.039 0.142
260 Y 0.038 0.023 0.017 0.016 0.011 0.017 0.022 0.023 0.027 0.066 0.181 0.025 0.028 0.17 0.013 0.026 0.027 0.018 0.19 0.06
261 L 0.043 0.023 0.014 0.015 0.015 0.016 0.02 0.021 0.01 0.108 0.394 0.025 0.059 0.051 0.014 0.024 0.032 0.007 0.021 0.09
262 C 0.079 0.027 0.123 0.038 0.244 0.021 0.03 0.045 0.016 0.043 0.054 0.034 0.015 0.02 0.018 0.067 0.043 0.004 0.014 0.065
263 G 0.076 0.023 0.038 0.033 0.011 0.019 0.026 0.501 0.013 0.019 0.028 0.033 0.009 0.016 0.019 0.065 0.032 0.005 0.011 0.024
264 A 0.33 0.029 0.024 0.028 0.02 0.024 0.038 0.074 0.014 0.041 0.056 0.042 0.017 0.02 0.028 0.08 0.047 0.005 0.017 0.065
265 L 0.053 0.022 0.016 0.017 0.016 0.016 0.021 0.023 0.009 0.138 0.254 0.025 0.037 0.042 0.015 0.031 0.058 0.006 0.02 0.179
266 K 0.054 0.101 0.039 0.039 0.008 0.05 0.067 0.041 0.02 0.026 0.041 0.319 0.015 0.015 0.026 0.05 0.037 0.005 0.016 0.031
267 S 0.104 0.038 0.051 0.046 0.017 0.031 0.049 0.063 0.018 0.028 0.04 0.051 0.015 0.02 0.028 0.264 0.077 0.005 0.017 0.04
268 I 0.054 0.019 0.015 0.017 0.017 0.014 0.019 0.021 0.008 0.24 0.142 0.023 0.032 0.038 0.015 0.027 0.042 0.005 0.019 0.233
269 F 0.036 0.02 0.015 0.016 0.012 0.013 0.019 0.023 0.014 0.078 0.207 0.021 0.045 0.279 0.011 0.024 0.027 0.012 0.06 0.067
270 I 0.046 0.018 0.015 0.017 0.015 0.014 0.018 0.021 0.009 0.264 0.154 0.023 0.047 0.071 0.014 0.025 0.037 0.006 0.025 0.163
271 G 0.074 0.022 0.037 0.032 0.01 0.018 0.024 0.538 0.013 0.018 0.027 0.032 0.009 0.015 0.018 0.048 0.028 0.005 0.01 0.023
272 L 0.111 0.024 0.018 0.019 0.016 0.018 0.024 0.073 0.012 0.097 0.239 0.029 0.047 0.069 0.017 0.039 0.035 0.007 0.024 0.082
273 L 0.04 0.018 0.014 0.016 0.014 0.012 0.018 0.021 0.011 0.197 0.203 0.021 0.035 0.146 0.013 0.024 0.032 0.009 0.037 0.118
274 A 0.268 0.028 0.024 0.026 0.019 0.022 0.034 0.102 0.013 0.053 0.086 0.038 0.019 0.023 0.025 0.07 0.044 0.005 0.017 0.083
275 L 0.144 0.025 0.02 0.022 0.056 0.019 0.028 0.042 0.011 0.091 0.158 0.031 0.027 0.032 0.02 0.063 0.045 0.005 0.018 0.144
276 L 0.048 0.02 0.014 0.016 0.016 0.014 0.019 0.021 0.009 0.194 0.224 0.023 0.036 0.072 0.014 0.025 0.037 0.007 0.025 0.168
277 L 0.065 0.021 0.016 0.017 0.014 0.014 0.02 0.046 0.012 0.122 0.203 0.024 0.032 0.158 0.014 0.03 0.033 0.009 0.039 0.111
278 F 0.032 0.018 0.016 0.016 0.01 0.01 0.018 0.024 0.016 0.06 0.108 0.018 0.024 0.422 0.01 0.024 0.024 0.016 0.084 0.052
279 Y 0.038 0.025 0.02 0.017 0.009 0.019 0.025 0.023 0.039 0.048 0.095 0.028 0.02 0.141 0.014 0.029 0.027 0.024 0.31 0.048
280 R 0.067 0.123 0.029 0.027 0.01 0.03 0.039 0.072 0.019 0.057 0.068 0.114 0.018 0.12 0.018 0.041 0.032 0.009 0.058 0.049
281 G 0.061 0.02 0.03 0.027 0.01 0.015 0.022 0.38 0.014 0.031 0.052 0.028 0.014 0.14 0.015 0.041 0.027 0.008 0.033 0.032
282 D 0.051 0.108 0.097 0.164 0.01 0.035 0.06 0.045 0.02 0.027 0.038 0.09 0.013 0.017 0.022 0.073 0.079 0.005 0.014 0.034
283 R 0.044 0.196 0.179 0.057 0.008 0.041 0.051 0.049 0.027 0.023 0.039 0.087 0.013 0.018 0.02 0.057 0.042 0.005 0.017 0.029
284 Y 0.037 0.026 0.02 0.017 0.009 0.02 0.026 0.024 0.042 0.04 0.063 0.029 0.017 0.118 0.014 0.029 0.026 0.064 0.334 0.043
285 K 0.048 0.104 0.058 0.035 0.01 0.068 0.052 0.035 0.053 0.055 0.082 0.109 0.02 0.038 0.02 0.051 0.036 0.009 0.073 0.047
286 D 0.047 0.072 0.038 0.122 0.009 0.047 0.055 0.073 0.019 0.066 0.061 0.108 0.017 0.058 0.019 0.042 0.034 0.007 0.047 0.058
287 K 0.054 0.101 0.039 0.039 0.008 0.05 0.067 0.041 0.02 0.026 0.041 0.319 0.015 0.015 0.026 0.05 0.037 0.005 0.016 0.031
288 N 0.049 0.039 0.128 0.043 0.05 0.043 0.041 0.041 0.019 0.06 0.085 0.063 0.019 0.053 0.058 0.053 0.077 0.006 0.021 0.053
289 I 0.053 0.048 0.029 0.028 0.012 0.029 0.039 0.032 0.043 0.127 0.123 0.119 0.025 0.045 0.02 0.056 0.058 0.006 0.023 0.083
290 L 0.042 0.051 0.069 0.027 0.013 0.019 0.025 0.048 0.015 0.14 0.176 0.034 0.036 0.096 0.015 0.033 0.035 0.007 0.029 0.091
291 F 0.034 0.02 0.016 0.016 0.011 0.012 0.019 0.023 0.017 0.067 0.17 0.02 0.028 0.285 0.011 0.024 0.026 0.053 0.089 0.058
292 L 0.052 0.029 0.021 0.021 0.015 0.019 0.026 0.027 0.011 0.132 0.222 0.049 0.034 0.069 0.017 0.05 0.058 0.007 0.024 0.117
293 L 0.082 0.042 0.024 0.024 0.052 0.025 0.034 0.034 0.018 0.077 0.135 0.096 0.024 0.059 0.019 0.043 0.055 0.009 0.072 0.075
294 L 0.08 0.025 0.023 0.022 0.015 0.02 0.026 0.129 0.012 0.084 0.194 0.031 0.063 0.036 0.017 0.054 0.039 0.006 0.018 0.105
295 L 0.047 0.022 0.015 0.017 0.015 0.017 0.02 0.022 0.011 0.172 0.214 0.025 0.076 0.073 0.014 0.027 0.037 0.007 0.026 0.144
296 F 0.081 0.029 0.069 0.035 0.013 0.022 0.033 0.082 0.019 0.06 0.068 0.036 0.018 0.122 0.02 0.098 0.073 0.009 0.058 0.055
297 I 0.071 0.02 0.019 0.02 0.014 0.015 0.021 0.105 0.011 0.163 0.15 0.025 0.035 0.095 0.015 0.033 0.035 0.007 0.028 0.118
298 L 0.049 0.022 0.017 0.018 0.016 0.017 0.021 0.023 0.01 0.172 0.236 0.026 0.057 0.043 0.015 0.031 0.056 0.006 0.02 0.146
299 S 0.071 0.029 0.035 0.032 0.053 0.022 0.034 0.043 0.015 0.048 0.091 0.037 0.02 0.115 0.021 0.132 0.107 0.008 0.032 0.054
300 I 0.043 0.02 0.017 0.017 0.014 0.014 0.02 0.023 0.011 0.169 0.167 0.023 0.031 0.13 0.013 0.029 0.052 0.048 0.038 0.121
301 L 0.053 0.021 0.021 0.021 0.014 0.015 0.022 0.104 0.012 0.13 0.139 0.025 0.027 0.138 0.015 0.047 0.036 0.008 0.035 0.117
302 G 0.088 0.029 0.043 0.038 0.013 0.024 0.036 0.318 0.015 0.023 0.033 0.041 0.012 0.017 0.023 0.148 0.051 0.005 0.013 0.031
303 L 0.043 0.021 0.016 0.017 0.015 0.014 0.019 0.022 0.01 0.175 0.24 0.024 0.036 0.102 0.014 0.028 0.052 0.008 0.03 0.112
304 L 0.045 0.02 0.014 0.016 0.015 0.014 0.019 0.021 0.01 0.179 0.233 0.023 0.036 0.102 0.013 0.025 0.035 0.007 0.03 0.145
305 L 0.114 0.031 0.023 0.032 0.015 0.044 0.079 0.037 0.014 0.107 0.165 0.041 0.042 0.033 0.02 0.044 0.039 0.006 0.019 0.099
306 Y 0.052 0.031 0.066 0.035 0.01 0.026 0.056 0.036 0.034 0.036 0.057 0.038 0.016 0.106 0.018 0.08 0.039 0.017 0.204 0.041
307 Y 0.055 0.041 0.081 0.036 0.011 0.027 0.038 0.078 0.024 0.049 0.082 0.08 0.018 0.076 0.019 0.077 0.05 0.011 0.1 0.047
308 L 0.044 0.02 0.014 0.015 0.014 0.014 0.019 0.021 0.011 0.136 0.258 0.022 0.037 0.133 0.013 0.025 0.033 0.008 0.035 0.127
309 F 0.06 0.029 0.057 0.033 0.013 0.021 0.033 0.042 0.017 0.043 0.069 0.035 0.019 0.177 0.018 0.111 0.083 0.049 0.046 0.047
310 G 0.065 0.029 0.079 0.104 0.01 0.026 0.063 0.312 0.017 0.021 0.03 0.041 0.01 0.016 0.02 0.069 0.045 0.005 0.012 0.027
311 N 0.05 0.042 0.271 0.07 0.01 0.032 0.046 0.059 0.028 0.031 0.049 0.05 0.031 0.021 0.02 0.084 0.05 0.005 0.016 0.035
312 L 0.062 0.034 0.055 0.032 0.015 0.024 0.034 0.038 0.014 0.131 0.136 0.057 0.026 0.031 0.02 0.094 0.085 0.005 0.018 0.089
313 F 0.037 0.022 0.019 0.018 0.011 0.015 0.022 0.025 0.024 0.057 0.114 0.024 0.023 0.271 0.013 0.03 0.046 0.018 0.158 0.054
314 L 0.045 0.04 0.019 0.021 0.014 0.023 0.03 0.025 0.012 0.137 0.267 0.092 0.037 0.041 0.016 0.029 0.034 0.006 0.02 0.094
315 L 0.047 0.021 0.016 0.017 0.016 0.015 0.02 0.022 0.009 0.194 0.255 0.025 0.038 0.044 0.015 0.029 0.055 0.006 0.02 0.138
316 D 0.129 0.03 0.075 0.28 0.011 0.027 0.068 0.055 0.017 0.027 0.036 0.043 0.011 0.016 0.023 0.06 0.039 0.004 0.013 0.036
317 D 0.08 0.033 0.042 0.154 0.012 0.026 0.051 0.12 0.016 0.043 0.058 0.059 0.029 0.051 0.021 0.08 0.041 0.006 0.02 0.059
318 F 0.034 0.021 0.017 0.016 0.01 0.013 0.021 0.024 0.025 0.054 0.094 0.021 0.022 0.33 0.011 0.026 0.025 0.019 0.168 0.049
319 L 0.051 0.021 0.016 0.018 0.016 0.015 0.02 0.022 0.009 0.201 0.211 0.025 0.036 0.041 0.015 0.03 0.057 0.006 0.02 0.172
320 R 0.042 0.382 0.037 0.029 0.007 0.046 0.049 0.031 0.022 0.022 0.044 0.113 0.015 0.016 0.018 0.042 0.033 0.005 0.016 0.029
