#Seq2Logo.py -f /work3/idamei/ssn-clusterings/clustering/2205181304/clusters/0009_312/sequences.afa -o /work3/idamei/ssn-clusterings/clustering/2205181304/clusters/0009_312/sequences.logo
#Position Specific Frequency Matrix
A R N D C Q E G H I L K M F P S T W Y V
0 L 0.051 0.031 0.02 0.02 0.016 0.028 0.028 0.028 0.016 0.098 0.193 0.035 0.177 0.047 0.016 0.035 0.039 0.008 0.024 0.091
1 F 0.034 0.019 0.017 0.017 0.011 0.011 0.019 0.025 0.017 0.063 0.113 0.019 0.025 0.392 0.011 0.025 0.025 0.017 0.088 0.055
2 L 0.044 0.024 0.014 0.015 0.016 0.016 0.02 0.021 0.01 0.113 0.388 0.025 0.049 0.054 0.014 0.024 0.033 0.007 0.022 0.094
3 Y 0.045 0.026 0.02 0.018 0.011 0.02 0.027 0.024 0.038 0.066 0.079 0.03 0.021 0.11 0.015 0.031 0.032 0.023 0.269 0.093
4 L 0.044 0.024 0.014 0.015 0.016 0.016 0.02 0.021 0.01 0.113 0.388 0.025 0.049 0.054 0.014 0.024 0.033 0.007 0.022 0.094
5 L 0.042 0.023 0.014 0.015 0.015 0.015 0.02 0.022 0.011 0.103 0.333 0.024 0.044 0.123 0.013 0.024 0.031 0.009 0.035 0.086
6 L 0.054 0.021 0.018 0.019 0.111 0.015 0.021 0.028 0.011 0.123 0.164 0.025 0.03 0.109 0.015 0.045 0.039 0.008 0.032 0.113
7 L 0.076 0.022 0.02 0.021 0.016 0.016 0.022 0.126 0.01 0.144 0.164 0.027 0.03 0.051 0.017 0.036 0.038 0.006 0.021 0.136
8 I 0.054 0.02 0.019 0.021 0.016 0.015 0.021 0.026 0.01 0.255 0.15 0.027 0.034 0.041 0.016 0.05 0.044 0.006 0.02 0.157
9 T 0.066 0.033 0.037 0.032 0.017 0.025 0.035 0.038 0.013 0.064 0.129 0.041 0.025 0.029 0.024 0.077 0.216 0.006 0.018 0.075
10 L 0.041 0.022 0.015 0.015 0.014 0.014 0.019 0.022 0.012 0.099 0.311 0.023 0.042 0.15 0.013 0.024 0.031 0.01 0.04 0.083
11 L 0.096 0.023 0.016 0.018 0.017 0.017 0.023 0.032 0.01 0.147 0.259 0.028 0.039 0.044 0.017 0.036 0.038 0.006 0.02 0.111
12 F 0.036 0.019 0.016 0.017 0.011 0.011 0.019 0.024 0.015 0.093 0.14 0.02 0.028 0.329 0.011 0.025 0.027 0.015 0.074 0.071
13 L 0.051 0.024 0.016 0.017 0.016 0.018 0.021 0.023 0.01 0.154 0.252 0.027 0.068 0.047 0.015 0.028 0.038 0.007 0.022 0.147
14 I 0.053 0.021 0.016 0.018 0.017 0.017 0.021 0.023 0.01 0.213 0.16 0.026 0.063 0.042 0.015 0.029 0.042 0.006 0.021 0.188
15 L 0.041 0.021 0.015 0.016 0.014 0.014 0.019 0.022 0.012 0.131 0.255 0.022 0.039 0.162 0.013 0.024 0.031 0.01 0.042 0.097
16 N 0.042 0.044 0.33 0.081 0.009 0.033 0.048 0.064 0.031 0.022 0.031 0.053 0.011 0.018 0.02 0.068 0.048 0.004 0.015 0.026
17 F 0.038 0.022 0.017 0.016 0.012 0.014 0.021 0.024 0.02 0.075 0.191 0.023 0.031 0.234 0.013 0.026 0.028 0.016 0.115 0.065
18 K 0.105 0.074 0.032 0.033 0.013 0.04 0.054 0.045 0.017 0.051 0.094 0.189 0.021 0.023 0.025 0.054 0.041 0.005 0.018 0.067
19 I 0.047 0.019 0.015 0.017 0.015 0.014 0.019 0.023 0.01 0.209 0.135 0.023 0.031 0.045 0.013 0.026 0.038 0.105 0.03 0.167
20 T 0.071 0.03 0.034 0.031 0.016 0.023 0.034 0.04 0.014 0.071 0.082 0.037 0.022 0.1 0.022 0.095 0.135 0.008 0.032 0.103
21 K 0.049 0.075 0.116 0.124 0.008 0.043 0.068 0.048 0.022 0.025 0.037 0.185 0.013 0.016 0.024 0.056 0.04 0.005 0.015 0.029
22 K 0.048 0.058 0.028 0.027 0.011 0.033 0.043 0.032 0.023 0.054 0.102 0.134 0.051 0.107 0.019 0.039 0.034 0.012 0.093 0.053
23 D 0.04 0.029 0.068 0.409 0.007 0.029 0.09 0.046 0.018 0.022 0.027 0.044 0.009 0.015 0.022 0.051 0.035 0.004 0.011 0.024
24 Y 0.038 0.026 0.019 0.017 0.01 0.019 0.025 0.025 0.032 0.054 0.128 0.028 0.024 0.1 0.013 0.028 0.027 0.118 0.216 0.052
25 L 0.048 0.028 0.017 0.018 0.016 0.023 0.024 0.025 0.013 0.104 0.271 0.031 0.126 0.05 0.015 0.031 0.037 0.007 0.023 0.092
26 H 0.047 0.043 0.05 0.037 0.009 0.035 0.05 0.038 0.297 0.028 0.043 0.045 0.016 0.029 0.02 0.051 0.073 0.007 0.048 0.032
27 P 0.056 0.025 0.023 0.03 0.01 0.02 0.035 0.035 0.013 0.025 0.035 0.04 0.01 0.013 0.503 0.043 0.035 0.003 0.013 0.03
28 S 0.152 0.034 0.039 0.039 0.017 0.028 0.045 0.062 0.016 0.032 0.045 0.048 0.015 0.019 0.124 0.154 0.063 0.005 0.016 0.046
29 V 0.058 0.022 0.018 0.02 0.015 0.016 0.024 0.026 0.011 0.119 0.108 0.027 0.026 0.104 0.112 0.033 0.041 0.007 0.032 0.182
30 L 0.045 0.021 0.014 0.016 0.016 0.015 0.019 0.021 0.009 0.182 0.298 0.024 0.044 0.05 0.014 0.024 0.035 0.006 0.021 0.126
31 F 0.034 0.02 0.018 0.017 0.01 0.013 0.02 0.025 0.022 0.058 0.103 0.021 0.024 0.345 0.011 0.026 0.025 0.019 0.136 0.052
32 C 0.072 0.022 0.025 0.024 0.303 0.018 0.025 0.038 0.011 0.066 0.07 0.029 0.018 0.023 0.019 0.082 0.064 0.005 0.014 0.072
33 F 0.144 0.023 0.02 0.022 0.015 0.017 0.027 0.045 0.015 0.076 0.095 0.029 0.023 0.205 0.018 0.049 0.037 0.011 0.051 0.078
34 A 0.114 0.03 0.028 0.028 0.017 0.024 0.034 0.044 0.013 0.076 0.096 0.039 0.051 0.028 0.08 0.072 0.09 0.006 0.019 0.109
35 F 0.033 0.019 0.017 0.017 0.01 0.01 0.019 0.025 0.017 0.062 0.112 0.019 0.025 0.399 0.01 0.025 0.025 0.017 0.087 0.054
36 F 0.036 0.02 0.016 0.016 0.012 0.012 0.019 0.024 0.015 0.074 0.178 0.02 0.031 0.316 0.011 0.025 0.027 0.014 0.071 0.064
37 V 0.058 0.02 0.015 0.017 0.113 0.015 0.02 0.024 0.009 0.153 0.174 0.024 0.033 0.037 0.015 0.031 0.041 0.006 0.019 0.178
38 Y 0.102 0.026 0.023 0.022 0.109 0.02 0.028 0.04 0.026 0.044 0.068 0.031 0.018 0.109 0.019 0.059 0.037 0.015 0.15 0.053
39 G 0.129 0.035 0.041 0.049 0.014 0.034 0.095 0.17 0.018 0.028 0.04 0.051 0.014 0.019 0.026 0.124 0.053 0.005 0.015 0.04
40 L 0.117 0.024 0.018 0.02 0.017 0.017 0.026 0.038 0.012 0.089 0.209 0.029 0.033 0.111 0.018 0.042 0.038 0.008 0.033 0.101
41 L 0.056 0.023 0.016 0.017 0.017 0.017 0.022 0.024 0.01 0.143 0.237 0.027 0.05 0.044 0.016 0.031 0.049 0.006 0.021 0.175
42 C 0.114 0.02 0.019 0.02 0.38 0.015 0.022 0.042 0.01 0.043 0.062 0.026 0.016 0.02 0.019 0.056 0.04 0.004 0.013 0.058
43 V 0.129 0.024 0.018 0.02 0.019 0.018 0.027 0.038 0.01 0.123 0.162 0.03 0.031 0.035 0.019 0.045 0.045 0.006 0.02 0.181
44 L 0.047 0.022 0.015 0.016 0.015 0.015 0.02 0.022 0.011 0.126 0.263 0.024 0.039 0.118 0.014 0.026 0.035 0.008 0.034 0.13
45 G 0.081 0.031 0.091 0.05 0.107 0.03 0.086 0.198 0.018 0.027 0.04 0.043 0.012 0.018 0.02 0.055 0.037 0.005 0.013 0.036
46 E 0.122 0.117 0.035 0.051 0.011 0.047 0.135 0.047 0.021 0.029 0.045 0.118 0.015 0.018 0.025 0.06 0.04 0.005 0.017 0.041
47 K 0.061 0.069 0.1 0.061 0.01 0.048 0.12 0.048 0.023 0.025 0.038 0.154 0.014 0.017 0.026 0.085 0.047 0.005 0.017 0.032
48 A 0.135 0.051 0.038 0.039 0.014 0.036 0.07 0.052 0.087 0.036 0.05 0.096 0.016 0.022 0.026 0.068 0.084 0.006 0.025 0.049
49 F 0.037 0.024 0.019 0.018 0.01 0.017 0.024 0.025 0.034 0.051 0.085 0.026 0.021 0.237 0.013 0.028 0.026 0.023 0.234 0.049
50 A 0.199 0.037 0.026 0.033 0.016 0.044 0.064 0.06 0.017 0.036 0.054 0.055 0.017 0.028 0.024 0.065 0.041 0.105 0.027 0.053
51 I 0.051 0.018 0.015 0.017 0.016 0.014 0.018 0.021 0.009 0.261 0.157 0.024 0.035 0.042 0.015 0.026 0.041 0.006 0.02 0.195
52 E 0.067 0.102 0.04 0.05 0.013 0.041 0.118 0.04 0.019 0.051 0.057 0.067 0.017 0.021 0.024 0.093 0.091 0.005 0.017 0.066
53 L 0.041 0.023 0.016 0.017 0.014 0.016 0.021 0.024 0.014 0.09 0.238 0.024 0.065 0.19 0.013 0.027 0.031 0.011 0.048 0.077
54 H 0.042 0.039 0.045 0.033 0.009 0.033 0.045 0.034 0.296 0.075 0.063 0.041 0.019 0.033 0.018 0.038 0.029 0.007 0.049 0.053
55 P 0.063 0.034 0.031 0.039 0.012 0.044 0.074 0.039 0.016 0.043 0.108 0.048 0.02 0.023 0.215 0.08 0.044 0.005 0.016 0.046
56 E 0.106 0.038 0.032 0.059 0.012 0.043 0.178 0.042 0.019 0.038 0.048 0.057 0.015 0.018 0.121 0.056 0.04 0.005 0.016 0.058
57 T 0.072 0.035 0.043 0.037 0.017 0.027 0.039 0.043 0.014 0.052 0.064 0.045 0.019 0.023 0.027 0.091 0.261 0.006 0.017 0.07
58 V 0.061 0.021 0.016 0.017 0.018 0.016 0.021 0.023 0.008 0.18 0.166 0.025 0.034 0.039 0.016 0.03 0.045 0.006 0.02 0.239
59 L 0.05 0.021 0.019 0.02 0.014 0.015 0.02 0.121 0.011 0.159 0.204 0.025 0.034 0.07 0.015 0.029 0.034 0.007 0.024 0.109
60 V 0.069 0.021 0.016 0.017 0.019 0.016 0.023 0.024 0.008 0.161 0.128 0.026 0.031 0.035 0.016 0.032 0.048 0.005 0.02 0.283
61 I 0.047 0.018 0.015 0.017 0.015 0.013 0.018 0.022 0.01 0.221 0.148 0.023 0.033 0.113 0.014 0.026 0.038 0.008 0.034 0.167
62 T 0.071 0.03 0.034 0.031 0.016 0.023 0.034 0.04 0.014 0.071 0.082 0.037 0.022 0.1 0.022 0.095 0.135 0.008 0.032 0.103
63 V 0.119 0.026 0.025 0.026 0.018 0.021 0.031 0.042 0.012 0.136 0.104 0.034 0.026 0.031 0.021 0.082 0.053 0.005 0.019 0.17
64 G 0.127 0.03 0.039 0.036 0.015 0.024 0.036 0.245 0.015 0.032 0.044 0.041 0.014 0.019 0.024 0.102 0.09 0.005 0.015 0.045
65 L 0.056 0.024 0.016 0.016 0.091 0.017 0.022 0.026 0.017 0.085 0.259 0.026 0.036 0.062 0.015 0.03 0.033 0.011 0.082 0.077
66 L 0.099 0.022 0.017 0.019 0.016 0.016 0.024 0.033 0.012 0.133 0.17 0.027 0.032 0.11 0.017 0.038 0.039 0.008 0.033 0.134
67 I 0.056 0.022 0.02 0.021 0.017 0.016 0.023 0.025 0.009 0.214 0.137 0.028 0.032 0.038 0.017 0.039 0.085 0.006 0.02 0.175
68 F 0.034 0.019 0.016 0.016 0.011 0.011 0.019 0.025 0.016 0.066 0.134 0.019 0.027 0.371 0.011 0.025 0.026 0.016 0.082 0.057
69 T 0.078 0.033 0.042 0.037 0.016 0.026 0.04 0.048 0.016 0.045 0.064 0.043 0.019 0.097 0.025 0.135 0.142 0.008 0.031 0.055
70 L 0.056 0.025 0.022 0.022 0.015 0.018 0.025 0.03 0.012 0.125 0.241 0.029 0.037 0.086 0.017 0.066 0.043 0.008 0.028 0.095
71 V 0.06 0.023 0.017 0.018 0.017 0.018 0.023 0.024 0.01 0.156 0.144 0.027 0.06 0.068 0.015 0.031 0.044 0.007 0.026 0.213
72 T 0.08 0.039 0.049 0.041 0.015 0.031 0.046 0.051 0.086 0.037 0.049 0.048 0.017 0.023 0.026 0.139 0.142 0.006 0.025 0.049
73 L 0.038 0.023 0.016 0.016 0.012 0.016 0.022 0.024 0.019 0.072 0.201 0.024 0.031 0.139 0.012 0.025 0.028 0.112 0.106 0.064
74 L 0.046 0.021 0.016 0.017 0.053 0.015 0.02 0.022 0.016 0.176 0.191 0.025 0.034 0.061 0.015 0.027 0.035 0.01 0.082 0.119
75 C 0.08 0.025 0.026 0.025 0.111 0.018 0.027 0.038 0.013 0.096 0.09 0.031 0.022 0.101 0.019 0.071 0.086 0.007 0.031 0.081
76 R 0.054 0.137 0.036 0.044 0.01 0.103 0.113 0.034 0.022 0.051 0.06 0.082 0.019 0.02 0.021 0.047 0.039 0.006 0.019 0.082
77 I 0.065 0.044 0.033 0.032 0.013 0.029 0.04 0.039 0.021 0.104 0.082 0.088 0.022 0.047 0.022 0.093 0.057 0.01 0.081 0.078
78 L 0.049 0.117 0.031 0.03 0.011 0.073 0.053 0.032 0.021 0.057 0.146 0.11 0.026 0.036 0.02 0.041 0.036 0.008 0.044 0.061
79 Y 0.099 0.033 0.092 0.068 0.013 0.026 0.041 0.048 0.028 0.039 0.054 0.041 0.016 0.055 0.022 0.062 0.083 0.012 0.117 0.049
80 K 0.05 0.137 0.099 0.048 0.008 0.083 0.068 0.044 0.025 0.025 0.041 0.169 0.015 0.016 0.023 0.054 0.04 0.005 0.017 0.031
81 N 0.043 0.045 0.318 0.083 0.009 0.034 0.049 0.065 0.031 0.022 0.031 0.054 0.011 0.018 0.02 0.07 0.049 0.004 0.016 0.027
82 K 0.057 0.107 0.042 0.042 0.009 0.054 0.071 0.043 0.021 0.028 0.043 0.278 0.016 0.016 0.028 0.054 0.04 0.005 0.017 0.033
83 K 0.062 0.072 0.04 0.05 0.01 0.085 0.118 0.041 0.022 0.042 0.05 0.158 0.017 0.018 0.025 0.073 0.044 0.005 0.018 0.049
84 I 0.059 0.045 0.032 0.031 0.015 0.028 0.038 0.034 0.013 0.13 0.095 0.096 0.024 0.029 0.023 0.058 0.128 0.006 0.018 0.098
85 E 0.062 0.037 0.093 0.053 0.013 0.034 0.102 0.041 0.019 0.064 0.087 0.049 0.02 0.025 0.022 0.072 0.089 0.005 0.018 0.094
86 N 0.098 0.036 0.102 0.041 0.051 0.042 0.043 0.048 0.089 0.081 0.068 0.044 0.019 0.026 0.02 0.054 0.041 0.006 0.025 0.066
87 L 0.045 0.024 0.014 0.015 0.016 0.016 0.02 0.021 0.01 0.115 0.375 0.025 0.05 0.055 0.014 0.024 0.033 0.007 0.022 0.096
88 K 0.057 0.107 0.042 0.042 0.009 0.054 0.071 0.043 0.021 0.028 0.043 0.278 0.016 0.016 0.028 0.054 0.04 0.005 0.017 0.033
89 D 0.041 0.03 0.069 0.397 0.008 0.03 0.091 0.047 0.019 0.022 0.028 0.045 0.009 0.015 0.022 0.052 0.035 0.004 0.011 0.024
90 N 0.043 0.041 0.267 0.072 0.01 0.031 0.044 0.058 0.028 0.038 0.089 0.049 0.018 0.024 0.019 0.062 0.047 0.005 0.017 0.038
91 K 0.055 0.119 0.045 0.044 0.01 0.043 0.101 0.035 0.019 0.052 0.058 0.131 0.017 0.02 0.061 0.047 0.039 0.005 0.017 0.081
92 F 0.042 0.096 0.086 0.035 0.01 0.041 0.038 0.034 0.022 0.086 0.084 0.053 0.022 0.123 0.016 0.04 0.036 0.01 0.06 0.065
93 A 0.1 0.047 0.091 0.07 0.013 0.032 0.047 0.049 0.019 0.064 0.082 0.092 0.048 0.025 0.041 0.056 0.042 0.005 0.018 0.06
94 P 0.064 0.03 0.087 0.039 0.014 0.023 0.035 0.042 0.016 0.084 0.107 0.039 0.022 0.027 0.117 0.081 0.05 0.005 0.017 0.101
95 K 0.074 0.064 0.101 0.051 0.012 0.077 0.064 0.052 0.023 0.029 0.043 0.126 0.016 0.017 0.025 0.097 0.068 0.005 0.017 0.038
96 F 0.051 0.043 0.027 0.034 0.011 0.031 0.078 0.049 0.023 0.063 0.077 0.087 0.02 0.119 0.019 0.039 0.035 0.012 0.094 0.089
97 I 0.046 0.018 0.014 0.017 0.016 0.013 0.018 0.02 0.009 0.272 0.182 0.023 0.037 0.044 0.014 0.024 0.039 0.006 0.02 0.167
98 E 0.048 0.048 0.032 0.05 0.009 0.043 0.147 0.031 0.032 0.042 0.055 0.09 0.016 0.062 0.021 0.043 0.033 0.014 0.143 0.043
99 V 0.053 0.019 0.016 0.017 0.016 0.014 0.02 0.023 0.01 0.191 0.139 0.023 0.032 0.111 0.014 0.028 0.04 0.008 0.034 0.193
100 N 0.047 0.037 0.205 0.135 0.009 0.03 0.054 0.055 0.024 0.023 0.032 0.049 0.011 0.016 0.117 0.067 0.044 0.004 0.014 0.027
101 D 0.043 0.045 0.19 0.208 0.008 0.034 0.067 0.054 0.025 0.023 0.031 0.078 0.011 0.016 0.022 0.06 0.042 0.004 0.014 0.026
102 G 0.05 0.029 0.086 0.036 0.012 0.02 0.029 0.133 0.017 0.088 0.083 0.042 0.02 0.13 0.017 0.045 0.053 0.008 0.036 0.067
103 Y 0.043 0.024 0.019 0.018 0.012 0.018 0.024 0.023 0.031 0.135 0.105 0.028 0.025 0.094 0.015 0.028 0.032 0.019 0.207 0.101
104 V 0.07 0.027 0.027 0.025 0.018 0.021 0.029 0.032 0.01 0.118 0.102 0.033 0.026 0.03 0.021 0.056 0.134 0.006 0.019 0.198
105 L 0.053 0.039 0.021 0.022 0.015 0.025 0.031 0.027 0.012 0.151 0.165 0.08 0.061 0.038 0.018 0.034 0.04 0.006 0.02 0.141
106 A 0.15 0.024 0.021 0.023 0.017 0.019 0.028 0.083 0.013 0.106 0.149 0.032 0.028 0.077 0.02 0.05 0.039 0.007 0.027 0.089
107 L 0.042 0.023 0.014 0.015 0.015 0.015 0.02 0.022 0.011 0.103 0.333 0.024 0.044 0.123 0.013 0.024 0.031 0.009 0.035 0.086
108 I 0.046 0.017 0.014 0.017 0.016 0.013 0.017 0.02 0.009 0.285 0.165 0.023 0.036 0.043 0.014 0.025 0.039 0.006 0.02 0.173
109 I 0.05 0.02 0.015 0.017 0.016 0.014 0.019 0.022 0.009 0.203 0.196 0.024 0.036 0.072 0.014 0.026 0.039 0.007 0.026 0.174
110 L 0.094 0.025 0.018 0.019 0.015 0.018 0.025 0.035 0.014 0.08 0.195 0.029 0.06 0.156 0.016 0.038 0.035 0.01 0.042 0.075
111 Q 0.056 0.058 0.04 0.051 0.009 0.155 0.129 0.039 0.026 0.03 0.052 0.075 0.019 0.061 0.022 0.066 0.041 0.007 0.027 0.037
112 I 0.046 0.019 0.014 0.017 0.016 0.014 0.018 0.02 0.009 0.251 0.209 0.023 0.039 0.045 0.014 0.024 0.038 0.006 0.021 0.157
113 L 0.05 0.021 0.015 0.016 0.017 0.015 0.02 0.021 0.009 0.173 0.263 0.025 0.041 0.046 0.015 0.026 0.038 0.006 0.021 0.162
114 T 0.077 0.032 0.039 0.035 0.113 0.025 0.037 0.045 0.013 0.046 0.059 0.041 0.018 0.022 0.025 0.11 0.18 0.005 0.016 0.061
115 I 0.048 0.028 0.02 0.023 0.014 0.056 0.034 0.024 0.013 0.233 0.141 0.036 0.033 0.038 0.016 0.031 0.039 0.006 0.02 0.146
116 L 0.04 0.022 0.016 0.017 0.013 0.015 0.021 0.023 0.019 0.119 0.202 0.024 0.033 0.163 0.013 0.026 0.031 0.014 0.102 0.089
117 F 0.072 0.022 0.021 0.021 0.012 0.014 0.024 0.034 0.017 0.057 0.1 0.024 0.023 0.323 0.014 0.049 0.032 0.014 0.073 0.055
118 F 0.033 0.019 0.017 0.017 0.01 0.01 0.019 0.025 0.017 0.062 0.112 0.019 0.025 0.399 0.01 0.025 0.025 0.017 0.087 0.054
119 I 0.048 0.018 0.015 0.017 0.016 0.013 0.018 0.021 0.009 0.275 0.162 0.023 0.036 0.043 0.015 0.025 0.04 0.006 0.02 0.182
120 K 0.058 0.084 0.036 0.04 0.01 0.046 0.079 0.038 0.018 0.053 0.059 0.221 0.018 0.019 0.025 0.049 0.041 0.005 0.018 0.082
121 Y 0.04 0.027 0.021 0.018 0.009 0.021 0.027 0.024 0.046 0.043 0.067 0.031 0.018 0.128 0.015 0.031 0.027 0.027 0.331 0.046
122 L 0.044 0.023 0.014 0.015 0.016 0.016 0.02 0.021 0.01 0.127 0.37 0.025 0.048 0.053 0.014 0.024 0.033 0.007 0.022 0.101
123 G 0.061 0.075 0.036 0.036 0.012 0.05 0.057 0.134 0.018 0.044 0.074 0.101 0.047 0.023 0.022 0.056 0.081 0.006 0.017 0.05
124 D 0.056 0.033 0.117 0.3 0.009 0.03 0.076 0.052 0.021 0.023 0.03 0.046 0.01 0.016 0.022 0.071 0.042 0.004 0.013 0.027
125 L 0.049 0.022 0.014 0.016 0.016 0.015 0.02 0.021 0.009 0.157 0.291 0.025 0.043 0.048 0.014 0.026 0.037 0.006 0.021 0.148
126 S 0.108 0.039 0.053 0.048 0.017 0.033 0.051 0.065 0.019 0.029 0.041 0.053 0.015 0.02 0.029 0.235 0.08 0.005 0.017 0.041
127 I 0.05 0.024 0.031 0.099 0.014 0.019 0.036 0.03 0.012 0.172 0.135 0.032 0.028 0.034 0.018 0.043 0.082 0.005 0.018 0.116
128 A 0.304 0.03 0.025 0.029 0.021 0.025 0.04 0.077 0.015 0.042 0.058 0.044 0.017 0.021 0.029 0.083 0.049 0.005 0.017 0.067
129 Y 0.04 0.028 0.023 0.019 0.009 0.022 0.028 0.025 0.059 0.042 0.066 0.031 0.018 0.124 0.015 0.031 0.027 0.027 0.32 0.045
130 D 0.055 0.037 0.109 0.195 0.011 0.045 0.066 0.05 0.021 0.033 0.065 0.049 0.015 0.035 0.022 0.088 0.046 0.005 0.018 0.036
131 G 0.163 0.027 0.029 0.029 0.016 0.023 0.031 0.244 0.014 0.044 0.073 0.038 0.046 0.024 0.022 0.061 0.039 0.006 0.016 0.055
132 N 0.043 0.045 0.317 0.083 0.009 0.034 0.049 0.065 0.032 0.022 0.032 0.054 0.011 0.018 0.02 0.07 0.049 0.004 0.016 0.027
133 Y 0.04 0.028 0.022 0.019 0.009 0.022 0.028 0.025 0.047 0.044 0.068 0.031 0.019 0.131 0.016 0.031 0.028 0.028 0.318 0.047
134 A 0.29 0.031 0.026 0.03 0.022 0.026 0.04 0.078 0.015 0.043 0.059 0.045 0.018 0.022 0.03 0.085 0.05 0.005 0.018 0.069
135 G 0.078 0.023 0.039 0.034 0.011 0.019 0.026 0.51 0.014 0.019 0.028 0.034 0.009 0.016 0.019 0.051 0.03 0.005 0.011 0.024
136 K 0.048 0.086 0.091 0.041 0.01 0.037 0.048 0.039 0.023 0.079 0.068 0.145 0.019 0.035 0.021 0.047 0.039 0.008 0.055 0.061
137 A 0.191 0.03 0.029 0.03 0.02 0.024 0.038 0.059 0.014 0.073 0.074 0.041 0.021 0.025 0.025 0.105 0.056 0.005 0.018 0.122
138 G 0.07 0.16 0.041 0.035 0.011 0.033 0.041 0.234 0.018 0.022 0.038 0.071 0.013 0.017 0.021 0.085 0.041 0.005 0.014 0.03
139 E 0.055 0.05 0.041 0.091 0.007 0.065 0.294 0.035 0.026 0.022 0.037 0.076 0.013 0.017 0.026 0.055 0.037 0.006 0.017 0.031
140 S 0.11 0.04 0.054 0.049 0.018 0.033 0.053 0.067 0.019 0.03 0.042 0.054 0.016 0.021 0.03 0.217 0.082 0.005 0.018 0.042
141 Y 0.041 0.028 0.022 0.019 0.009 0.022 0.028 0.025 0.047 0.044 0.069 0.031 0.019 0.131 0.016 0.031 0.028 0.028 0.315 0.047
142 A 0.287 0.031 0.026 0.03 0.022 0.026 0.041 0.079 0.015 0.043 0.06 0.045 0.018 0.022 0.03 0.085 0.05 0.005 0.018 0.069
143 G 0.083 0.032 0.067 0.042 0.014 0.026 0.038 0.242 0.016 0.029 0.039 0.043 0.013 0.019 0.024 0.119 0.094 0.005 0.014 0.039
144 L 0.044 0.023 0.014 0.015 0.016 0.015 0.019 0.021 0.01 0.148 0.343 0.024 0.046 0.052 0.014 0.024 0.034 0.007 0.022 0.11
145 G 0.096 0.045 0.042 0.038 0.014 0.03 0.043 0.202 0.016 0.031 0.043 0.092 0.014 0.019 0.025 0.098 0.089 0.005 0.015 0.042
146 E 0.101 0.041 0.042 0.141 0.01 0.049 0.212 0.045 0.022 0.026 0.039 0.062 0.013 0.017 0.025 0.059 0.038 0.005 0.015 0.037
147 L 0.055 0.043 0.023 0.023 0.11 0.029 0.034 0.031 0.015 0.073 0.137 0.084 0.112 0.035 0.018 0.04 0.039 0.007 0.02 0.072
148 I 0.046 0.017 0.014 0.017 0.016 0.013 0.017 0.02 0.009 0.285 0.165 0.023 0.036 0.043 0.014 0.025 0.039 0.006 0.02 0.173
149 S 0.087 0.054 0.048 0.055 0.013 0.043 0.107 0.054 0.02 0.027 0.04 0.105 0.015 0.019 0.028 0.162 0.063 0.005 0.017 0.037
150 L 0.044 0.024 0.014 0.015 0.016 0.016 0.02 0.021 0.01 0.113 0.388 0.025 0.049 0.054 0.014 0.024 0.033 0.007 0.022 0.094
151 F 0.037 0.024 0.019 0.018 0.01 0.017 0.024 0.025 0.034 0.051 0.085 0.026 0.021 0.237 0.013 0.028 0.026 0.023 0.234 0.049
152 D 0.041 0.032 0.12 0.344 0.008 0.03 0.081 0.049 0.021 0.022 0.028 0.046 0.009 0.015 0.022 0.055 0.037 0.004 0.012 0.024
153 T 0.065 0.034 0.095 0.042 0.016 0.026 0.037 0.043 0.016 0.068 0.07 0.042 0.02 0.024 0.023 0.075 0.176 0.005 0.018 0.104
154 L 0.05 0.03 0.019 0.019 0.016 0.025 0.026 0.026 0.015 0.101 0.232 0.033 0.151 0.049 0.015 0.033 0.038 0.008 0.023 0.091
155 T 0.072 0.035 0.043 0.037 0.017 0.027 0.039 0.043 0.014 0.052 0.064 0.045 0.019 0.023 0.027 0.091 0.261 0.006 0.017 0.07
156 K 0.056 0.105 0.041 0.041 0.008 0.052 0.069 0.042 0.02 0.027 0.042 0.292 0.015 0.015 0.027 0.052 0.039 0.005 0.017 0.032
157 F 0.033 0.019 0.017 0.017 0.01 0.01 0.019 0.025 0.017 0.062 0.112 0.019 0.025 0.399 0.01 0.025 0.025 0.017 0.087 0.054
158 W 0.03 0.022 0.015 0.015 0.007 0.015 0.022 0.03 0.015 0.03 0.052 0.022 0.015 0.059 0.007 0.022 0.022 0.502 0.067 0.03
159 T 0.066 0.031 0.037 0.033 0.017 0.024 0.034 0.038 0.013 0.099 0.084 0.04 0.023 0.027 0.025 0.078 0.217 0.006 0.018 0.09
160 D 0.06 0.04 0.05 0.176 0.01 0.07 0.082 0.046 0.02 0.025 0.036 0.055 0.013 0.015 0.12 0.087 0.045 0.004 0.015 0.031
161 I 0.056 0.024 0.026 0.025 0.017 0.019 0.026 0.029 0.011 0.192 0.124 0.032 0.029 0.035 0.019 0.051 0.128 0.006 0.019 0.132
162 F 0.035 0.023 0.018 0.017 0.009 0.016 0.023 0.026 0.028 0.048 0.082 0.024 0.02 0.223 0.012 0.027 0.025 0.118 0.181 0.046
163 N 0.1 0.104 0.153 0.053 0.011 0.038 0.051 0.057 0.024 0.028 0.041 0.109 0.014 0.018 0.023 0.071 0.046 0.005 0.016 0.037
164 D 0.048 0.055 0.054 0.224 0.008 0.078 0.114 0.043 0.022 0.024 0.035 0.106 0.013 0.015 0.024 0.053 0.037 0.005 0.015 0.028
165 L 0.045 0.025 0.015 0.016 0.016 0.018 0.021 0.022 0.011 0.11 0.349 0.027 0.074 0.052 0.014 0.026 0.034 0.007 0.022 0.094
166 D 0.146 0.034 0.135 0.152 0.013 0.029 0.056 0.064 0.021 0.03 0.041 0.047 0.013 0.018 0.024 0.07 0.045 0.005 0.015 0.042
167 V 0.067 0.021 0.016 0.017 0.019 0.016 0.022 0.024 0.008 0.171 0.131 0.025 0.031 0.036 0.016 0.032 0.048 0.005 0.02 0.274
168 P 0.062 0.026 0.024 0.029 0.012 0.02 0.034 0.036 0.012 0.053 0.054 0.039 0.015 0.018 0.368 0.056 0.042 0.003 0.015 0.082
169 V 0.057 0.019 0.015 0.017 0.017 0.015 0.02 0.022 0.008 0.226 0.147 0.024 0.034 0.039 0.015 0.028 0.044 0.006 0.02 0.226
170 P 0.056 0.025 0.023 0.03 0.01 0.02 0.035 0.035 0.013 0.025 0.035 0.04 0.01 0.013 0.503 0.043 0.035 0.003 0.013 0.03
171 L 0.045 0.026 0.017 0.017 0.015 0.019 0.023 0.024 0.014 0.097 0.255 0.028 0.095 0.12 0.014 0.029 0.034 0.009 0.036 0.085
172 L 0.052 0.022 0.016 0.019 0.015 0.016 0.023 0.024 0.01 0.14 0.221 0.028 0.035 0.04 0.112 0.029 0.038 0.006 0.019 0.135
173 Y 0.04 0.027 0.021 0.018 0.009 0.021 0.027 0.024 0.046 0.043 0.067 0.031 0.018 0.128 0.015 0.031 0.027 0.027 0.331 0.046
174 R 0.044 0.358 0.038 0.03 0.008 0.047 0.051 0.032 0.023 0.023 0.046 0.118 0.015 0.017 0.019 0.044 0.034 0.006 0.017 0.03
175 I 0.051 0.018 0.015 0.017 0.016 0.014 0.018 0.021 0.009 0.261 0.157 0.024 0.035 0.042 0.015 0.026 0.041 0.006 0.02 0.195
176 G 0.067 0.024 0.035 0.03 0.012 0.019 0.027 0.325 0.014 0.034 0.052 0.032 0.014 0.094 0.019 0.053 0.075 0.008 0.027 0.039
177 N 0.042 0.044 0.33 0.081 0.009 0.033 0.048 0.064 0.031 0.022 0.031 0.053 0.011 0.018 0.02 0.068 0.048 0.004 0.015 0.026
178 P 0.056 0.025 0.023 0.03 0.01 0.02 0.035 0.035 0.013 0.025 0.035 0.04 0.01 0.013 0.503 0.043 0.035 0.003 0.013 0.03
179 L 0.05 0.023 0.02 0.02 0.016 0.017 0.023 0.025 0.01 0.17 0.234 0.028 0.038 0.043 0.017 0.038 0.081 0.006 0.02 0.121
180 C 0.068 0.027 0.032 0.028 0.208 0.021 0.03 0.038 0.011 0.049 0.064 0.035 0.018 0.022 0.023 0.07 0.171 0.005 0.015 0.064
181 L 0.058 0.044 0.032 0.032 0.109 0.103 0.055 0.035 0.018 0.052 0.122 0.054 0.025 0.025 0.021 0.053 0.082 0.006 0.018 0.058
182 A 0.211 0.027 0.026 0.028 0.019 0.022 0.033 0.155 0.013 0.061 0.066 0.038 0.018 0.023 0.024 0.067 0.045 0.005 0.016 0.102
183 G 0.159 0.025 0.029 0.028 0.015 0.02 0.03 0.244 0.014 0.037 0.057 0.034 0.016 0.095 0.021 0.058 0.036 0.008 0.029 0.047
184 A 0.169 0.034 0.036 0.046 0.015 0.033 0.093 0.155 0.017 0.031 0.044 0.049 0.014 0.019 0.026 0.101 0.049 0.005 0.016 0.046
185 Y 0.04 0.027 0.021 0.018 0.009 0.021 0.027 0.024 0.046 0.043 0.067 0.031 0.018 0.128 0.015 0.031 0.027 0.027 0.331 0.046
186 L 0.046 0.024 0.015 0.016 0.016 0.018 0.021 0.022 0.011 0.145 0.304 0.027 0.072 0.05 0.014 0.026 0.035 0.007 0.022 0.109
187 L 0.047 0.024 0.015 0.016 0.016 0.018 0.021 0.022 0.011 0.135 0.301 0.027 0.071 0.05 0.015 0.027 0.036 0.007 0.022 0.118
188 L 0.05 0.021 0.015 0.016 0.016 0.015 0.019 0.021 0.009 0.192 0.246 0.024 0.04 0.046 0.015 0.026 0.038 0.006 0.021 0.164
189 Y 0.04 0.027 0.021 0.018 0.009 0.021 0.027 0.024 0.046 0.043 0.067 0.031 0.018 0.128 0.015 0.031 0.027 0.027 0.331 0.046
190 V 0.057 0.019 0.015 0.017 0.017 0.015 0.02 0.022 0.008 0.226 0.147 0.024 0.034 0.039 0.015 0.028 0.044 0.006 0.02 0.226
191 L 0.099 0.027 0.019 0.02 0.054 0.021 0.026 0.036 0.014 0.081 0.185 0.032 0.088 0.083 0.017 0.042 0.038 0.008 0.029 0.08
192 V 0.061 0.02 0.016 0.017 0.018 0.015 0.021 0.023 0.008 0.201 0.14 0.025 0.033 0.038 0.016 0.03 0.045 0.006 0.02 0.248
193 H 0.041 0.041 0.157 0.051 0.008 0.032 0.046 0.045 0.169 0.026 0.041 0.045 0.014 0.045 0.018 0.05 0.035 0.01 0.095 0.029
194 N 0.042 0.044 0.33 0.081 0.009 0.033 0.048 0.064 0.031 0.022 0.031 0.053 0.011 0.018 0.02 0.068 0.048 0.004 0.015 0.026
195 F 0.035 0.021 0.018 0.017 0.01 0.014 0.021 0.025 0.026 0.056 0.098 0.022 0.023 0.312 0.012 0.027 0.026 0.02 0.165 0.051
196 V 0.063 0.023 0.021 0.021 0.018 0.017 0.024 0.027 0.009 0.174 0.125 0.029 0.03 0.035 0.018 0.042 0.088 0.006 0.02 0.21
197 V 0.107 0.022 0.017 0.02 0.018 0.017 0.024 0.033 0.01 0.187 0.129 0.028 0.03 0.036 0.018 0.039 0.045 0.006 0.02 0.196
198 N 0.053 0.037 0.163 0.129 0.012 0.03 0.053 0.052 0.021 0.034 0.043 0.048 0.014 0.019 0.023 0.074 0.131 0.005 0.015 0.043
199 K 0.053 0.156 0.04 0.039 0.008 0.051 0.066 0.04 0.021 0.026 0.043 0.257 0.015 0.016 0.025 0.051 0.038 0.005 0.017 0.032
200 K 0.063 0.153 0.043 0.04 0.01 0.047 0.061 0.044 0.021 0.026 0.043 0.203 0.015 0.017 0.026 0.087 0.046 0.005 0.017 0.034
201 I 0.05 0.019 0.015 0.017 0.016 0.014 0.019 0.021 0.009 0.226 0.202 0.024 0.038 0.044 0.015 0.026 0.04 0.006 0.021 0.179
202 N 0.042 0.042 0.299 0.121 0.009 0.033 0.053 0.062 0.029 0.022 0.03 0.052 0.011 0.017 0.02 0.066 0.047 0.004 0.015 0.026
203 L 0.05 0.048 0.025 0.027 0.012 0.027 0.038 0.031 0.014 0.098 0.14 0.113 0.026 0.059 0.116 0.037 0.036 0.006 0.023 0.074
204 L 0.041 0.024 0.014 0.015 0.014 0.016 0.02 0.023 0.011 0.096 0.321 0.024 0.042 0.055 0.013 0.024 0.031 0.106 0.031 0.081
205 H 0.044 0.05 0.051 0.039 0.008 0.076 0.062 0.038 0.3 0.023 0.039 0.054 0.016 0.027 0.02 0.044 0.029 0.007 0.049 0.025
206 L 0.049 0.023 0.014 0.015 0.016 0.016 0.02 0.022 0.01 0.123 0.336 0.025 0.045 0.05 0.014 0.026 0.036 0.007 0.022 0.132
207 L 0.049 0.019 0.015 0.016 0.111 0.014 0.018 0.023 0.009 0.196 0.198 0.023 0.035 0.041 0.015 0.027 0.037 0.006 0.019 0.131
208 S 0.135 0.033 0.04 0.038 0.018 0.027 0.042 0.058 0.016 0.083 0.069 0.045 0.02 0.025 0.026 0.163 0.066 0.005 0.018 0.073
209 V 0.057 0.02 0.016 0.017 0.017 0.014 0.021 0.024 0.01 0.166 0.132 0.024 0.031 0.109 0.015 0.029 0.042 0.008 0.034 0.215
210 L 0.044 0.023 0.016 0.017 0.015 0.017 0.021 0.023 0.012 0.134 0.249 0.025 0.067 0.119 0.014 0.026 0.034 0.009 0.035 0.101
211 L 0.044 0.024 0.014 0.015 0.016 0.016 0.02 0.021 0.01 0.113 0.388 0.025 0.049 0.054 0.014 0.024 0.033 0.007 0.022 0.094
212 L 0.047 0.035 0.021 0.022 0.014 0.061 0.038 0.026 0.015 0.093 0.28 0.04 0.069 0.045 0.016 0.032 0.036 0.007 0.022 0.082
213 C 0.061 0.017 0.016 0.017 0.303 0.013 0.018 0.028 0.008 0.116 0.097 0.022 0.023 0.028 0.016 0.035 0.039 0.005 0.015 0.125
214 V 0.059 0.021 0.015 0.017 0.018 0.015 0.021 0.023 0.008 0.19 0.169 0.025 0.035 0.04 0.015 0.029 0.044 0.006 0.02 0.23
215 L 0.043 0.095 0.082 0.031 0.013 0.026 0.032 0.032 0.017 0.077 0.248 0.049 0.034 0.039 0.016 0.037 0.036 0.006 0.02 0.068
216 I 0.046 0.017 0.014 0.017 0.016 0.013 0.017 0.02 0.009 0.285 0.165 0.023 0.036 0.043 0.014 0.025 0.039 0.006 0.02 0.173
217 V 0.062 0.022 0.016 0.017 0.018 0.016 0.022 0.023 0.008 0.162 0.183 0.025 0.035 0.039 0.016 0.03 0.045 0.006 0.021 0.237
218 L 0.045 0.025 0.015 0.016 0.016 0.018 0.021 0.022 0.011 0.108 0.338 0.027 0.073 0.066 0.014 0.026 0.034 0.008 0.025 0.092
219 N 0.042 0.044 0.33 0.081 0.009 0.033 0.048 0.064 0.031 0.022 0.031 0.053 0.011 0.018 0.02 0.068 0.048 0.004 0.015 0.026
220 G 0.077 0.022 0.038 0.033 0.011 0.019 0.025 0.52 0.013 0.019 0.028 0.033 0.009 0.016 0.019 0.05 0.029 0.005 0.011 0.024
221 S 0.108 0.039 0.053 0.048 0.017 0.033 0.051 0.065 0.019 0.029 0.041 0.053 0.015 0.02 0.029 0.235 0.08 0.005 0.017 0.041
222 R 0.044 0.358 0.038 0.03 0.008 0.047 0.051 0.032 0.023 0.023 0.046 0.118 0.015 0.017 0.019 0.044 0.034 0.006 0.017 0.03
223 S 0.101 0.038 0.051 0.046 0.017 0.031 0.049 0.061 0.018 0.034 0.046 0.051 0.016 0.021 0.029 0.206 0.117 0.005 0.017 0.047
224 P 0.056 0.025 0.023 0.03 0.01 0.02 0.035 0.035 0.013 0.025 0.035 0.04 0.01 0.013 0.503 0.043 0.035 0.003 0.013 0.03
225 L 0.045 0.021 0.014 0.016 0.016 0.015 0.019 0.021 0.009 0.182 0.298 0.024 0.044 0.05 0.014 0.024 0.035 0.006 0.021 0.126
226 F 0.035 0.02 0.016 0.016 0.011 0.011 0.019 0.024 0.015 0.072 0.167 0.02 0.03 0.33 0.011 0.025 0.026 0.015 0.074 0.062
227 R 0.044 0.358 0.038 0.03 0.008 0.047 0.051 0.032 0.023 0.023 0.046 0.118 0.015 0.017 0.019 0.044 0.034 0.006 0.017 0.03
228 I 0.052 0.019 0.015 0.017 0.017 0.014 0.019 0.021 0.008 0.251 0.154 0.024 0.035 0.041 0.015 0.027 0.042 0.006 0.02 0.204
229 I 0.051 0.02 0.015 0.017 0.017 0.014 0.019 0.021 0.009 0.221 0.2 0.024 0.037 0.043 0.015 0.026 0.04 0.006 0.021 0.184
230 T 0.066 0.033 0.037 0.032 0.017 0.025 0.035 0.038 0.013 0.064 0.129 0.041 0.025 0.029 0.024 0.077 0.216 0.006 0.018 0.075
231 L 0.048 0.029 0.019 0.019 0.015 0.024 0.026 0.027 0.016 0.091 0.177 0.032 0.147 0.118 0.015 0.033 0.037 0.01 0.036 0.083
232 V 0.108 0.024 0.018 0.02 0.018 0.02 0.026 0.035 0.011 0.15 0.134 0.031 0.058 0.036 0.018 0.042 0.045 0.006 0.02 0.18
233 L 0.048 0.022 0.015 0.017 0.015 0.015 0.02 0.023 0.011 0.146 0.22 0.024 0.048 0.116 0.014 0.027 0.036 0.008 0.034 0.14
234 I 0.056 0.018 0.015 0.017 0.112 0.014 0.019 0.024 0.008 0.202 0.134 0.023 0.031 0.036 0.015 0.03 0.041 0.005 0.019 0.181
235 L 0.047 0.025 0.017 0.018 0.016 0.017 0.022 0.023 0.01 0.106 0.349 0.027 0.045 0.05 0.015 0.032 0.06 0.007 0.021 0.091
236 L 0.04 0.023 0.018 0.017 0.012 0.016 0.022 0.023 0.025 0.109 0.16 0.026 0.029 0.15 0.014 0.027 0.03 0.017 0.158 0.083
237 Y 0.04 0.027 0.021 0.018 0.009 0.021 0.027 0.024 0.046 0.043 0.067 0.031 0.018 0.128 0.015 0.031 0.027 0.027 0.331 0.046
238 I 0.047 0.018 0.014 0.017 0.016 0.013 0.018 0.02 0.009 0.267 0.181 0.023 0.037 0.044 0.014 0.025 0.039 0.006 0.02 0.171
239 L 0.041 0.023 0.016 0.017 0.014 0.016 0.021 0.024 0.014 0.09 0.238 0.024 0.065 0.19 0.013 0.027 0.031 0.011 0.048 0.077
240 Y 0.099 0.048 0.03 0.039 0.011 0.037 0.095 0.04 0.03 0.035 0.054 0.094 0.016 0.062 0.022 0.05 0.036 0.014 0.143 0.044
241 Y 0.044 0.03 0.081 0.031 0.012 0.023 0.03 0.032 0.029 0.098 0.105 0.035 0.052 0.073 0.016 0.038 0.036 0.015 0.144 0.076
242 K 0.052 0.176 0.04 0.038 0.008 0.051 0.064 0.04 0.021 0.026 0.043 0.243 0.015 0.016 0.025 0.05 0.038 0.005 0.017 0.032
243 S 0.074 0.059 0.104 0.053 0.012 0.083 0.066 0.055 0.024 0.027 0.04 0.1 0.016 0.018 0.025 0.129 0.058 0.005 0.018 0.035
244 G 0.06 0.109 0.061 0.037 0.01 0.033 0.042 0.232 0.021 0.025 0.039 0.104 0.013 0.025 0.021 0.051 0.043 0.007 0.039 0.031
245 R 0.072 0.169 0.047 0.036 0.01 0.074 0.055 0.078 0.021 0.025 0.043 0.081 0.015 0.016 0.118 0.05 0.037 0.005 0.016 0.034
246 L 0.051 0.054 0.033 0.031 0.012 0.07 0.053 0.033 0.087 0.066 0.149 0.095 0.027 0.031 0.02 0.04 0.036 0.006 0.027 0.078
247 K 0.06 0.102 0.062 0.04 0.01 0.04 0.054 0.044 0.026 0.03 0.047 0.152 0.016 0.039 0.024 0.085 0.045 0.01 0.08 0.036
248 R 0.048 0.146 0.093 0.041 0.01 0.039 0.05 0.039 0.021 0.077 0.065 0.142 0.019 0.022 0.021 0.048 0.04 0.005 0.017 0.059
249 G 0.122 0.028 0.034 0.032 0.015 0.022 0.032 0.24 0.014 0.044 0.109 0.038 0.02 0.025 0.022 0.089 0.044 0.006 0.015 0.05
250 N 0.047 0.041 0.256 0.144 0.009 0.032 0.057 0.06 0.027 0.023 0.031 0.051 0.011 0.017 0.021 0.078 0.048 0.004 0.015 0.027
251 L 0.05 0.09 0.025 0.023 0.012 0.023 0.028 0.123 0.02 0.097 0.139 0.046 0.025 0.052 0.016 0.035 0.033 0.01 0.08 0.074
252 K 0.052 0.083 0.035 0.034 0.009 0.043 0.057 0.037 0.025 0.037 0.075 0.219 0.018 0.041 0.024 0.046 0.036 0.01 0.08 0.04
253 F 0.038 0.025 0.079 0.029 0.012 0.016 0.025 0.032 0.018 0.068 0.173 0.027 0.029 0.226 0.013 0.033 0.032 0.011 0.054 0.06
254 L 0.042 0.021 0.015 0.016 0.015 0.014 0.019 0.022 0.011 0.137 0.288 0.023 0.041 0.121 0.013 0.024 0.032 0.009 0.035 0.102
255 F 0.05 0.021 0.021 0.02 0.013 0.016 0.022 0.122 0.019 0.122 0.113 0.026 0.025 0.126 0.015 0.032 0.032 0.012 0.094 0.1
256 K 0.052 0.138 0.035 0.034 0.01 0.044 0.055 0.036 0.018 0.078 0.067 0.204 0.019 0.021 0.023 0.045 0.038 0.005 0.018 0.06
257 L 0.051 0.026 0.02 0.02 0.015 0.019 0.025 0.028 0.013 0.104 0.234 0.029 0.065 0.117 0.015 0.052 0.039 0.009 0.035 0.085
258 I 0.149 0.023 0.019 0.022 0.018 0.018 0.027 0.043 0.011 0.167 0.149 0.032 0.03 0.036 0.02 0.048 0.042 0.006 0.019 0.121
259 A 0.157 0.023 0.019 0.022 0.114 0.018 0.027 0.046 0.011 0.108 0.103 0.031 0.024 0.029 0.021 0.053 0.044 0.005 0.017 0.126
260 L 0.059 0.026 0.023 0.023 0.016 0.02 0.027 0.031 0.012 0.162 0.19 0.032 0.063 0.042 0.018 0.069 0.046 0.006 0.021 0.114
261 I 0.105 0.022 0.021 0.023 0.016 0.017 0.024 0.132 0.011 0.165 0.132 0.029 0.028 0.034 0.018 0.042 0.039 0.006 0.018 0.12
262 I 0.058 0.021 0.021 0.023 0.014 0.016 0.024 0.124 0.01 0.141 0.122 0.029 0.025 0.031 0.113 0.035 0.038 0.005 0.017 0.13
263 V 0.058 0.023 0.021 0.021 0.016 0.017 0.024 0.027 0.011 0.144 0.119 0.027 0.028 0.107 0.017 0.041 0.084 0.008 0.033 0.173
264 L 0.071 0.03 0.031 0.03 0.016 0.024 0.033 0.04 0.014 0.111 0.165 0.038 0.059 0.037 0.02 0.111 0.054 0.006 0.02 0.088
265 G 0.111 0.023 0.022 0.022 0.112 0.018 0.025 0.135 0.011 0.076 0.133 0.029 0.024 0.029 0.019 0.046 0.039 0.005 0.016 0.105
266 L 0.044 0.021 0.016 0.017 0.015 0.014 0.02 0.022 0.011 0.158 0.238 0.024 0.038 0.117 0.014 0.027 0.043 0.008 0.034 0.118
267 L 0.063 0.024 0.024 0.023 0.015 0.018 0.024 0.165 0.011 0.088 0.196 0.029 0.03 0.05 0.017 0.05 0.038 0.006 0.021 0.106
268 F 0.037 0.021 0.017 0.017 0.011 0.014 0.02 0.025 0.016 0.069 0.128 0.022 0.055 0.329 0.011 0.027 0.028 0.015 0.074 0.061
269 L 0.048 0.022 0.016 0.017 0.016 0.017 0.02 0.022 0.01 0.204 0.212 0.026 0.066 0.046 0.015 0.027 0.039 0.006 0.021 0.15
270 G 0.125 0.027 0.03 0.029 0.016 0.021 0.032 0.143 0.014 0.07 0.127 0.036 0.024 0.058 0.021 0.086 0.045 0.007 0.023 0.066
271 L 0.047 0.026 0.016 0.017 0.016 0.02 0.022 0.023 0.012 0.142 0.265 0.029 0.097 0.049 0.015 0.029 0.037 0.007 0.022 0.109
272 L 0.044 0.024 0.014 0.015 0.016 0.016 0.02 0.021 0.01 0.113 0.388 0.025 0.049 0.054 0.014 0.024 0.033 0.007 0.022 0.094
273 F 0.046 0.026 0.056 0.103 0.011 0.02 0.04 0.035 0.045 0.066 0.083 0.031 0.021 0.174 0.016 0.045 0.036 0.01 0.047 0.089
274 L 0.101 0.025 0.017 0.018 0.018 0.018 0.024 0.033 0.01 0.109 0.27 0.029 0.039 0.043 0.017 0.037 0.039 0.006 0.021 0.127
275 L 0.051 0.031 0.02 0.02 0.016 0.028 0.028 0.028 0.016 0.098 0.193 0.035 0.177 0.047 0.016 0.035 0.039 0.008 0.024 0.091
276 G 0.077 0.022 0.038 0.033 0.011 0.019 0.025 0.52 0.013 0.019 0.028 0.033 0.009 0.016 0.019 0.05 0.029 0.005 0.011 0.024
277 R 0.044 0.358 0.038 0.03 0.008 0.047 0.051 0.032 0.023 0.023 0.046 0.118 0.015 0.017 0.019 0.044 0.034 0.006 0.017 0.03
278 G 0.07 0.035 0.048 0.123 0.012 0.034 0.103 0.141 0.018 0.029 0.039 0.05 0.013 0.018 0.024 0.096 0.088 0.005 0.014 0.038
279 D 0.1 0.034 0.107 0.193 0.012 0.029 0.061 0.055 0.019 0.032 0.042 0.046 0.013 0.018 0.024 0.069 0.086 0.005 0.014 0.042
280 D 0.05 0.047 0.078 0.235 0.01 0.034 0.072 0.046 0.019 0.029 0.038 0.094 0.013 0.017 0.024 0.061 0.082 0.004 0.014 0.035
281 G 0.079 0.023 0.039 0.034 0.011 0.019 0.026 0.508 0.014 0.019 0.028 0.034 0.009 0.016 0.019 0.052 0.03 0.005 0.011 0.024
282 F 0.054 0.026 0.024 0.023 0.014 0.019 0.027 0.033 0.016 0.073 0.169 0.03 0.058 0.184 0.016 0.069 0.04 0.011 0.047 0.067
283 G 0.078 0.023 0.039 0.034 0.011 0.019 0.026 0.511 0.013 0.019 0.028 0.034 0.009 0.016 0.019 0.051 0.03 0.005 0.011 0.024
284 D 0.073 0.036 0.11 0.139 0.013 0.03 0.057 0.095 0.02 0.027 0.037 0.049 0.013 0.018 0.025 0.131 0.073 0.005 0.015 0.035
285 L 0.04 0.021 0.015 0.016 0.014 0.014 0.019 0.023 0.013 0.127 0.225 0.022 0.042 0.189 0.013 0.025 0.031 0.011 0.048 0.094
286 F 0.053 0.025 0.025 0.025 0.012 0.017 0.029 0.035 0.016 0.052 0.105 0.03 0.022 0.218 0.113 0.071 0.039 0.011 0.053 0.05
287 G 0.065 0.103 0.044 0.047 0.01 0.04 0.098 0.138 0.09 0.023 0.038 0.065 0.013 0.02 0.022 0.085 0.041 0.006 0.023 0.03
288 Y 0.053 0.03 0.028 0.024 0.011 0.024 0.032 0.033 0.04 0.04 0.062 0.035 0.018 0.107 0.018 0.072 0.038 0.023 0.268 0.045
289 L 0.049 0.022 0.014 0.016 0.016 0.015 0.02 0.021 0.009 0.164 0.282 0.025 0.042 0.047 0.014 0.026 0.037 0.006 0.021 0.151
290 F 0.034 0.02 0.018 0.017 0.01 0.013 0.02 0.025 0.022 0.058 0.103 0.021 0.024 0.345 0.011 0.026 0.025 0.019 0.136 0.052
291 I 0.05 0.026 0.083 0.034 0.015 0.02 0.028 0.033 0.014 0.186 0.118 0.033 0.028 0.034 0.018 0.047 0.085 0.006 0.019 0.123
292 Y 0.04 0.027 0.021 0.018 0.009 0.021 0.027 0.024 0.046 0.043 0.067 0.031 0.018 0.128 0.015 0.031 0.027 0.027 0.331 0.046
293 L 0.053 0.02 0.015 0.017 0.017 0.015 0.02 0.022 0.009 0.197 0.215 0.024 0.038 0.044 0.015 0.027 0.04 0.006 0.021 0.186
294 G 0.077 0.022 0.038 0.033 0.011 0.019 0.025 0.52 0.013 0.019 0.028 0.033 0.009 0.016 0.019 0.05 0.029 0.005 0.011 0.024
295 A 0.304 0.03 0.025 0.029 0.021 0.025 0.04 0.077 0.015 0.042 0.058 0.044 0.017 0.021 0.029 0.083 0.049 0.005 0.017 0.067
296 P 0.056 0.025 0.023 0.03 0.01 0.02 0.035 0.035 0.013 0.025 0.035 0.04 0.01 0.013 0.503 0.043 0.035 0.003 0.013 0.03
297 L 0.049 0.022 0.014 0.016 0.016 0.015 0.02 0.021 0.009 0.157 0.291 0.025 0.043 0.048 0.014 0.026 0.037 0.006 0.021 0.148
298 V 0.063 0.023 0.017 0.018 0.017 0.017 0.024 0.024 0.016 0.138 0.116 0.027 0.028 0.054 0.016 0.032 0.044 0.01 0.082 0.236
299 N 0.042 0.044 0.33 0.081 0.009 0.033 0.048 0.064 0.031 0.022 0.031 0.053 0.011 0.018 0.02 0.068 0.048 0.004 0.015 0.026
300 L 0.041 0.023 0.015 0.015 0.015 0.015 0.02 0.022 0.012 0.101 0.322 0.023 0.043 0.136 0.013 0.024 0.031 0.009 0.038 0.085
301 D 0.04 0.029 0.068 0.409 0.007 0.029 0.09 0.046 0.018 0.022 0.027 0.044 0.009 0.015 0.022 0.051 0.035 0.004 0.011 0.024
302 T 0.08 0.038 0.104 0.05 0.016 0.03 0.046 0.056 0.019 0.037 0.048 0.05 0.016 0.021 0.026 0.144 0.146 0.005 0.017 0.05
303 F 0.041 0.022 0.017 0.017 0.011 0.015 0.022 0.026 0.02 0.072 0.094 0.023 0.023 0.204 0.012 0.027 0.03 0.114 0.118 0.093
304 L 0.044 0.023 0.014 0.015 0.016 0.015 0.019 0.021 0.01 0.148 0.343 0.024 0.046 0.052 0.014 0.024 0.034 0.007 0.022 0.11
305 V 0.119 0.094 0.03 0.028 0.017 0.027 0.038 0.044 0.014 0.083 0.08 0.053 0.022 0.026 0.022 0.085 0.052 0.005 0.018 0.141
306 N 0.065 0.052 0.157 0.056 0.012 0.035 0.05 0.055 0.023 0.038 0.047 0.097 0.015 0.035 0.023 0.107 0.055 0.005 0.019 0.053
307 A 0.111 0.088 0.098 0.048 0.013 0.074 0.06 0.056 0.023 0.029 0.044 0.085 0.016 0.018 0.025 0.098 0.051 0.005 0.017 0.04
308 T 0.073 0.036 0.044 0.038 0.018 0.028 0.04 0.044 0.014 0.054 0.065 0.046 0.02 0.024 0.028 0.093 0.243 0.006 0.018 0.071
309 P 0.048 0.028 0.092 0.114 0.01 0.023 0.045 0.04 0.017 0.076 0.059 0.04 0.015 0.02 0.213 0.046 0.039 0.004 0.014 0.057
310 I 0.047 0.018 0.015 0.018 0.016 0.013 0.018 0.021 0.009 0.268 0.169 0.024 0.037 0.044 0.015 0.025 0.04 0.006 0.021 0.177
311 T 0.073 0.036 0.044 0.038 0.018 0.028 0.04 0.044 0.014 0.054 0.065 0.046 0.02 0.024 0.028 0.093 0.243 0.006 0.018 0.071
312 L 0.045 0.024 0.014 0.015 0.016 0.016 0.02 0.021 0.01 0.116 0.373 0.025 0.05 0.055 0.014 0.024 0.034 0.007 0.022 0.097
313 F 0.034 0.019 0.017 0.017 0.011 0.011 0.019 0.026 0.017 0.064 0.115 0.019 0.026 0.384 0.011 0.026 0.026 0.017 0.089 0.055
314 R 0.045 0.342 0.039 0.031 0.008 0.049 0.053 0.033 0.023 0.023 0.047 0.121 0.016 0.017 0.019 0.045 0.035 0.006 0.017 0.031
315 H 0.061 0.038 0.05 0.081 0.009 0.032 0.051 0.138 0.227 0.023 0.035 0.043 0.013 0.025 0.02 0.054 0.031 0.006 0.039 0.025
316 F 0.034 0.019 0.017 0.017 0.011 0.011 0.019 0.026 0.017 0.064 0.115 0.019 0.026 0.384 0.011 0.026 0.026 0.017 0.089 0.055
317 I 0.047 0.018 0.015 0.018 0.016 0.013 0.018 0.021 0.009 0.268 0.169 0.024 0.037 0.044 0.015 0.025 0.04 0.006 0.021 0.177
318 G 0.11 0.025 0.025 0.029 0.016 0.022 0.048 0.153 0.012 0.113 0.111 0.034 0.024 0.029 0.02 0.046 0.04 0.006 0.017 0.121
319 G 0.128 0.035 0.1 0.048 0.015 0.028 0.043 0.158 0.019 0.028 0.04 0.047 0.014 0.019 0.025 0.134 0.057 0.005 0.015 0.04
320 P 0.046 0.036 0.087 0.049 0.01 0.046 0.093 0.038 0.022 0.039 0.08 0.048 0.018 0.1 0.115 0.046 0.036 0.008 0.043 0.04
