#Seq2Logo.py -f /work3/idamei/ssn-clusterings/clustering/2205110921/clusters/0077_198/sequences.afa -o /work3/idamei/ssn-clusterings/clustering/2205110921/clusters/0077_198/sequences.logo
#Position Specific Frequency Matrix
A R N D C Q E G H I L K M F P S T W Y V
0 L 0.051 0.032 0.02 0.02 0.016 0.028 0.028 0.028 0.016 0.099 0.193 0.035 0.175 0.047 0.016 0.035 0.04 0.008 0.024 0.091
1 D 0.119 0.11 0.046 0.123 0.013 0.034 0.058 0.054 0.039 0.029 0.043 0.064 0.014 0.019 0.025 0.099 0.048 0.005 0.018 0.04
2 A 0.123 0.04 0.106 0.059 0.014 0.037 0.107 0.058 0.022 0.037 0.047 0.054 0.015 0.02 0.025 0.105 0.053 0.005 0.017 0.056
3 P 0.054 0.025 0.035 0.116 0.011 0.021 0.042 0.148 0.014 0.044 0.114 0.036 0.019 0.024 0.161 0.042 0.033 0.004 0.014 0.042
4 R 0.045 0.345 0.039 0.031 0.008 0.048 0.052 0.033 0.023 0.023 0.047 0.12 0.016 0.017 0.019 0.045 0.035 0.006 0.017 0.031
5 W 0.037 0.185 0.027 0.023 0.008 0.032 0.037 0.031 0.019 0.027 0.05 0.071 0.015 0.039 0.013 0.033 0.029 0.25 0.043 0.03
6 F 0.037 0.023 0.019 0.018 0.01 0.016 0.023 0.025 0.032 0.053 0.091 0.025 0.022 0.26 0.013 0.028 0.027 0.022 0.205 0.051
7 G 0.078 0.023 0.039 0.034 0.011 0.019 0.025 0.513 0.013 0.019 0.028 0.034 0.009 0.016 0.019 0.051 0.03 0.005 0.011 0.024
8 P 0.175 0.028 0.024 0.03 0.016 0.023 0.038 0.057 0.014 0.034 0.048 0.043 0.014 0.017 0.263 0.064 0.043 0.004 0.015 0.05
9 G 0.061 0.023 0.027 0.024 0.013 0.017 0.023 0.267 0.012 0.067 0.203 0.029 0.029 0.035 0.016 0.038 0.031 0.006 0.016 0.06
10 P 0.083 0.033 0.039 0.04 0.014 0.027 0.044 0.051 0.016 0.028 0.039 0.047 0.013 0.017 0.263 0.134 0.059 0.004 0.015 0.036
11 S 0.109 0.04 0.054 0.049 0.017 0.033 0.052 0.066 0.019 0.03 0.042 0.054 0.016 0.021 0.03 0.224 0.082 0.005 0.017 0.042
12 E 0.055 0.049 0.04 0.09 0.007 0.064 0.3 0.035 0.026 0.022 0.037 0.075 0.013 0.017 0.026 0.055 0.037 0.005 0.017 0.031
13 G 0.078 0.023 0.039 0.034 0.011 0.019 0.025 0.513 0.013 0.019 0.028 0.034 0.009 0.016 0.019 0.051 0.03 0.005 0.011 0.024
14 R 0.104 0.187 0.105 0.064 0.011 0.038 0.05 0.051 0.023 0.027 0.044 0.081 0.014 0.018 0.022 0.059 0.041 0.005 0.016 0.038
15 A 0.221 0.028 0.022 0.025 0.021 0.022 0.034 0.06 0.012 0.083 0.082 0.038 0.022 0.026 0.025 0.067 0.049 0.005 0.018 0.137
16 A 0.234 0.034 0.035 0.036 0.02 0.028 0.044 0.074 0.016 0.038 0.053 0.047 0.017 0.021 0.029 0.132 0.06 0.005 0.017 0.059
17 T 0.076 0.031 0.037 0.034 0.017 0.024 0.036 0.043 0.014 0.12 0.091 0.041 0.024 0.029 0.024 0.115 0.125 0.006 0.018 0.096
18 R 0.057 0.185 0.028 0.024 0.013 0.032 0.038 0.029 0.016 0.093 0.088 0.073 0.023 0.026 0.018 0.039 0.042 0.006 0.019 0.152
19 R 0.044 0.348 0.039 0.031 0.008 0.048 0.052 0.033 0.023 0.023 0.046 0.12 0.015 0.017 0.019 0.044 0.035 0.006 0.017 0.031
20 G 0.066 0.036 0.04 0.062 0.009 0.041 0.163 0.274 0.02 0.02 0.032 0.054 0.011 0.016 0.022 0.053 0.033 0.005 0.014 0.028
21 L 0.044 0.024 0.014 0.015 0.016 0.016 0.02 0.021 0.01 0.115 0.379 0.025 0.049 0.054 0.014 0.024 0.033 0.007 0.022 0.096
22 A 0.183 0.033 0.034 0.033 0.02 0.026 0.04 0.061 0.014 0.048 0.062 0.045 0.019 0.023 0.029 0.088 0.15 0.006 0.018 0.07
23 C 0.055 0.182 0.027 0.024 0.247 0.03 0.034 0.033 0.016 0.034 0.055 0.07 0.016 0.019 0.018 0.042 0.036 0.005 0.015 0.044
24 E 0.055 0.05 0.04 0.09 0.007 0.064 0.297 0.035 0.026 0.022 0.037 0.076 0.013 0.017 0.026 0.055 0.037 0.006 0.017 0.031
25 L 0.052 0.032 0.02 0.02 0.016 0.028 0.028 0.028 0.016 0.1 0.197 0.036 0.161 0.048 0.016 0.036 0.04 0.008 0.024 0.092
26 R 0.045 0.345 0.039 0.031 0.008 0.048 0.052 0.033 0.023 0.023 0.047 0.12 0.016 0.017 0.019 0.045 0.035 0.006 0.017 0.031
27 K 0.057 0.107 0.042 0.042 0.009 0.054 0.071 0.043 0.021 0.028 0.043 0.278 0.016 0.016 0.028 0.054 0.04 0.005 0.017 0.033
28 P 0.057 0.026 0.023 0.031 0.01 0.021 0.036 0.036 0.013 0.026 0.036 0.041 0.01 0.013 0.494 0.044 0.036 0.003 0.013 0.031
29 K 0.057 0.107 0.042 0.042 0.009 0.054 0.071 0.043 0.021 0.028 0.043 0.278 0.016 0.016 0.028 0.054 0.04 0.005 0.017 0.033
30 Y 0.04 0.028 0.022 0.019 0.009 0.022 0.028 0.025 0.047 0.044 0.068 0.031 0.019 0.131 0.016 0.031 0.028 0.028 0.318 0.047
31 Q 0.056 0.074 0.044 0.047 0.009 0.215 0.103 0.041 0.029 0.026 0.047 0.091 0.021 0.015 0.024 0.056 0.041 0.006 0.021 0.035
32 P 0.057 0.026 0.023 0.031 0.01 0.021 0.036 0.036 0.013 0.026 0.036 0.041 0.01 0.013 0.494 0.044 0.036 0.003 0.013 0.031
33 N 0.043 0.045 0.317 0.083 0.009 0.034 0.049 0.065 0.032 0.022 0.032 0.054 0.011 0.018 0.02 0.07 0.049 0.004 0.016 0.027
34 A 0.29 0.031 0.026 0.03 0.022 0.026 0.04 0.078 0.015 0.043 0.059 0.045 0.018 0.022 0.03 0.085 0.05 0.005 0.018 0.069
35 G 0.078 0.023 0.039 0.034 0.011 0.019 0.026 0.51 0.014 0.019 0.028 0.034 0.009 0.016 0.019 0.051 0.03 0.005 0.011 0.024
36 R 0.045 0.345 0.039 0.031 0.008 0.048 0.052 0.033 0.023 0.023 0.047 0.12 0.016 0.017 0.019 0.045 0.035 0.006 0.017 0.031
37 C 0.065 0.016 0.016 0.016 0.484 0.012 0.016 0.032 0.008 0.045 0.065 0.02 0.016 0.02 0.016 0.041 0.037 0.004 0.012 0.057
38 S 0.11 0.04 0.054 0.049 0.018 0.033 0.052 0.066 0.019 0.03 0.042 0.054 0.016 0.021 0.03 0.22 0.082 0.005 0.018 0.042
39 S 0.11 0.04 0.054 0.049 0.018 0.033 0.052 0.066 0.019 0.03 0.042 0.054 0.016 0.021 0.03 0.22 0.082 0.005 0.018 0.042
40 Q 0.056 0.074 0.044 0.047 0.009 0.215 0.103 0.041 0.029 0.026 0.047 0.091 0.021 0.015 0.024 0.056 0.041 0.006 0.021 0.035
41 H 0.042 0.046 0.053 0.038 0.008 0.038 0.053 0.038 0.355 0.023 0.038 0.046 0.015 0.03 0.019 0.042 0.027 0.008 0.057 0.023
42 L 0.045 0.024 0.014 0.015 0.016 0.016 0.02 0.021 0.01 0.115 0.375 0.025 0.05 0.055 0.014 0.024 0.033 0.007 0.022 0.096
43 G 0.078 0.023 0.039 0.034 0.011 0.019 0.026 0.51 0.014 0.019 0.028 0.034 0.009 0.016 0.019 0.051 0.03 0.005 0.011 0.024
44 P 0.057 0.026 0.023 0.031 0.01 0.021 0.036 0.036 0.013 0.026 0.036 0.041 0.01 0.013 0.494 0.044 0.036 0.003 0.013 0.031
45 H 0.042 0.046 0.053 0.038 0.008 0.038 0.053 0.038 0.355 0.023 0.038 0.046 0.015 0.03 0.019 0.042 0.027 0.008 0.057 0.023
46 G 0.078 0.023 0.039 0.034 0.011 0.019 0.026 0.51 0.014 0.019 0.028 0.034 0.009 0.016 0.019 0.051 0.03 0.005 0.011 0.024
47 A 0.29 0.031 0.026 0.03 0.022 0.026 0.04 0.078 0.015 0.043 0.059 0.045 0.018 0.022 0.03 0.085 0.05 0.005 0.018 0.069
48 G 0.078 0.023 0.039 0.034 0.011 0.019 0.026 0.51 0.014 0.019 0.028 0.034 0.009 0.016 0.019 0.051 0.03 0.005 0.011 0.024
49 S 0.11 0.04 0.054 0.049 0.018 0.033 0.052 0.066 0.019 0.03 0.042 0.054 0.016 0.021 0.03 0.22 0.082 0.005 0.018 0.042
50 G 0.078 0.023 0.039 0.034 0.011 0.019 0.026 0.51 0.014 0.019 0.028 0.034 0.009 0.016 0.019 0.051 0.03 0.005 0.011 0.024
51 T 0.073 0.036 0.043 0.038 0.018 0.028 0.039 0.043 0.014 0.053 0.065 0.045 0.02 0.024 0.028 0.093 0.247 0.006 0.018 0.071
52 L 0.044 0.024 0.014 0.015 0.016 0.016 0.02 0.021 0.01 0.115 0.377 0.025 0.049 0.055 0.014 0.024 0.033 0.007 0.022 0.096
53 G 0.062 0.024 0.029 0.028 0.039 0.019 0.028 0.26 0.02 0.027 0.041 0.034 0.012 0.042 0.131 0.043 0.031 0.01 0.086 0.032
54 G 0.069 0.131 0.042 0.049 0.011 0.041 0.106 0.155 0.02 0.023 0.038 0.073 0.013 0.017 0.023 0.092 0.044 0.005 0.015 0.032
55 R 0.053 0.185 0.042 0.033 0.008 0.037 0.044 0.177 0.101 0.022 0.039 0.076 0.013 0.02 0.019 0.045 0.031 0.006 0.024 0.027
56 R 0.061 0.131 0.036 0.045 0.012 0.04 0.105 0.038 0.019 0.045 0.123 0.071 0.023 0.026 0.022 0.086 0.045 0.006 0.018 0.048
57 A 0.112 0.036 0.032 0.042 0.014 0.034 0.101 0.042 0.098 0.065 0.084 0.046 0.021 0.027 0.022 0.051 0.04 0.006 0.027 0.1
58 M 0.041 0.025 0.016 0.016 0.013 0.022 0.022 0.022 0.013 0.08 0.169 0.028 0.323 0.038 0.013 0.028 0.032 0.006 0.019 0.073
59 W 0.043 0.018 0.014 0.015 0.011 0.013 0.018 0.024 0.01 0.115 0.16 0.02 0.023 0.118 0.011 0.026 0.057 0.168 0.04 0.095
60 P 0.07 0.024 0.019 0.023 0.01 0.017 0.028 0.032 0.01 0.038 0.053 0.032 0.024 0.015 0.427 0.038 0.054 0.003 0.012 0.071
61 Y 0.032 0.022 0.017 0.015 0.007 0.017 0.022 0.02 0.037 0.035 0.056 0.025 0.015 0.111 0.012 0.025 0.022 0.022 0.447 0.038
62 W 0.025 0.018 0.012 0.012 0.006 0.012 0.018 0.024 0.012 0.026 0.056 0.018 0.013 0.048 0.006 0.018 0.018 0.576 0.054 0.026
63 L 0.045 0.018 0.013 0.014 0.024 0.013 0.017 0.019 0.009 0.145 0.319 0.02 0.046 0.096 0.012 0.023 0.035 0.006 0.024 0.104
64 L 0.044 0.021 0.013 0.014 0.012 0.015 0.018 0.02 0.01 0.089 0.335 0.022 0.121 0.093 0.012 0.023 0.028 0.007 0.03 0.073
65 F 0.028 0.016 0.014 0.013 0.008 0.009 0.016 0.02 0.015 0.05 0.104 0.016 0.02 0.449 0.009 0.021 0.021 0.025 0.101 0.044
66 L 0.098 0.021 0.018 0.018 0.015 0.016 0.021 0.094 0.01 0.102 0.262 0.025 0.05 0.041 0.015 0.061 0.033 0.005 0.017 0.078
67 L 0.055 0.017 0.013 0.014 0.035 0.012 0.017 0.02 0.009 0.149 0.217 0.02 0.035 0.115 0.012 0.024 0.032 0.007 0.034 0.162
68 P 0.08 0.02 0.019 0.023 0.031 0.016 0.026 0.042 0.011 0.035 0.044 0.03 0.011 0.09 0.374 0.045 0.036 0.005 0.028 0.034
69 A 0.339 0.024 0.02 0.023 0.019 0.019 0.03 0.053 0.011 0.054 0.066 0.033 0.016 0.038 0.021 0.077 0.04 0.005 0.016 0.096
70 L 0.062 0.018 0.015 0.015 0.036 0.013 0.018 0.059 0.01 0.113 0.224 0.021 0.037 0.098 0.012 0.03 0.036 0.04 0.034 0.109
71 G 0.208 0.021 0.023 0.023 0.013 0.017 0.025 0.241 0.011 0.041 0.074 0.03 0.017 0.033 0.029 0.055 0.04 0.005 0.022 0.069
72 A 0.276 0.023 0.021 0.022 0.038 0.019 0.028 0.048 0.011 0.064 0.088 0.032 0.026 0.023 0.02 0.079 0.057 0.004 0.015 0.107
73 L 0.053 0.019 0.012 0.013 0.013 0.013 0.017 0.02 0.009 0.128 0.343 0.021 0.042 0.082 0.023 0.023 0.029 0.006 0.022 0.115
74 L 0.091 0.036 0.067 0.029 0.012 0.048 0.039 0.088 0.023 0.055 0.101 0.035 0.024 0.078 0.017 0.069 0.087 0.006 0.022 0.076
75 E 0.088 0.033 0.064 0.059 0.01 0.031 0.126 0.116 0.03 0.026 0.037 0.041 0.02 0.019 0.092 0.086 0.05 0.005 0.03 0.038
76 R 0.083 0.204 0.03 0.029 0.009 0.062 0.055 0.09 0.016 0.032 0.049 0.068 0.019 0.016 0.052 0.074 0.047 0.016 0.016 0.033
77 R 0.092 0.145 0.039 0.046 0.009 0.037 0.045 0.095 0.016 0.029 0.056 0.062 0.015 0.018 0.086 0.06 0.039 0.049 0.016 0.046
78 R 0.061 0.176 0.035 0.034 0.01 0.032 0.037 0.085 0.023 0.041 0.132 0.054 0.02 0.026 0.044 0.056 0.049 0.005 0.024 0.057
79 R 0.115 0.116 0.035 0.077 0.01 0.04 0.06 0.071 0.024 0.037 0.046 0.071 0.016 0.017 0.075 0.072 0.048 0.004 0.022 0.043
80 A 0.29 0.031 0.026 0.03 0.022 0.026 0.04 0.078 0.015 0.043 0.059 0.045 0.018 0.022 0.03 0.085 0.05 0.005 0.018 0.069
81 A 0.29 0.031 0.026 0.03 0.022 0.026 0.04 0.078 0.015 0.043 0.059 0.045 0.018 0.022 0.03 0.085 0.05 0.005 0.018 0.069
82 A 0.29 0.031 0.026 0.03 0.022 0.026 0.04 0.078 0.015 0.043 0.059 0.045 0.018 0.022 0.03 0.085 0.05 0.005 0.018 0.069
83 D 0.041 0.03 0.069 0.397 0.008 0.03 0.091 0.047 0.019 0.022 0.028 0.045 0.009 0.015 0.022 0.052 0.035 0.004 0.011 0.024
84 G 0.078 0.023 0.039 0.034 0.011 0.019 0.026 0.51 0.014 0.019 0.028 0.034 0.009 0.016 0.019 0.051 0.03 0.005 0.011 0.024
85 R 0.045 0.345 0.039 0.031 0.008 0.048 0.052 0.033 0.023 0.023 0.047 0.12 0.016 0.017 0.019 0.045 0.035 0.006 0.017 0.031
86 P 0.057 0.026 0.023 0.031 0.01 0.021 0.036 0.036 0.013 0.026 0.036 0.041 0.01 0.013 0.494 0.044 0.036 0.003 0.013 0.031
87 A 0.29 0.031 0.026 0.03 0.022 0.026 0.04 0.078 0.015 0.043 0.059 0.045 0.018 0.022 0.03 0.085 0.05 0.005 0.018 0.069
88 A 0.29 0.031 0.026 0.03 0.022 0.026 0.04 0.078 0.015 0.043 0.059 0.045 0.018 0.022 0.03 0.085 0.05 0.005 0.018 0.069
89 E 0.055 0.05 0.04 0.09 0.007 0.064 0.297 0.035 0.026 0.022 0.037 0.076 0.013 0.017 0.026 0.055 0.037 0.006 0.017 0.031
90 P 0.057 0.026 0.023 0.031 0.01 0.021 0.036 0.036 0.013 0.026 0.036 0.041 0.01 0.013 0.494 0.044 0.036 0.003 0.013 0.031
91 S 0.11 0.04 0.054 0.049 0.018 0.033 0.052 0.066 0.019 0.03 0.042 0.054 0.016 0.021 0.03 0.22 0.082 0.005 0.018 0.042
92 P 0.085 0.122 0.028 0.038 0.009 0.033 0.053 0.076 0.023 0.03 0.063 0.055 0.019 0.017 0.197 0.061 0.031 0.004 0.022 0.033
93 G 0.088 0.05 0.057 0.056 0.012 0.023 0.044 0.127 0.026 0.052 0.073 0.048 0.017 0.021 0.07 0.083 0.039 0.02 0.016 0.078
94 P 0.077 0.091 0.036 0.034 0.011 0.042 0.044 0.043 0.057 0.028 0.047 0.055 0.014 0.02 0.147 0.107 0.058 0.032 0.022 0.036
95 L 0.085 0.084 0.027 0.027 0.014 0.036 0.035 0.068 0.014 0.097 0.116 0.047 0.023 0.027 0.045 0.072 0.056 0.005 0.017 0.106
96 G 0.151 0.025 0.034 0.032 0.014 0.021 0.03 0.369 0.014 0.027 0.038 0.037 0.012 0.018 0.022 0.062 0.036 0.005 0.013 0.039
97 I 0.047 0.018 0.015 0.018 0.016 0.013 0.018 0.02 0.009 0.275 0.167 0.023 0.037 0.044 0.015 0.025 0.04 0.006 0.02 0.176
98 R 0.044 0.348 0.039 0.031 0.008 0.048 0.052 0.033 0.023 0.023 0.046 0.12 0.015 0.017 0.019 0.044 0.035 0.006 0.017 0.031
99 P 0.057 0.026 0.023 0.031 0.01 0.021 0.036 0.036 0.013 0.026 0.036 0.041 0.01 0.013 0.496 0.044 0.036 0.003 0.013 0.031
100 K 0.057 0.107 0.041 0.041 0.009 0.053 0.07 0.043 0.021 0.027 0.043 0.282 0.015 0.015 0.027 0.053 0.04 0.005 0.017 0.033
101 G 0.078 0.023 0.039 0.034 0.011 0.019 0.025 0.513 0.013 0.019 0.028 0.034 0.009 0.016 0.019 0.051 0.03 0.005 0.011 0.024
102 L 0.089 0.029 0.044 0.097 0.013 0.026 0.071 0.066 0.015 0.047 0.121 0.039 0.02 0.045 0.073 0.062 0.068 0.005 0.019 0.05
103 A 0.29 0.031 0.026 0.03 0.022 0.026 0.04 0.078 0.015 0.043 0.059 0.045 0.018 0.022 0.03 0.085 0.05 0.005 0.018 0.069
104 G 0.094 0.031 0.046 0.041 0.014 0.026 0.039 0.289 0.016 0.024 0.035 0.044 0.012 0.018 0.024 0.137 0.056 0.005 0.014 0.033
105 P 0.056 0.049 0.034 0.039 0.01 0.12 0.069 0.039 0.021 0.026 0.041 0.066 0.015 0.014 0.26 0.05 0.039 0.004 0.017 0.033
106 A 0.294 0.031 0.025 0.03 0.021 0.025 0.04 0.078 0.015 0.043 0.059 0.044 0.017 0.021 0.03 0.085 0.05 0.005 0.017 0.068
107 P 0.057 0.026 0.023 0.031 0.01 0.021 0.036 0.036 0.013 0.026 0.036 0.041 0.01 0.013 0.496 0.044 0.036 0.003 0.013 0.031
108 S 0.11 0.04 0.054 0.049 0.018 0.033 0.052 0.066 0.019 0.03 0.042 0.054 0.016 0.021 0.03 0.22 0.082 0.005 0.018 0.042
109 G 0.113 0.045 0.079 0.055 0.012 0.023 0.036 0.201 0.016 0.033 0.046 0.041 0.022 0.018 0.092 0.064 0.038 0.005 0.014 0.049
110 L 0.069 0.062 0.029 0.028 0.013 0.042 0.036 0.078 0.016 0.071 0.117 0.05 0.039 0.031 0.063 0.071 0.081 0.006 0.037 0.061
111 P 0.057 0.026 0.023 0.031 0.01 0.021 0.036 0.036 0.013 0.026 0.036 0.041 0.01 0.013 0.494 0.044 0.036 0.003 0.013 0.031
112 G 0.078 0.023 0.039 0.034 0.011 0.019 0.026 0.51 0.014 0.019 0.028 0.034 0.009 0.016 0.019 0.051 0.03 0.005 0.011 0.024
113 A 0.29 0.031 0.026 0.03 0.022 0.026 0.04 0.078 0.015 0.043 0.059 0.045 0.018 0.022 0.03 0.085 0.05 0.005 0.018 0.069
114 P 0.057 0.026 0.023 0.031 0.01 0.021 0.036 0.036 0.013 0.026 0.036 0.041 0.01 0.013 0.494 0.044 0.036 0.003 0.013 0.031
115 L 0.045 0.024 0.014 0.015 0.016 0.016 0.02 0.021 0.01 0.115 0.375 0.025 0.05 0.055 0.014 0.024 0.033 0.007 0.022 0.096
116 Q 0.056 0.074 0.044 0.047 0.009 0.215 0.103 0.041 0.029 0.026 0.047 0.091 0.021 0.015 0.024 0.056 0.041 0.006 0.021 0.035
117 L 0.052 0.032 0.02 0.02 0.016 0.028 0.028 0.028 0.016 0.1 0.197 0.036 0.161 0.048 0.016 0.036 0.04 0.008 0.024 0.092
118 R 0.077 0.175 0.076 0.036 0.01 0.064 0.049 0.04 0.053 0.029 0.043 0.071 0.015 0.022 0.051 0.059 0.047 0.017 0.034 0.035
119 P 0.104 0.077 0.032 0.05 0.011 0.05 0.057 0.055 0.038 0.042 0.048 0.062 0.015 0.034 0.105 0.087 0.052 0.005 0.019 0.057
120 P 0.057 0.026 0.023 0.031 0.01 0.021 0.036 0.036 0.013 0.026 0.036 0.041 0.01 0.013 0.496 0.044 0.036 0.003 0.013 0.031
121 A 0.094 0.085 0.044 0.057 0.011 0.058 0.051 0.054 0.024 0.055 0.092 0.051 0.023 0.04 0.03 0.077 0.052 0.005 0.025 0.073
122 A 0.29 0.031 0.026 0.03 0.022 0.026 0.04 0.078 0.015 0.043 0.059 0.045 0.018 0.022 0.03 0.085 0.05 0.005 0.018 0.069
123 R 0.081 0.191 0.047 0.047 0.009 0.071 0.045 0.045 0.035 0.035 0.059 0.075 0.02 0.018 0.039 0.08 0.034 0.005 0.024 0.041
124 G 0.078 0.023 0.039 0.034 0.011 0.019 0.026 0.51 0.014 0.019 0.028 0.034 0.009 0.016 0.019 0.051 0.03 0.005 0.011 0.024
125 L 0.073 0.104 0.023 0.022 0.01 0.047 0.031 0.05 0.035 0.074 0.139 0.045 0.02 0.036 0.062 0.051 0.044 0.039 0.028 0.066
126 N 0.059 0.068 0.127 0.071 0.009 0.033 0.038 0.086 0.017 0.029 0.063 0.063 0.014 0.023 0.065 0.096 0.056 0.008 0.032 0.042
127 A 0.115 0.03 0.019 0.02 0.012 0.023 0.024 0.101 0.012 0.065 0.11 0.031 0.024 0.082 0.095 0.043 0.031 0.027 0.038 0.1
128 A 0.155 0.031 0.022 0.022 0.013 0.018 0.026 0.086 0.02 0.075 0.114 0.03 0.033 0.051 0.041 0.082 0.047 0.011 0.019 0.105
129 W 0.035 0.018 0.012 0.013 0.008 0.012 0.018 0.023 0.012 0.041 0.142 0.019 0.024 0.091 0.008 0.02 0.021 0.39 0.054 0.038
130 L 0.061 0.024 0.018 0.022 0.013 0.021 0.022 0.085 0.01 0.099 0.145 0.024 0.03 0.084 0.013 0.049 0.037 0.108 0.028 0.107
131 T 0.073 0.036 0.044 0.038 0.018 0.028 0.04 0.044 0.014 0.053 0.065 0.046 0.02 0.024 0.028 0.093 0.244 0.006 0.018 0.071
132 L 0.085 0.02 0.016 0.017 0.013 0.014 0.02 0.07 0.01 0.085 0.237 0.024 0.033 0.081 0.036 0.049 0.032 0.023 0.022 0.115
133 V 0.123 0.019 0.017 0.017 0.017 0.014 0.021 0.073 0.009 0.106 0.131 0.024 0.031 0.089 0.015 0.041 0.044 0.017 0.023 0.169
134 G 0.114 0.02 0.021 0.02 0.023 0.015 0.022 0.185 0.01 0.078 0.093 0.026 0.029 0.043 0.015 0.051 0.051 0.068 0.02 0.095
135 L 0.094 0.019 0.015 0.016 0.013 0.013 0.019 0.046 0.009 0.138 0.236 0.022 0.034 0.091 0.013 0.03 0.039 0.006 0.023 0.123
136 L 0.099 0.019 0.016 0.017 0.013 0.014 0.02 0.059 0.01 0.089 0.213 0.023 0.031 0.14 0.014 0.041 0.044 0.007 0.028 0.105
137 L 0.043 0.018 0.013 0.014 0.012 0.013 0.017 0.02 0.011 0.115 0.267 0.02 0.046 0.153 0.011 0.024 0.041 0.019 0.047 0.097
138 T 0.168 0.026 0.029 0.027 0.02 0.021 0.031 0.053 0.011 0.051 0.061 0.035 0.016 0.019 0.021 0.108 0.203 0.004 0.014 0.081
139 L 0.049 0.019 0.013 0.013 0.013 0.013 0.017 0.03 0.008 0.119 0.38 0.021 0.034 0.054 0.012 0.023 0.036 0.006 0.019 0.123
140 L 0.076 0.02 0.014 0.015 0.013 0.016 0.02 0.024 0.01 0.109 0.193 0.024 0.128 0.097 0.013 0.028 0.031 0.006 0.024 0.139
141 I 0.04 0.015 0.012 0.014 0.013 0.012 0.015 0.017 0.007 0.364 0.13 0.02 0.049 0.034 0.012 0.022 0.039 0.005 0.016 0.162
142 G 0.062 0.018 0.031 0.027 0.009 0.015 0.02 0.613 0.011 0.015 0.022 0.027 0.007 0.013 0.015 0.041 0.023 0.004 0.009 0.019
143 L 0.033 0.018 0.013 0.013 0.011 0.012 0.017 0.018 0.013 0.072 0.314 0.019 0.034 0.178 0.011 0.02 0.024 0.021 0.09 0.068
144 R 0.035 0.482 0.031 0.025 0.006 0.038 0.041 0.026 0.018 0.018 0.037 0.095 0.012 0.014 0.015 0.035 0.028 0.005 0.014 0.025
145 Y 0.031 0.024 0.023 0.028 0.008 0.018 0.03 0.023 0.14 0.043 0.06 0.025 0.016 0.196 0.012 0.026 0.022 0.015 0.219 0.043
146 E 0.042 0.102 0.043 0.053 0.006 0.162 0.232 0.03 0.03 0.019 0.033 0.085 0.013 0.013 0.019 0.043 0.03 0.004 0.015 0.026
147 V 0.055 0.017 0.013 0.014 0.015 0.013 0.018 0.019 0.006 0.136 0.104 0.021 0.025 0.028 0.013 0.026 0.039 0.004 0.016 0.417
148 G 0.062 0.018 0.031 0.027 0.009 0.015 0.02 0.613 0.011 0.015 0.022 0.027 0.007 0.013 0.015 0.041 0.023 0.004 0.009 0.019
149 G 0.154 0.02 0.029 0.026 0.011 0.017 0.024 0.457 0.011 0.02 0.029 0.029 0.009 0.014 0.017 0.054 0.035 0.004 0.01 0.029
150 D 0.033 0.024 0.055 0.522 0.006 0.024 0.073 0.037 0.015 0.018 0.022 0.036 0.007 0.012 0.018 0.041 0.028 0.003 0.009 0.019
151 W 0.024 0.018 0.012 0.012 0.006 0.012 0.018 0.024 0.013 0.024 0.042 0.018 0.012 0.05 0.006 0.018 0.018 0.577 0.069 0.024
152 G 0.049 0.024 0.045 0.056 0.009 0.037 0.046 0.217 0.023 0.044 0.064 0.037 0.014 0.134 0.025 0.048 0.034 0.018 0.043 0.035
153 N 0.135 0.031 0.208 0.045 0.012 0.024 0.037 0.051 0.018 0.027 0.036 0.04 0.012 0.016 0.031 0.13 0.092 0.004 0.013 0.039
154 Y 0.032 0.022 0.017 0.015 0.007 0.017 0.022 0.02 0.037 0.034 0.054 0.025 0.015 0.103 0.012 0.025 0.022 0.022 0.461 0.037
155 L 0.06 0.032 0.025 0.032 0.012 0.026 0.069 0.023 0.011 0.131 0.258 0.036 0.039 0.061 0.014 0.03 0.036 0.005 0.019 0.081
156 R 0.103 0.142 0.054 0.088 0.009 0.033 0.046 0.124 0.027 0.039 0.049 0.064 0.013 0.045 0.019 0.048 0.03 0.005 0.025 0.036
157 H 0.035 0.027 0.072 0.025 0.009 0.034 0.03 0.026 0.148 0.104 0.096 0.03 0.043 0.063 0.013 0.03 0.027 0.009 0.126 0.053
158 L 0.033 0.018 0.013 0.013 0.01 0.012 0.017 0.019 0.015 0.074 0.235 0.019 0.032 0.22 0.01 0.021 0.024 0.022 0.115 0.077
159 E 0.063 0.057 0.052 0.123 0.008 0.033 0.153 0.05 0.029 0.04 0.053 0.066 0.013 0.05 0.018 0.061 0.031 0.006 0.06 0.033
160 R 0.06 0.119 0.07 0.081 0.009 0.056 0.068 0.056 0.027 0.043 0.065 0.054 0.024 0.034 0.017 0.07 0.046 0.017 0.049 0.036
161 A 0.167 0.042 0.021 0.021 0.014 0.023 0.029 0.036 0.011 0.117 0.086 0.032 0.037 0.034 0.018 0.068 0.075 0.005 0.024 0.138
162 A 0.128 0.098 0.031 0.057 0.011 0.053 0.039 0.084 0.024 0.035 0.06 0.046 0.016 0.021 0.019 0.119 0.056 0.005 0.033 0.065
163 G 0.054 0.069 0.041 0.056 0.009 0.024 0.054 0.124 0.027 0.033 0.062 0.037 0.014 0.068 0.026 0.059 0.058 0.041 0.098 0.049
164 L 0.102 0.054 0.037 0.033 0.012 0.032 0.044 0.042 0.013 0.073 0.169 0.045 0.053 0.048 0.016 0.062 0.042 0.006 0.034 0.083
165 D 0.041 0.035 0.153 0.295 0.008 0.031 0.077 0.052 0.023 0.022 0.029 0.048 0.01 0.016 0.022 0.058 0.04 0.004 0.013 0.025
166 S 0.065 0.041 0.048 0.062 0.011 0.024 0.051 0.13 0.014 0.025 0.035 0.04 0.017 0.015 0.092 0.181 0.098 0.004 0.012 0.033
167 L 0.045 0.024 0.014 0.015 0.016 0.016 0.02 0.021 0.01 0.115 0.375 0.025 0.05 0.055 0.014 0.024 0.033 0.007 0.022 0.096
168 I 0.047 0.018 0.015 0.018 0.016 0.013 0.018 0.021 0.009 0.271 0.168 0.024 0.037 0.044 0.015 0.025 0.04 0.006 0.021 0.177
169 R 0.045 0.345 0.039 0.031 0.008 0.048 0.052 0.033 0.023 0.023 0.047 0.12 0.016 0.017 0.019 0.045 0.035 0.006 0.017 0.031
170 L 0.052 0.032 0.02 0.02 0.016 0.028 0.028 0.028 0.016 0.1 0.197 0.036 0.161 0.048 0.016 0.036 0.04 0.008 0.024 0.092
171 V 0.07 0.022 0.016 0.018 0.019 0.016 0.023 0.025 0.008 0.165 0.13 0.026 0.032 0.036 0.016 0.033 0.049 0.006 0.021 0.269
172 E 0.055 0.05 0.04 0.09 0.007 0.064 0.297 0.035 0.026 0.022 0.037 0.076 0.013 0.017 0.026 0.055 0.037 0.006 0.017 0.031
173 L 0.039 0.026 0.013 0.013 0.011 0.012 0.016 0.02 0.011 0.088 0.275 0.02 0.035 0.232 0.01 0.021 0.024 0.031 0.04 0.063
174 S 0.076 0.046 0.037 0.066 0.01 0.053 0.062 0.086 0.024 0.035 0.078 0.043 0.027 0.035 0.033 0.093 0.044 0.075 0.037 0.043
175 P 0.057 0.026 0.023 0.031 0.01 0.021 0.036 0.036 0.013 0.026 0.036 0.041 0.01 0.013 0.494 0.044 0.036 0.003 0.013 0.031
176 E 0.051 0.06 0.036 0.159 0.007 0.06 0.208 0.049 0.026 0.023 0.032 0.058 0.011 0.014 0.041 0.064 0.031 0.015 0.014 0.04
177 N 0.076 0.042 0.186 0.066 0.013 0.033 0.051 0.066 0.025 0.026 0.037 0.054 0.013 0.019 0.025 0.145 0.066 0.005 0.017 0.034
178 G 0.078 0.023 0.039 0.034 0.011 0.019 0.026 0.51 0.014 0.019 0.028 0.034 0.009 0.016 0.019 0.051 0.03 0.005 0.011 0.024
179 E 0.055 0.05 0.04 0.09 0.007 0.064 0.297 0.035 0.026 0.022 0.037 0.076 0.013 0.017 0.026 0.055 0.037 0.006 0.017 0.031
180 G 0.078 0.023 0.039 0.034 0.011 0.019 0.026 0.51 0.014 0.019 0.028 0.034 0.009 0.016 0.019 0.051 0.03 0.005 0.011 0.024
181 L 0.045 0.024 0.014 0.015 0.016 0.016 0.02 0.021 0.01 0.115 0.375 0.025 0.05 0.055 0.014 0.024 0.033 0.007 0.022 0.096
182 G 0.061 0.024 0.027 0.024 0.013 0.018 0.023 0.266 0.012 0.067 0.202 0.029 0.029 0.035 0.017 0.038 0.031 0.006 0.017 0.06
183 V 0.155 0.021 0.018 0.02 0.014 0.017 0.039 0.033 0.01 0.118 0.115 0.028 0.039 0.028 0.016 0.052 0.05 0.016 0.025 0.187
184 V 0.07 0.022 0.017 0.018 0.019 0.017 0.023 0.025 0.008 0.165 0.131 0.026 0.032 0.036 0.017 0.033 0.05 0.006 0.021 0.266
185 L 0.046 0.019 0.015 0.015 0.012 0.014 0.019 0.027 0.012 0.116 0.278 0.022 0.044 0.071 0.034 0.047 0.031 0.028 0.022 0.128
186 T 0.097 0.05 0.03 0.048 0.012 0.043 0.071 0.061 0.013 0.047 0.103 0.039 0.036 0.034 0.018 0.088 0.114 0.027 0.017 0.049
187 P 0.057 0.026 0.023 0.031 0.01 0.021 0.036 0.036 0.013 0.026 0.036 0.041 0.01 0.013 0.494 0.044 0.036 0.003 0.013 0.031
188 G 0.06 0.1 0.026 0.025 0.009 0.075 0.037 0.101 0.028 0.045 0.097 0.069 0.044 0.073 0.016 0.051 0.054 0.017 0.03 0.043
189 G 0.067 0.056 0.046 0.062 0.01 0.023 0.052 0.257 0.014 0.03 0.042 0.06 0.017 0.015 0.031 0.122 0.05 0.004 0.012 0.031
190 D 0.033 0.025 0.053 0.499 0.006 0.025 0.093 0.036 0.015 0.018 0.023 0.037 0.008 0.012 0.018 0.041 0.028 0.003 0.009 0.02
191 P 0.045 0.02 0.019 0.024 0.008 0.016 0.028 0.028 0.01 0.028 0.031 0.032 0.009 0.011 0.578 0.035 0.036 0.002 0.01 0.027
192 G 0.139 0.02 0.029 0.026 0.011 0.016 0.023 0.474 0.011 0.021 0.029 0.029 0.009 0.014 0.017 0.055 0.028 0.004 0.01 0.034
193 Y 0.032 0.022 0.017 0.015 0.007 0.017 0.022 0.02 0.042 0.035 0.055 0.025 0.015 0.113 0.012 0.025 0.022 0.022 0.445 0.037
194 Y 0.077 0.081 0.028 0.023 0.015 0.081 0.036 0.061 0.033 0.055 0.059 0.049 0.042 0.046 0.015 0.042 0.032 0.032 0.146 0.049
195 L 0.077 0.019 0.013 0.014 0.013 0.013 0.018 0.033 0.009 0.093 0.367 0.021 0.033 0.087 0.012 0.025 0.028 0.006 0.022 0.097
196 L 0.038 0.018 0.012 0.013 0.013 0.012 0.016 0.017 0.008 0.148 0.373 0.02 0.035 0.062 0.011 0.02 0.029 0.006 0.02 0.131
197 N 0.038 0.035 0.393 0.063 0.013 0.028 0.069 0.049 0.024 0.019 0.027 0.043 0.009 0.014 0.017 0.067 0.053 0.004 0.013 0.024
198 W 0.042 0.02 0.013 0.014 0.007 0.013 0.027 0.026 0.012 0.032 0.055 0.02 0.014 0.055 0.008 0.027 0.02 0.509 0.055 0.029
199 L 0.058 0.019 0.014 0.015 0.018 0.013 0.018 0.032 0.009 0.149 0.314 0.022 0.043 0.058 0.013 0.037 0.03 0.009 0.019 0.11
200 S 0.146 0.024 0.027 0.026 0.025 0.02 0.03 0.074 0.011 0.067 0.06 0.032 0.017 0.02 0.019 0.17 0.054 0.004 0.014 0.159
201 A 0.179 0.035 0.04 0.034 0.023 0.04 0.034 0.076 0.031 0.058 0.097 0.042 0.017 0.026 0.018 0.073 0.042 0.013 0.042 0.08
202 Q 0.049 0.109 0.046 0.037 0.008 0.165 0.096 0.054 0.048 0.024 0.054 0.092 0.015 0.024 0.018 0.068 0.04 0.005 0.018 0.032
203 L 0.088 0.023 0.042 0.02 0.012 0.023 0.023 0.029 0.011 0.078 0.262 0.026 0.044 0.068 0.014 0.055 0.052 0.039 0.022 0.07
204 G 0.055 0.021 0.035 0.118 0.008 0.017 0.038 0.464 0.012 0.024 0.026 0.036 0.008 0.022 0.015 0.04 0.025 0.004 0.01 0.022
205 G 0.06 0.019 0.029 0.02 0.009 0.014 0.02 0.263 0.012 0.045 0.097 0.024 0.018 0.062 0.012 0.033 0.038 0.135 0.045 0.043
206 G 0.053 0.028 0.048 0.15 0.008 0.038 0.095 0.234 0.024 0.019 0.029 0.045 0.01 0.025 0.018 0.078 0.045 0.01 0.021 0.024
207 I 0.04 0.017 0.013 0.015 0.013 0.019 0.017 0.018 0.008 0.354 0.125 0.028 0.041 0.033 0.018 0.022 0.032 0.005 0.016 0.167
208 Y 0.04 0.03 0.017 0.015 0.008 0.017 0.022 0.023 0.043 0.036 0.077 0.024 0.016 0.102 0.011 0.025 0.034 0.2 0.218 0.043
209 G 0.072 0.021 0.021 0.021 0.01 0.022 0.029 0.202 0.02 0.06 0.168 0.025 0.026 0.073 0.013 0.045 0.028 0.068 0.024 0.053
210 V 0.059 0.017 0.013 0.014 0.015 0.013 0.019 0.02 0.007 0.128 0.102 0.021 0.025 0.028 0.013 0.027 0.042 0.004 0.016 0.415
211 N 0.034 0.035 0.46 0.066 0.007 0.027 0.039 0.052 0.025 0.018 0.025 0.043 0.009 0.014 0.016 0.055 0.039 0.004 0.012 0.021
212 L 0.048 0.02 0.015 0.015 0.013 0.014 0.019 0.021 0.009 0.107 0.353 0.022 0.032 0.064 0.013 0.034 0.077 0.006 0.02 0.098
213 V 0.081 0.017 0.013 0.015 0.025 0.013 0.018 0.025 0.008 0.195 0.143 0.021 0.032 0.046 0.013 0.027 0.035 0.005 0.018 0.251
214 C 0.077 0.016 0.018 0.017 0.434 0.012 0.017 0.103 0.008 0.032 0.046 0.021 0.012 0.017 0.015 0.063 0.032 0.004 0.016 0.041
215 G 0.216 0.021 0.027 0.025 0.012 0.017 0.025 0.387 0.011 0.023 0.032 0.03 0.01 0.015 0.018 0.051 0.03 0.004 0.011 0.034
216 L 0.184 0.022 0.019 0.02 0.014 0.017 0.024 0.08 0.01 0.088 0.188 0.028 0.035 0.042 0.017 0.046 0.067 0.005 0.017 0.079
217 L 0.039 0.017 0.012 0.014 0.024 0.012 0.016 0.018 0.008 0.252 0.262 0.02 0.032 0.046 0.012 0.027 0.031 0.005 0.018 0.139
218 F 0.033 0.016 0.014 0.014 0.01 0.01 0.016 0.031 0.012 0.064 0.128 0.017 0.025 0.382 0.01 0.022 0.032 0.011 0.055 0.097
219 S 0.129 0.027 0.028 0.027 0.014 0.022 0.031 0.062 0.013 0.054 0.076 0.035 0.104 0.024 0.019 0.158 0.091 0.005 0.015 0.067
220 W 0.085 0.019 0.015 0.016 0.011 0.014 0.02 0.027 0.021 0.099 0.111 0.022 0.025 0.083 0.012 0.037 0.033 0.192 0.066 0.092
221 G 0.062 0.018 0.031 0.026 0.019 0.015 0.02 0.602 0.011 0.015 0.023 0.026 0.008 0.013 0.015 0.04 0.024 0.004 0.009 0.02
222 L 0.041 0.019 0.012 0.013 0.013 0.013 0.017 0.018 0.008 0.112 0.399 0.021 0.035 0.044 0.012 0.022 0.042 0.005 0.018 0.137
223 V 0.107 0.02 0.016 0.017 0.014 0.028 0.023 0.027 0.009 0.149 0.135 0.025 0.036 0.055 0.015 0.04 0.053 0.005 0.019 0.205
224 R 0.132 0.174 0.024 0.024 0.022 0.035 0.044 0.034 0.013 0.067 0.066 0.054 0.022 0.029 0.017 0.06 0.049 0.005 0.016 0.114
225 F 0.028 0.015 0.013 0.013 0.009 0.009 0.015 0.02 0.013 0.06 0.122 0.015 0.022 0.471 0.009 0.02 0.021 0.013 0.065 0.048
226 C 0.208 0.02 0.019 0.02 0.277 0.016 0.023 0.042 0.009 0.039 0.051 0.026 0.014 0.017 0.018 0.079 0.037 0.004 0.012 0.069
227 R 0.045 0.363 0.038 0.027 0.007 0.063 0.044 0.039 0.018 0.022 0.052 0.11 0.013 0.024 0.016 0.043 0.029 0.005 0.015 0.027
228 S 0.116 0.12 0.057 0.041 0.011 0.047 0.041 0.041 0.043 0.034 0.041 0.066 0.013 0.017 0.02 0.122 0.11 0.004 0.016 0.039
229 Q 0.041 0.045 0.027 0.031 0.009 0.248 0.074 0.027 0.018 0.043 0.185 0.055 0.025 0.022 0.016 0.036 0.031 0.005 0.017 0.043
230 P 0.054 0.021 0.02 0.025 0.009 0.017 0.029 0.03 0.011 0.021 0.03 0.033 0.009 0.012 0.546 0.049 0.037 0.003 0.019 0.026
231 R 0.045 0.256 0.076 0.028 0.008 0.044 0.044 0.029 0.019 0.036 0.123 0.072 0.017 0.022 0.015 0.048 0.03 0.021 0.024 0.042
232 P 0.046 0.021 0.019 0.025 0.008 0.017 0.029 0.029 0.01 0.02 0.029 0.033 0.008 0.01 0.589 0.041 0.029 0.002 0.01 0.025
233 W 0.025 0.027 0.012 0.012 0.006 0.012 0.018 0.024 0.012 0.028 0.063 0.019 0.013 0.061 0.007 0.02 0.019 0.542 0.052 0.027
234 L 0.036 0.019 0.012 0.012 0.013 0.013 0.016 0.017 0.008 0.091 0.489 0.02 0.038 0.042 0.011 0.02 0.034 0.006 0.018 0.084
235 A 0.351 0.024 0.022 0.024 0.016 0.02 0.031 0.077 0.011 0.047 0.051 0.034 0.015 0.018 0.022 0.089 0.049 0.004 0.014 0.08
236 L 0.053 0.019 0.013 0.014 0.013 0.014 0.018 0.02 0.009 0.113 0.362 0.021 0.048 0.067 0.012 0.03 0.036 0.006 0.028 0.104
237 L 0.171 0.021 0.017 0.018 0.015 0.016 0.023 0.034 0.009 0.076 0.232 0.027 0.027 0.029 0.017 0.052 0.056 0.005 0.016 0.139
238 V 0.085 0.018 0.014 0.015 0.026 0.013 0.019 0.023 0.007 0.152 0.102 0.022 0.03 0.028 0.014 0.029 0.038 0.004 0.016 0.347
239 A 0.415 0.025 0.022 0.024 0.017 0.021 0.033 0.061 0.012 0.033 0.046 0.036 0.014 0.017 0.023 0.088 0.041 0.004 0.014 0.053
240 V 0.049 0.017 0.013 0.014 0.014 0.013 0.017 0.019 0.007 0.217 0.113 0.021 0.039 0.031 0.013 0.025 0.043 0.005 0.016 0.313
241 P 0.045 0.02 0.018 0.025 0.008 0.016 0.029 0.029 0.01 0.02 0.029 0.033 0.008 0.01 0.6 0.035 0.029 0.002 0.01 0.025
242 Y 0.032 0.022 0.017 0.015 0.007 0.017 0.022 0.02 0.037 0.034 0.054 0.025 0.015 0.103 0.012 0.025 0.022 0.022 0.461 0.037
243 L 0.036 0.02 0.012 0.012 0.013 0.014 0.017 0.017 0.009 0.088 0.458 0.021 0.066 0.053 0.011 0.02 0.027 0.006 0.027 0.074
244 V 0.055 0.017 0.013 0.014 0.014 0.012 0.017 0.019 0.007 0.209 0.153 0.02 0.027 0.032 0.013 0.024 0.036 0.005 0.016 0.298
245 I 0.043 0.016 0.014 0.015 0.013 0.012 0.017 0.019 0.007 0.319 0.126 0.021 0.027 0.032 0.013 0.026 0.067 0.005 0.016 0.192
246 V 0.055 0.017 0.013 0.014 0.015 0.013 0.018 0.03 0.007 0.133 0.102 0.021 0.025 0.028 0.013 0.026 0.039 0.004 0.016 0.409
247 V 0.054 0.017 0.013 0.014 0.015 0.013 0.018 0.019 0.007 0.134 0.118 0.021 0.026 0.029 0.013 0.026 0.038 0.004 0.016 0.404
248 A 0.298 0.023 0.025 0.026 0.014 0.019 0.03 0.207 0.012 0.029 0.041 0.033 0.018 0.016 0.021 0.089 0.037 0.004 0.013 0.043
249 M 0.041 0.025 0.016 0.016 0.013 0.022 0.022 0.022 0.013 0.08 0.162 0.028 0.331 0.038 0.013 0.028 0.032 0.006 0.019 0.073
250 G 0.061 0.018 0.039 0.027 0.009 0.015 0.021 0.602 0.011 0.015 0.022 0.027 0.007 0.013 0.015 0.041 0.024 0.004 0.009 0.019
251 Y 0.032 0.022 0.017 0.015 0.007 0.017 0.022 0.02 0.037 0.034 0.054 0.025 0.015 0.103 0.012 0.025 0.022 0.022 0.461 0.037
252 T 0.067 0.029 0.037 0.032 0.014 0.023 0.034 0.04 0.012 0.036 0.046 0.038 0.015 0.018 0.022 0.171 0.297 0.004 0.014 0.049
253 R 0.035 0.48 0.031 0.025 0.006 0.038 0.042 0.026 0.018 0.018 0.037 0.095 0.012 0.014 0.015 0.035 0.028 0.005 0.014 0.025
254 Q 0.044 0.058 0.035 0.037 0.007 0.379 0.081 0.033 0.023 0.021 0.037 0.072 0.016 0.012 0.019 0.044 0.033 0.005 0.016 0.028
255 G 0.199 0.024 0.03 0.028 0.013 0.019 0.029 0.29 0.012 0.024 0.034 0.033 0.011 0.015 0.02 0.129 0.039 0.004 0.012 0.035
256 V 0.111 0.019 0.016 0.017 0.015 0.015 0.021 0.027 0.008 0.152 0.096 0.024 0.03 0.027 0.015 0.04 0.056 0.004 0.016 0.292
257 A 0.439 0.025 0.02 0.023 0.017 0.02 0.032 0.062 0.012 0.034 0.047 0.035 0.014 0.017 0.023 0.067 0.039 0.004 0.014 0.054
258 L 0.036 0.017 0.011 0.013 0.013 0.012 0.015 0.017 0.008 0.235 0.335 0.02 0.04 0.039 0.011 0.02 0.029 0.005 0.017 0.107
259 G 0.069 0.018 0.031 0.027 0.009 0.015 0.02 0.603 0.011 0.015 0.023 0.027 0.008 0.013 0.015 0.041 0.024 0.004 0.009 0.02
260 L 0.043 0.018 0.012 0.013 0.044 0.012 0.016 0.019 0.009 0.109 0.308 0.019 0.039 0.159 0.011 0.022 0.026 0.007 0.03 0.084
261 A 0.175 0.024 0.021 0.024 0.014 0.02 0.057 0.037 0.011 0.098 0.141 0.031 0.031 0.025 0.018 0.081 0.055 0.005 0.015 0.117
262 M 0.04 0.024 0.015 0.015 0.013 0.02 0.021 0.021 0.012 0.082 0.244 0.026 0.261 0.039 0.012 0.026 0.03 0.006 0.019 0.074
263 L 0.114 0.02 0.014 0.015 0.014 0.021 0.02 0.037 0.009 0.12 0.306 0.024 0.036 0.043 0.014 0.03 0.031 0.005 0.017 0.109
264 G 0.131 0.02 0.029 0.026 0.01 0.016 0.023 0.502 0.011 0.019 0.027 0.028 0.009 0.014 0.017 0.052 0.027 0.004 0.01 0.026
265 L 0.035 0.019 0.012 0.012 0.013 0.013 0.016 0.017 0.008 0.107 0.453 0.02 0.049 0.064 0.011 0.02 0.027 0.006 0.02 0.078
266 V 0.157 0.029 0.017 0.018 0.036 0.016 0.023 0.044 0.009 0.092 0.094 0.027 0.022 0.026 0.016 0.054 0.046 0.005 0.023 0.244
267 A 0.295 0.043 0.038 0.027 0.037 0.022 0.033 0.076 0.013 0.033 0.055 0.038 0.024 0.018 0.022 0.12 0.042 0.004 0.014 0.048
268 L 0.035 0.018 0.012 0.012 0.012 0.012 0.016 0.017 0.008 0.1 0.431 0.019 0.036 0.095 0.011 0.02 0.026 0.006 0.023 0.088
269 G 0.106 0.037 0.036 0.038 0.017 0.034 0.052 0.196 0.012 0.058 0.081 0.035 0.021 0.028 0.017 0.086 0.064 0.005 0.014 0.064
270 R 0.039 0.236 0.08 0.099 0.007 0.047 0.064 0.075 0.038 0.019 0.032 0.105 0.011 0.014 0.017 0.041 0.036 0.004 0.014 0.024
271 D 0.041 0.03 0.068 0.404 0.007 0.03 0.09 0.046 0.018 0.022 0.028 0.044 0.009 0.015 0.022 0.052 0.035 0.004 0.011 0.024
272 G 0.065 0.131 0.048 0.029 0.008 0.047 0.037 0.268 0.034 0.019 0.03 0.119 0.011 0.015 0.017 0.043 0.028 0.005 0.021 0.024
273 G 0.15 0.063 0.034 0.031 0.014 0.024 0.033 0.32 0.015 0.027 0.04 0.046 0.012 0.018 0.022 0.06 0.036 0.005 0.013 0.039
274 S 0.081 0.121 0.08 0.037 0.01 0.07 0.053 0.055 0.026 0.022 0.034 0.08 0.012 0.015 0.02 0.181 0.052 0.004 0.014 0.03
275 L 0.058 0.025 0.073 0.025 0.012 0.025 0.026 0.029 0.03 0.11 0.126 0.036 0.033 0.052 0.017 0.046 0.101 0.038 0.029 0.11
276 L 0.087 0.103 0.019 0.018 0.011 0.019 0.025 0.059 0.011 0.091 0.164 0.051 0.033 0.059 0.047 0.032 0.029 0.033 0.02 0.089
277 R 0.05 0.205 0.029 0.027 0.007 0.057 0.049 0.065 0.025 0.023 0.041 0.137 0.013 0.019 0.016 0.049 0.041 0.097 0.021 0.029
278 F 0.036 0.016 0.014 0.014 0.02 0.009 0.016 0.021 0.014 0.057 0.094 0.016 0.026 0.465 0.009 0.021 0.021 0.013 0.073 0.046
279 V 0.117 0.019 0.015 0.016 0.025 0.014 0.02 0.032 0.008 0.142 0.136 0.023 0.03 0.037 0.015 0.034 0.049 0.005 0.017 0.244
280 L 0.095 0.018 0.014 0.015 0.034 0.012 0.018 0.049 0.01 0.109 0.179 0.021 0.025 0.162 0.013 0.029 0.029 0.007 0.03 0.132
281 W 0.037 0.019 0.014 0.013 0.056 0.019 0.02 0.024 0.015 0.032 0.074 0.02 0.015 0.074 0.019 0.022 0.021 0.367 0.107 0.032
282 V 0.072 0.018 0.014 0.015 0.015 0.014 0.019 0.022 0.007 0.181 0.115 0.022 0.037 0.029 0.014 0.029 0.052 0.005 0.016 0.306
283 L 0.145 0.02 0.015 0.017 0.02 0.015 0.021 0.052 0.009 0.122 0.188 0.025 0.053 0.045 0.015 0.035 0.033 0.005 0.018 0.147
284 L 0.086 0.019 0.013 0.014 0.024 0.013 0.018 0.023 0.009 0.102 0.313 0.021 0.032 0.092 0.013 0.027 0.036 0.006 0.023 0.115
285 A 0.3 0.022 0.024 0.025 0.014 0.018 0.028 0.264 0.011 0.027 0.038 0.032 0.011 0.016 0.02 0.057 0.034 0.004 0.012 0.041
286 A 0.391 0.024 0.021 0.024 0.017 0.02 0.031 0.069 0.012 0.037 0.048 0.035 0.014 0.017 0.023 0.073 0.058 0.004 0.014 0.067
287 L 0.095 0.024 0.024 0.022 0.014 0.018 0.026 0.042 0.01 0.069 0.21 0.03 0.03 0.028 0.018 0.067 0.183 0.005 0.015 0.07
288 F 0.027 0.015 0.013 0.013 0.009 0.009 0.015 0.02 0.013 0.056 0.101 0.015 0.023 0.496 0.009 0.02 0.02 0.013 0.068 0.046
289 H 0.033 0.036 0.042 0.03 0.006 0.03 0.042 0.03 0.49 0.018 0.03 0.036 0.012 0.024 0.015 0.033 0.021 0.006 0.045 0.018
290 K 0.043 0.158 0.032 0.031 0.007 0.041 0.052 0.032 0.017 0.022 0.043 0.359 0.013 0.013 0.02 0.041 0.031 0.004 0.014 0.027
291 S 0.078 0.031 0.04 0.036 0.014 0.025 0.038 0.047 0.014 0.029 0.039 0.041 0.013 0.017 0.023 0.291 0.165 0.004 0.014 0.04
292 A 0.412 0.025 0.021 0.024 0.017 0.02 0.032 0.06 0.012 0.037 0.049 0.035 0.014 0.017 0.023 0.077 0.04 0.004 0.014 0.067
293 V 0.049 0.017 0.013 0.014 0.014 0.013 0.017 0.019 0.007 0.17 0.153 0.02 0.033 0.04 0.013 0.024 0.036 0.005 0.017 0.325
294 L 0.047 0.018 0.012 0.013 0.013 0.013 0.017 0.018 0.008 0.159 0.313 0.02 0.044 0.064 0.012 0.022 0.03 0.006 0.02 0.152
295 L 0.062 0.02 0.013 0.014 0.024 0.015 0.019 0.021 0.009 0.093 0.318 0.023 0.097 0.055 0.013 0.026 0.037 0.006 0.019 0.115
296 L 0.037 0.018 0.012 0.013 0.013 0.013 0.016 0.017 0.008 0.148 0.39 0.02 0.045 0.049 0.011 0.02 0.028 0.006 0.018 0.118
297 P 0.045 0.02 0.018 0.024 0.019 0.016 0.028 0.029 0.01 0.021 0.029 0.032 0.008 0.01 0.589 0.035 0.029 0.002 0.01 0.025
298 L 0.039 0.017 0.012 0.014 0.013 0.012 0.016 0.018 0.008 0.23 0.273 0.02 0.043 0.046 0.012 0.022 0.037 0.005 0.018 0.146
299 A 0.332 0.022 0.018 0.021 0.016 0.018 0.028 0.05 0.011 0.08 0.071 0.031 0.017 0.022 0.02 0.056 0.038 0.005 0.02 0.122
300 A 0.295 0.022 0.02 0.022 0.015 0.018 0.027 0.105 0.01 0.087 0.07 0.031 0.023 0.021 0.02 0.053 0.043 0.004 0.014 0.101
301 L 0.034 0.018 0.012 0.012 0.012 0.012 0.016 0.017 0.009 0.09 0.429 0.019 0.036 0.113 0.011 0.019 0.025 0.018 0.026 0.071
302 A 0.294 0.026 0.026 0.027 0.016 0.021 0.033 0.065 0.012 0.045 0.049 0.036 0.014 0.018 0.022 0.134 0.075 0.004 0.014 0.071
303 A 0.152 0.044 0.048 0.031 0.012 0.029 0.041 0.13 0.024 0.033 0.049 0.039 0.019 0.022 0.02 0.15 0.071 0.005 0.039 0.041
304 S 0.103 0.047 0.05 0.06 0.012 0.037 0.046 0.071 0.014 0.03 0.04 0.048 0.013 0.016 0.053 0.148 0.148 0.004 0.013 0.046
305 R 0.042 0.341 0.032 0.029 0.007 0.058 0.061 0.047 0.021 0.02 0.036 0.114 0.012 0.014 0.017 0.058 0.046 0.005 0.014 0.026
306 N 0.044 0.073 0.28 0.051 0.008 0.027 0.038 0.11 0.035 0.019 0.028 0.07 0.01 0.015 0.017 0.088 0.045 0.004 0.013 0.024
307 R 0.037 0.394 0.031 0.025 0.006 0.037 0.042 0.038 0.035 0.026 0.038 0.127 0.012 0.015 0.016 0.035 0.028 0.016 0.016 0.026
308 L 0.036 0.018 0.014 0.014 0.011 0.013 0.017 0.057 0.013 0.116 0.215 0.02 0.025 0.124 0.011 0.023 0.034 0.055 0.094 0.088
309 W 0.046 0.019 0.014 0.014 0.01 0.019 0.019 0.022 0.01 0.109 0.201 0.021 0.03 0.043 0.021 0.022 0.026 0.234 0.031 0.09
310 T 0.069 0.03 0.097 0.043 0.013 0.023 0.033 0.042 0.013 0.072 0.054 0.05 0.021 0.019 0.02 0.104 0.218 0.004 0.014 0.06
311 L 0.139 0.02 0.016 0.017 0.013 0.015 0.021 0.055 0.01 0.124 0.198 0.025 0.037 0.065 0.015 0.035 0.045 0.028 0.029 0.095
312 L 0.137 0.02 0.017 0.018 0.024 0.015 0.022 0.067 0.01 0.102 0.182 0.025 0.024 0.077 0.021 0.052 0.047 0.006 0.021 0.114
313 W 0.069 0.019 0.014 0.014 0.009 0.013 0.019 0.059 0.011 0.057 0.131 0.021 0.027 0.041 0.01 0.026 0.03 0.344 0.037 0.05
314 V 0.075 0.018 0.016 0.017 0.014 0.014 0.019 0.097 0.008 0.152 0.115 0.023 0.036 0.037 0.014 0.031 0.048 0.005 0.016 0.245
315 G 0.134 0.02 0.025 0.023 0.018 0.016 0.023 0.3 0.01 0.052 0.091 0.028 0.015 0.02 0.017 0.062 0.038 0.004 0.012 0.093
316 V 0.121 0.019 0.016 0.017 0.014 0.014 0.02 0.076 0.008 0.154 0.146 0.024 0.024 0.033 0.015 0.039 0.035 0.005 0.016 0.204
317 A 0.16 0.022 0.02 0.021 0.014 0.018 0.025 0.046 0.01 0.107 0.126 0.029 0.045 0.035 0.017 0.073 0.078 0.005 0.016 0.132
318 A 0.169 0.025 0.029 0.027 0.014 0.02 0.031 0.11 0.012 0.044 0.073 0.034 0.021 0.039 0.02 0.141 0.113 0.005 0.016 0.055
319 L 0.151 0.02 0.016 0.017 0.014 0.015 0.021 0.054 0.011 0.117 0.173 0.025 0.03 0.051 0.026 0.036 0.033 0.006 0.042 0.144
320 L 0.087 0.019 0.017 0.018 0.013 0.014 0.02 0.123 0.009 0.142 0.172 0.024 0.037 0.041 0.014 0.038 0.043 0.005 0.016 0.148
