#Seq2Logo.py -f /work3/idamei/ssn-clusterings/clustering/2205111339/clusters/0011_253/sequences.afa -o /work3/idamei/ssn-clusterings/clustering/2205111339/clusters/0011_253/sequences.logo
#Position Specific Frequency Matrix
A R N D C Q E G H I L K M F P S T W Y V
0 M 0.05 0.031 0.019 0.019 0.015 0.027 0.027 0.027 0.015 0.097 0.189 0.035 0.193 0.046 0.015 0.035 0.039 0.008 0.023 0.089
1 K 0.058 0.076 0.071 0.039 0.012 0.035 0.047 0.041 0.018 0.092 0.071 0.136 0.02 0.023 0.023 0.074 0.072 0.005 0.017 0.069
2 L 0.086 0.077 0.048 0.032 0.014 0.028 0.038 0.041 0.016 0.077 0.11 0.076 0.023 0.071 0.021 0.073 0.069 0.007 0.026 0.067
3 F 0.065 0.081 0.038 0.034 0.013 0.03 0.042 0.042 0.017 0.042 0.065 0.081 0.019 0.116 0.022 0.101 0.102 0.008 0.034 0.048
4 L 0.055 0.094 0.03 0.028 0.013 0.029 0.039 0.035 0.016 0.062 0.169 0.088 0.028 0.093 0.019 0.067 0.041 0.008 0.03 0.058
5 A 0.104 0.047 0.036 0.043 0.013 0.036 0.088 0.049 0.018 0.034 0.049 0.088 0.016 0.026 0.024 0.089 0.081 0.088 0.025 0.045
6 G 0.078 0.023 0.039 0.034 0.011 0.019 0.026 0.509 0.014 0.019 0.028 0.034 0.009 0.016 0.019 0.051 0.03 0.005 0.011 0.024
7 P 0.051 0.044 0.085 0.04 0.011 0.028 0.042 0.04 0.017 0.076 0.062 0.089 0.017 0.02 0.212 0.047 0.04 0.004 0.016 0.059
8 L 0.043 0.094 0.092 0.11 0.011 0.028 0.046 0.037 0.018 0.092 0.131 0.053 0.024 0.029 0.018 0.043 0.038 0.005 0.017 0.07
9 W 0.036 0.026 0.042 0.207 0.008 0.022 0.057 0.038 0.017 0.026 0.04 0.034 0.012 0.038 0.015 0.037 0.029 0.249 0.04 0.027
10 W 0.052 0.029 0.029 0.026 0.013 0.021 0.031 0.037 0.014 0.042 0.059 0.034 0.017 0.042 0.018 0.058 0.136 0.25 0.043 0.051
11 Y 0.041 0.028 0.022 0.019 0.009 0.022 0.028 0.025 0.047 0.044 0.069 0.031 0.019 0.131 0.016 0.031 0.028 0.028 0.316 0.047
12 C 0.065 0.016 0.016 0.016 0.482 0.012 0.016 0.033 0.008 0.045 0.065 0.02 0.016 0.02 0.016 0.041 0.037 0.004 0.012 0.057
13 I 0.047 0.018 0.015 0.018 0.016 0.013 0.018 0.021 0.009 0.269 0.168 0.024 0.037 0.044 0.015 0.025 0.04 0.006 0.021 0.177
14 L 0.047 0.032 0.021 0.022 0.014 0.053 0.035 0.026 0.02 0.141 0.171 0.038 0.056 0.055 0.016 0.032 0.037 0.01 0.072 0.102
15 G 0.071 0.084 0.043 0.036 0.011 0.029 0.039 0.281 0.074 0.022 0.035 0.053 0.012 0.019 0.021 0.078 0.038 0.006 0.02 0.028
16 L 0.052 0.022 0.02 0.02 0.016 0.016 0.023 0.026 0.011 0.159 0.17 0.027 0.033 0.099 0.016 0.037 0.074 0.008 0.031 0.141
17 D 0.066 0.037 0.122 0.143 0.013 0.031 0.058 0.055 0.021 0.032 0.041 0.049 0.014 0.019 0.025 0.11 0.104 0.005 0.015 0.041
18 N 0.043 0.045 0.317 0.083 0.009 0.034 0.049 0.065 0.032 0.022 0.032 0.054 0.011 0.018 0.02 0.07 0.049 0.004 0.016 0.027
19 T 0.064 0.054 0.044 0.042 0.013 0.121 0.071 0.042 0.022 0.04 0.056 0.068 0.02 0.019 0.026 0.074 0.144 0.006 0.019 0.053
20 K 0.064 0.064 0.029 0.03 0.014 0.035 0.047 0.034 0.014 0.096 0.087 0.152 0.024 0.026 0.022 0.043 0.045 0.005 0.019 0.151
21 L 0.045 0.185 0.027 0.023 0.012 0.032 0.036 0.027 0.017 0.069 0.211 0.073 0.033 0.036 0.017 0.034 0.034 0.006 0.02 0.064
22 L 0.045 0.024 0.014 0.015 0.016 0.016 0.02 0.021 0.01 0.115 0.375 0.025 0.05 0.055 0.014 0.024 0.033 0.007 0.022 0.096
23 L 0.048 0.028 0.017 0.018 0.016 0.022 0.024 0.025 0.013 0.108 0.286 0.031 0.105 0.051 0.015 0.03 0.037 0.008 0.023 0.094
24 F 0.12 0.023 0.02 0.021 0.014 0.016 0.026 0.043 0.016 0.057 0.096 0.027 0.023 0.266 0.017 0.045 0.033 0.013 0.065 0.059
25 L 0.135 0.026 0.019 0.021 0.019 0.019 0.028 0.041 0.011 0.107 0.189 0.032 0.033 0.037 0.02 0.047 0.044 0.006 0.02 0.145
26 A 0.231 0.034 0.035 0.036 0.02 0.028 0.044 0.074 0.016 0.039 0.053 0.048 0.017 0.021 0.03 0.13 0.06 0.005 0.017 0.06
27 L 0.128 0.024 0.018 0.021 0.018 0.018 0.026 0.04 0.011 0.144 0.201 0.031 0.035 0.04 0.019 0.045 0.041 0.006 0.02 0.114
28 C 0.061 0.025 0.025 0.023 0.173 0.019 0.025 0.032 0.011 0.071 0.169 0.03 0.028 0.033 0.019 0.052 0.106 0.006 0.017 0.075
29 A 0.231 0.034 0.035 0.036 0.02 0.028 0.044 0.074 0.016 0.039 0.053 0.048 0.017 0.021 0.03 0.13 0.06 0.005 0.017 0.06
30 A 0.292 0.031 0.026 0.03 0.022 0.026 0.04 0.078 0.015 0.043 0.059 0.044 0.017 0.022 0.03 0.085 0.05 0.005 0.017 0.069
31 A 0.209 0.029 0.022 0.025 0.02 0.022 0.034 0.059 0.013 0.067 0.165 0.038 0.028 0.033 0.024 0.065 0.044 0.006 0.019 0.078
32 A 0.157 0.031 0.032 0.032 0.019 0.025 0.039 0.056 0.014 0.079 0.077 0.041 0.022 0.026 0.025 0.113 0.06 0.005 0.018 0.127
33 V 0.062 0.02 0.016 0.018 0.018 0.015 0.021 0.023 0.008 0.2 0.142 0.025 0.033 0.038 0.016 0.03 0.046 0.006 0.021 0.239
34 G 0.064 0.023 0.023 0.022 0.015 0.017 0.023 0.186 0.011 0.099 0.178 0.028 0.03 0.035 0.016 0.036 0.037 0.006 0.018 0.13
35 F 0.036 0.022 0.018 0.017 0.01 0.014 0.022 0.025 0.027 0.057 0.099 0.023 0.023 0.302 0.012 0.027 0.026 0.021 0.166 0.052
36 L 0.127 0.026 0.018 0.02 0.018 0.019 0.027 0.04 0.012 0.091 0.271 0.032 0.039 0.044 0.019 0.044 0.039 0.007 0.021 0.087
37 A 0.288 0.031 0.026 0.03 0.022 0.026 0.041 0.078 0.015 0.043 0.06 0.045 0.018 0.022 0.03 0.085 0.05 0.005 0.018 0.069
38 P 0.056 0.026 0.023 0.031 0.01 0.021 0.036 0.036 0.013 0.026 0.036 0.041 0.01 0.013 0.497 0.044 0.036 0.003 0.013 0.031
39 D 0.12 0.03 0.041 0.124 0.014 0.025 0.05 0.054 0.017 0.039 0.06 0.04 0.017 0.112 0.023 0.097 0.048 0.008 0.033 0.047
40 N 0.058 0.04 0.181 0.06 0.013 0.031 0.044 0.054 0.023 0.038 0.048 0.05 0.015 0.021 0.024 0.081 0.149 0.005 0.017 0.049
41 L 0.044 0.024 0.014 0.015 0.016 0.016 0.02 0.021 0.01 0.115 0.377 0.025 0.049 0.055 0.014 0.024 0.033 0.007 0.022 0.096
42 K 0.053 0.066 0.033 0.035 0.011 0.095 0.063 0.035 0.02 0.109 0.086 0.132 0.024 0.025 0.022 0.045 0.04 0.006 0.019 0.081
43 L 0.128 0.024 0.018 0.021 0.018 0.018 0.026 0.04 0.011 0.144 0.202 0.031 0.034 0.04 0.019 0.045 0.041 0.006 0.02 0.113
44 L 0.045 0.022 0.014 0.016 0.016 0.015 0.019 0.021 0.01 0.168 0.308 0.025 0.045 0.051 0.014 0.024 0.035 0.007 0.022 0.122
45 F 0.037 0.021 0.016 0.016 0.012 0.012 0.019 0.024 0.015 0.08 0.202 0.021 0.033 0.278 0.012 0.025 0.028 0.014 0.066 0.068
46 L 0.123 0.03 0.027 0.027 0.018 0.023 0.033 0.046 0.013 0.075 0.215 0.037 0.033 0.038 0.022 0.09 0.049 0.006 0.02 0.075
47 L 0.044 0.023 0.016 0.017 0.015 0.017 0.021 0.024 0.013 0.138 0.214 0.026 0.069 0.134 0.014 0.027 0.034 0.009 0.039 0.104
48 A 0.186 0.031 0.03 0.031 0.019 0.025 0.038 0.061 0.015 0.057 0.135 0.042 0.025 0.029 0.026 0.105 0.053 0.006 0.019 0.068
49 G 0.078 0.023 0.039 0.033 0.011 0.019 0.025 0.514 0.013 0.019 0.028 0.033 0.009 0.016 0.019 0.051 0.029 0.005 0.011 0.024
50 L 0.108 0.024 0.017 0.019 0.017 0.018 0.024 0.035 0.011 0.137 0.246 0.029 0.038 0.043 0.018 0.039 0.039 0.006 0.021 0.109
51 I 0.049 0.028 0.02 0.022 0.014 0.049 0.033 0.025 0.013 0.183 0.131 0.034 0.031 0.096 0.016 0.031 0.039 0.008 0.031 0.148
52 G 0.065 0.042 0.032 0.039 0.092 0.032 0.08 0.116 0.015 0.054 0.061 0.081 0.017 0.021 0.022 0.054 0.074 0.005 0.016 0.082
53 F 0.05 0.029 0.075 0.033 0.012 0.021 0.031 0.038 0.023 0.056 0.125 0.033 0.024 0.169 0.017 0.067 0.04 0.013 0.093 0.053
54 L 0.054 0.092 0.025 0.023 0.013 0.028 0.036 0.028 0.019 0.089 0.133 0.086 0.027 0.048 0.018 0.036 0.039 0.009 0.071 0.127
55 E 0.088 0.032 0.026 0.043 0.012 0.033 0.12 0.036 0.023 0.079 0.079 0.044 0.02 0.104 0.02 0.045 0.036 0.011 0.081 0.067
56 L 0.087 0.023 0.016 0.018 0.017 0.017 0.022 0.03 0.01 0.158 0.257 0.028 0.039 0.045 0.017 0.034 0.038 0.006 0.021 0.117
57 V 0.056 0.026 0.025 0.024 0.014 0.021 0.03 0.029 0.08 0.131 0.099 0.032 0.025 0.031 0.113 0.035 0.04 0.005 0.026 0.157
58 L 0.098 0.024 0.017 0.019 0.017 0.017 0.024 0.034 0.012 0.099 0.213 0.028 0.034 0.112 0.017 0.038 0.038 0.008 0.034 0.118
59 F 0.095 0.027 0.026 0.027 0.013 0.02 0.032 0.042 0.021 0.044 0.071 0.034 0.019 0.163 0.099 0.073 0.041 0.012 0.092 0.049
60 A 0.235 0.041 0.03 0.034 0.018 0.074 0.056 0.069 0.018 0.039 0.056 0.056 0.018 0.02 0.028 0.077 0.047 0.005 0.018 0.06
61 T 0.091 0.038 0.049 0.043 0.018 0.03 0.046 0.055 0.016 0.042 0.054 0.05 0.018 0.022 0.029 0.156 0.164 0.006 0.018 0.056
62 R 0.045 0.343 0.039 0.031 0.008 0.049 0.052 0.033 0.023 0.023 0.047 0.121 0.016 0.017 0.019 0.045 0.035 0.006 0.017 0.031
63 P 0.092 0.041 0.033 0.041 0.012 0.065 0.093 0.041 0.076 0.042 0.1 0.053 0.021 0.025 0.102 0.05 0.037 0.006 0.024 0.047
64 L 0.103 0.095 0.031 0.03 0.094 0.031 0.041 0.045 0.016 0.047 0.106 0.092 0.021 0.025 0.022 0.079 0.045 0.005 0.017 0.054
65 F 0.038 0.023 0.059 0.026 0.011 0.016 0.023 0.029 0.02 0.114 0.109 0.026 0.025 0.218 0.013 0.031 0.032 0.013 0.092 0.081
66 L 0.055 0.026 0.024 0.023 0.017 0.019 0.026 0.028 0.011 0.147 0.203 0.031 0.035 0.041 0.019 0.047 0.108 0.006 0.02 0.114
67 P 0.057 0.055 0.038 0.035 0.01 0.036 0.05 0.04 0.101 0.034 0.056 0.119 0.034 0.022 0.138 0.068 0.039 0.005 0.026 0.037
68 R 0.047 0.198 0.042 0.035 0.008 0.046 0.057 0.037 0.105 0.024 0.042 0.165 0.015 0.019 0.021 0.046 0.033 0.006 0.026 0.029
69 F 0.091 0.022 0.018 0.019 0.015 0.015 0.023 0.033 0.013 0.086 0.155 0.026 0.029 0.201 0.015 0.037 0.035 0.011 0.05 0.105
70 C 0.058 0.022 0.023 0.022 0.145 0.016 0.023 0.03 0.011 0.113 0.098 0.027 0.024 0.079 0.018 0.047 0.098 0.007 0.026 0.113
71 L 0.046 0.021 0.014 0.016 0.016 0.014 0.019 0.021 0.009 0.179 0.265 0.024 0.04 0.068 0.014 0.025 0.036 0.007 0.025 0.142
72 L 0.105 0.023 0.018 0.021 0.015 0.016 0.025 0.036 0.013 0.092 0.162 0.029 0.028 0.144 0.075 0.04 0.035 0.009 0.038 0.077
73 I 0.09 0.023 0.022 0.023 0.073 0.017 0.027 0.036 0.012 0.121 0.096 0.03 0.023 0.073 0.076 0.062 0.044 0.006 0.025 0.121
74 L 0.041 0.023 0.016 0.016 0.014 0.016 0.02 0.023 0.013 0.091 0.259 0.024 0.065 0.177 0.013 0.026 0.031 0.01 0.045 0.078
75 L 0.142 0.024 0.021 0.022 0.017 0.018 0.027 0.096 0.012 0.104 0.156 0.031 0.028 0.054 0.019 0.047 0.04 0.006 0.022 0.117
76 L 0.051 0.021 0.014 0.016 0.07 0.015 0.019 0.022 0.009 0.156 0.248 0.024 0.038 0.043 0.014 0.027 0.037 0.006 0.02 0.151
77 F 0.042 0.024 0.023 0.021 0.011 0.016 0.025 0.028 0.022 0.055 0.09 0.027 0.022 0.261 0.015 0.04 0.081 0.016 0.128 0.055
78 L 0.042 0.021 0.015 0.016 0.014 0.015 0.019 0.022 0.011 0.161 0.232 0.024 0.055 0.128 0.013 0.025 0.033 0.009 0.035 0.109
79 L 0.043 0.023 0.015 0.016 0.014 0.015 0.021 0.023 0.011 0.096 0.327 0.025 0.041 0.088 0.069 0.026 0.032 0.007 0.028 0.081
80 F 0.066 0.021 0.017 0.017 0.013 0.013 0.021 0.029 0.015 0.07 0.168 0.022 0.029 0.288 0.013 0.031 0.029 0.013 0.064 0.063
81 Q 0.054 0.071 0.042 0.045 0.008 0.245 0.099 0.04 0.028 0.025 0.045 0.088 0.02 0.014 0.023 0.054 0.04 0.006 0.02 0.034
82 D 0.042 0.044 0.055 0.291 0.007 0.032 0.076 0.042 0.018 0.023 0.033 0.099 0.011 0.019 0.021 0.047 0.034 0.06 0.018 0.026
83 L 0.052 0.027 0.023 0.022 0.016 0.019 0.026 0.028 0.011 0.091 0.287 0.031 0.038 0.043 0.018 0.045 0.113 0.006 0.02 0.084
84 L 0.044 0.02 0.014 0.016 0.016 0.014 0.018 0.02 0.009 0.215 0.267 0.023 0.041 0.047 0.014 0.024 0.036 0.006 0.021 0.136
85 A 0.144 0.031 0.024 0.026 0.017 0.045 0.037 0.044 0.013 0.103 0.121 0.04 0.026 0.029 0.022 0.055 0.069 0.006 0.019 0.129
86 L 0.04 0.029 0.125 0.037 0.011 0.02 0.029 0.036 0.022 0.083 0.149 0.033 0.026 0.127 0.015 0.039 0.036 0.01 0.069 0.065
87 R 0.044 0.116 0.1 0.04 0.009 0.078 0.052 0.037 0.029 0.037 0.086 0.066 0.019 0.044 0.018 0.046 0.036 0.01 0.09 0.04
88 L 0.044 0.022 0.016 0.016 0.013 0.016 0.021 0.024 0.016 0.093 0.187 0.024 0.04 0.136 0.013 0.027 0.032 0.067 0.076 0.117
89 G 0.059 0.039 0.109 0.094 0.01 0.055 0.081 0.155 0.021 0.03 0.05 0.051 0.032 0.02 0.021 0.075 0.042 0.005 0.015 0.035
90 G 0.063 0.041 0.174 0.058 0.011 0.055 0.049 0.176 0.024 0.023 0.033 0.052 0.012 0.017 0.021 0.095 0.048 0.005 0.015 0.029
91 K 0.083 0.073 0.048 0.045 0.013 0.043 0.061 0.055 0.02 0.029 0.042 0.167 0.016 0.018 0.029 0.138 0.061 0.005 0.017 0.037
92 G 0.069 0.032 0.095 0.044 0.014 0.025 0.036 0.142 0.017 0.081 0.066 0.042 0.018 0.024 0.022 0.093 0.091 0.005 0.016 0.067
93 A 0.168 0.03 0.033 0.034 0.016 0.024 0.039 0.154 0.015 0.032 0.044 0.043 0.014 0.018 0.121 0.098 0.049 0.005 0.015 0.046
94 L 0.054 0.026 0.024 0.023 0.015 0.018 0.027 0.031 0.014 0.077 0.214 0.03 0.033 0.144 0.017 0.064 0.07 0.009 0.039 0.071
95 L 0.043 0.024 0.015 0.016 0.015 0.017 0.021 0.023 0.011 0.124 0.281 0.026 0.061 0.052 0.013 0.025 0.033 0.078 0.028 0.095
96 G 0.057 0.03 0.041 0.093 0.009 0.028 0.078 0.244 0.067 0.026 0.042 0.04 0.013 0.073 0.019 0.046 0.03 0.007 0.029 0.029
97 S 0.07 0.035 0.067 0.038 0.014 0.049 0.043 0.043 0.017 0.066 0.099 0.045 0.022 0.025 0.076 0.102 0.065 0.005 0.018 0.101
98 F 0.044 0.021 0.019 0.019 0.012 0.015 0.021 0.079 0.017 0.117 0.148 0.025 0.046 0.173 0.013 0.029 0.031 0.012 0.077 0.083
99 L 0.047 0.02 0.015 0.016 0.015 0.014 0.019 0.022 0.01 0.173 0.195 0.023 0.035 0.125 0.014 0.026 0.036 0.008 0.035 0.155
100 K 0.071 0.097 0.078 0.045 0.012 0.04 0.055 0.05 0.02 0.029 0.043 0.143 0.015 0.018 0.026 0.123 0.079 0.005 0.017 0.038
101 Y 0.047 0.104 0.028 0.024 0.01 0.027 0.034 0.03 0.034 0.038 0.063 0.05 0.018 0.121 0.017 0.057 0.034 0.019 0.206 0.042
102 L 0.081 0.024 0.018 0.019 0.017 0.017 0.024 0.029 0.01 0.136 0.239 0.028 0.036 0.041 0.017 0.039 0.065 0.006 0.02 0.134
103 D 0.042 0.033 0.06 0.346 0.007 0.036 0.14 0.042 0.019 0.021 0.029 0.05 0.01 0.015 0.022 0.051 0.034 0.004 0.012 0.025
104 E 0.053 0.048 0.039 0.087 0.007 0.062 0.324 0.034 0.025 0.021 0.035 0.073 0.012 0.016 0.025 0.053 0.035 0.005 0.016 0.03
105 L 0.106 0.024 0.02 0.021 0.015 0.018 0.025 0.091 0.013 0.093 0.168 0.029 0.046 0.119 0.017 0.041 0.035 0.008 0.033 0.078
106 I 0.041 0.018 0.015 0.016 0.014 0.012 0.018 0.021 0.011 0.199 0.171 0.021 0.033 0.166 0.013 0.024 0.033 0.009 0.042 0.122
107 L 0.049 0.021 0.016 0.019 0.015 0.015 0.022 0.024 0.01 0.181 0.182 0.027 0.032 0.037 0.125 0.029 0.037 0.005 0.019 0.136
108 L 0.047 0.023 0.017 0.018 0.016 0.016 0.021 0.023 0.01 0.157 0.296 0.026 0.041 0.046 0.015 0.031 0.061 0.006 0.021 0.111
109 L 0.047 0.021 0.018 0.018 0.014 0.015 0.021 0.079 0.013 0.109 0.181 0.024 0.048 0.164 0.014 0.029 0.032 0.01 0.041 0.103
110 L 0.081 0.024 0.021 0.021 0.069 0.018 0.025 0.033 0.015 0.094 0.188 0.029 0.03 0.089 0.017 0.058 0.039 0.009 0.062 0.078
111 F 0.069 0.02 0.017 0.018 0.013 0.013 0.021 0.029 0.014 0.096 0.111 0.022 0.025 0.284 0.013 0.032 0.031 0.013 0.063 0.094
112 L 0.068 0.027 0.029 0.029 0.015 0.021 0.031 0.091 0.012 0.103 0.13 0.035 0.025 0.03 0.075 0.087 0.072 0.005 0.017 0.099
113 L 0.08 0.025 0.022 0.022 0.016 0.019 0.026 0.032 0.015 0.124 0.197 0.031 0.032 0.048 0.018 0.045 0.089 0.008 0.055 0.096
114 L 0.084 0.025 0.022 0.023 0.016 0.019 0.026 0.034 0.011 0.15 0.205 0.031 0.033 0.039 0.019 0.063 0.068 0.006 0.019 0.107
115 L 0.057 0.024 0.019 0.019 0.017 0.019 0.024 0.025 0.01 0.141 0.194 0.028 0.061 0.04 0.016 0.036 0.067 0.006 0.02 0.177
116 L 0.049 0.023 0.018 0.018 0.016 0.016 0.021 0.024 0.01 0.138 0.245 0.026 0.037 0.084 0.015 0.032 0.062 0.007 0.028 0.132
117 D 0.059 0.094 0.08 0.126 0.011 0.033 0.055 0.046 0.023 0.029 0.042 0.071 0.014 0.03 0.022 0.097 0.072 0.007 0.052 0.036
118 R 0.11 0.21 0.036 0.033 0.011 0.044 0.053 0.046 0.02 0.029 0.048 0.142 0.016 0.018 0.024 0.056 0.039 0.005 0.017 0.04
119 L 0.08 0.031 0.019 0.021 0.075 0.02 0.027 0.032 0.012 0.123 0.173 0.059 0.03 0.082 0.017 0.037 0.036 0.007 0.027 0.092
120 I 0.087 0.023 0.021 0.022 0.016 0.017 0.025 0.034 0.012 0.16 0.152 0.029 0.03 0.083 0.018 0.06 0.044 0.007 0.028 0.132
121 R 0.054 0.11 0.034 0.03 0.011 0.053 0.043 0.089 0.058 0.045 0.104 0.058 0.039 0.069 0.018 0.062 0.037 0.007 0.03 0.046
122 G 0.055 0.114 0.104 0.042 0.01 0.032 0.041 0.205 0.02 0.03 0.051 0.086 0.032 0.02 0.019 0.05 0.036 0.005 0.015 0.034
123 K 0.052 0.138 0.036 0.039 0.008 0.043 0.082 0.091 0.02 0.028 0.048 0.175 0.015 0.059 0.022 0.046 0.034 0.006 0.024 0.032
124 K 0.064 0.097 0.076 0.045 0.01 0.045 0.061 0.048 0.021 0.026 0.04 0.211 0.014 0.016 0.026 0.097 0.048 0.005 0.017 0.033
125 I 0.044 0.02 0.014 0.016 0.015 0.015 0.019 0.022 0.01 0.208 0.202 0.024 0.044 0.046 0.013 0.025 0.036 0.062 0.025 0.14
126 N 0.079 0.101 0.101 0.042 0.011 0.034 0.046 0.046 0.023 0.031 0.046 0.099 0.014 0.029 0.077 0.058 0.065 0.007 0.052 0.039
127 R 0.083 0.162 0.035 0.032 0.01 0.037 0.048 0.095 0.019 0.03 0.05 0.137 0.016 0.06 0.022 0.06 0.037 0.006 0.024 0.037
128 A 0.13 0.034 0.041 0.036 0.016 0.028 0.041 0.108 0.055 0.037 0.05 0.044 0.016 0.022 0.026 0.113 0.126 0.006 0.02 0.051
129 P 0.073 0.03 0.035 0.034 0.014 0.024 0.037 0.097 0.018 0.04 0.083 0.041 0.018 0.034 0.132 0.114 0.074 0.007 0.052 0.046
130 L 0.048 0.019 0.015 0.016 0.016 0.014 0.019 0.021 0.009 0.2 0.201 0.023 0.036 0.084 0.014 0.026 0.037 0.007 0.027 0.168
131 D 0.047 0.029 0.041 0.164 0.01 0.027 0.081 0.037 0.039 0.063 0.065 0.039 0.017 0.113 0.019 0.062 0.037 0.008 0.051 0.05
132 L 0.044 0.021 0.014 0.016 0.016 0.014 0.018 0.02 0.009 0.195 0.294 0.024 0.042 0.048 0.014 0.024 0.035 0.006 0.021 0.127
133 G 0.078 0.023 0.039 0.034 0.011 0.019 0.026 0.51 0.014 0.019 0.028 0.034 0.009 0.016 0.019 0.051 0.03 0.005 0.011 0.024
134 V 0.07 0.022 0.016 0.018 0.019 0.016 0.023 0.025 0.008 0.165 0.13 0.026 0.032 0.036 0.016 0.033 0.049 0.006 0.021 0.269
135 P 0.059 0.026 0.026 0.029 0.012 0.02 0.033 0.036 0.014 0.046 0.113 0.037 0.02 0.071 0.265 0.075 0.041 0.006 0.024 0.047
136 L 0.044 0.024 0.014 0.016 0.016 0.017 0.02 0.021 0.01 0.133 0.342 0.026 0.064 0.051 0.014 0.025 0.034 0.007 0.022 0.102
137 L 0.048 0.022 0.014 0.016 0.016 0.015 0.02 0.021 0.009 0.15 0.307 0.025 0.044 0.049 0.014 0.025 0.036 0.007 0.021 0.139
138 T 0.084 0.036 0.046 0.04 0.017 0.029 0.043 0.05 0.015 0.045 0.056 0.047 0.018 0.022 0.028 0.139 0.201 0.006 0.017 0.06
139 L 0.052 0.019 0.017 0.018 0.07 0.014 0.019 0.078 0.009 0.182 0.184 0.024 0.032 0.038 0.015 0.029 0.037 0.006 0.018 0.138
140 L 0.084 0.022 0.021 0.021 0.015 0.017 0.023 0.14 0.01 0.13 0.195 0.028 0.031 0.037 0.017 0.037 0.036 0.006 0.018 0.114
141 F 0.041 0.022 0.016 0.017 0.013 0.015 0.021 0.024 0.017 0.085 0.18 0.024 0.048 0.217 0.013 0.027 0.031 0.013 0.086 0.092
142 L 0.051 0.022 0.014 0.016 0.017 0.015 0.02 0.021 0.009 0.148 0.282 0.024 0.041 0.045 0.014 0.026 0.038 0.006 0.021 0.169
143 L 0.077 0.022 0.019 0.02 0.015 0.016 0.023 0.03 0.012 0.133 0.176 0.027 0.031 0.121 0.016 0.038 0.062 0.008 0.034 0.118
144 I 0.075 0.02 0.016 0.018 0.015 0.014 0.021 0.028 0.011 0.181 0.161 0.024 0.032 0.122 0.015 0.031 0.037 0.008 0.034 0.138
145 G 0.159 0.026 0.035 0.033 0.015 0.022 0.032 0.326 0.014 0.027 0.039 0.038 0.012 0.018 0.023 0.082 0.041 0.005 0.013 0.04
146 L 0.076 0.023 0.016 0.018 0.016 0.017 0.022 0.028 0.011 0.143 0.223 0.027 0.053 0.084 0.015 0.032 0.037 0.007 0.028 0.125
147 L 0.049 0.02 0.014 0.016 0.016 0.014 0.019 0.021 0.009 0.205 0.233 0.024 0.038 0.044 0.014 0.026 0.038 0.006 0.02 0.172
148 S 0.099 0.035 0.049 0.044 0.015 0.029 0.045 0.167 0.017 0.026 0.037 0.048 0.014 0.019 0.026 0.205 0.068 0.005 0.015 0.037
149 S 0.09 0.034 0.045 0.041 0.015 0.027 0.043 0.109 0.017 0.034 0.049 0.045 0.016 0.063 0.025 0.185 0.089 0.006 0.024 0.043
150 L 0.077 0.03 0.018 0.02 0.015 0.019 0.026 0.029 0.011 0.156 0.18 0.057 0.032 0.079 0.017 0.034 0.037 0.007 0.027 0.127
151 I 0.108 0.031 0.02 0.022 0.016 0.02 0.029 0.036 0.012 0.149 0.142 0.059 0.029 0.076 0.018 0.041 0.039 0.007 0.026 0.124
152 N 0.075 0.04 0.193 0.057 0.01 0.031 0.045 0.109 0.124 0.024 0.035 0.047 0.012 0.021 0.02 0.059 0.039 0.005 0.026 0.029
153 R 0.065 0.119 0.112 0.05 0.011 0.071 0.058 0.051 0.044 0.025 0.04 0.072 0.015 0.018 0.023 0.119 0.052 0.005 0.019 0.033
154 V 0.054 0.027 0.091 0.033 0.015 0.02 0.028 0.033 0.014 0.142 0.136 0.032 0.028 0.033 0.017 0.043 0.069 0.005 0.019 0.16
155 V 0.07 0.022 0.016 0.018 0.019 0.016 0.023 0.025 0.008 0.165 0.13 0.026 0.032 0.036 0.016 0.033 0.049 0.006 0.021 0.269
156 P 0.089 0.025 0.028 0.029 0.011 0.02 0.031 0.203 0.016 0.026 0.038 0.037 0.011 0.027 0.239 0.048 0.033 0.006 0.049 0.033
157 S 0.082 0.056 0.049 0.048 0.013 0.128 0.077 0.053 0.024 0.028 0.044 0.072 0.018 0.018 0.026 0.141 0.061 0.005 0.019 0.038
158 F 0.072 0.024 0.02 0.02 0.013 0.018 0.025 0.03 0.024 0.107 0.103 0.028 0.033 0.149 0.016 0.037 0.046 0.015 0.142 0.081
159 F 0.054 0.038 0.07 0.078 0.011 0.027 0.044 0.041 0.025 0.037 0.059 0.067 0.017 0.129 0.019 0.086 0.042 0.012 0.104 0.04
160 I 0.052 0.026 0.091 0.033 0.015 0.019 0.027 0.033 0.014 0.179 0.113 0.032 0.027 0.033 0.017 0.043 0.069 0.005 0.018 0.155
161 L 0.113 0.026 0.023 0.023 0.017 0.019 0.028 0.038 0.011 0.129 0.165 0.032 0.03 0.035 0.02 0.052 0.093 0.006 0.019 0.121
162 L 0.051 0.023 0.019 0.019 0.015 0.016 0.023 0.026 0.011 0.12 0.254 0.026 0.037 0.105 0.015 0.05 0.038 0.008 0.031 0.111
163 F 0.074 0.035 0.066 0.037 0.013 0.048 0.043 0.044 0.019 0.044 0.073 0.044 0.037 0.108 0.075 0.092 0.059 0.008 0.032 0.048
164 G 0.06 0.036 0.049 0.165 0.009 0.073 0.064 0.233 0.018 0.021 0.032 0.049 0.012 0.015 0.021 0.062 0.036 0.005 0.013 0.027
165 L 0.066 0.025 0.023 0.022 0.014 0.019 0.024 0.14 0.014 0.069 0.168 0.029 0.063 0.119 0.016 0.039 0.045 0.009 0.033 0.065
166 F 0.042 0.025 0.018 0.019 0.013 0.038 0.028 0.025 0.014 0.105 0.174 0.029 0.031 0.204 0.013 0.028 0.032 0.011 0.049 0.1
167 L 0.044 0.021 0.014 0.015 0.016 0.015 0.019 0.02 0.009 0.174 0.32 0.024 0.044 0.049 0.014 0.024 0.034 0.006 0.021 0.118
168 L 0.055 0.028 0.024 0.023 0.014 0.022 0.029 0.03 0.023 0.076 0.157 0.033 0.045 0.067 0.018 0.06 0.065 0.013 0.128 0.09
169 L 0.049 0.02 0.014 0.016 0.016 0.014 0.019 0.021 0.009 0.205 0.233 0.024 0.038 0.044 0.014 0.026 0.038 0.006 0.02 0.172
170 K 0.055 0.103 0.04 0.04 0.008 0.051 0.068 0.042 0.02 0.027 0.042 0.306 0.015 0.015 0.027 0.051 0.038 0.005 0.017 0.032
171 G 0.1 0.024 0.033 0.03 0.013 0.019 0.028 0.315 0.014 0.042 0.052 0.033 0.015 0.063 0.019 0.07 0.038 0.006 0.021 0.064
172 F 0.036 0.02 0.016 0.016 0.011 0.013 0.019 0.023 0.018 0.07 0.169 0.021 0.029 0.299 0.011 0.025 0.026 0.015 0.1 0.061
173 L 0.044 0.023 0.015 0.016 0.015 0.017 0.02 0.022 0.011 0.144 0.268 0.026 0.075 0.089 0.014 0.026 0.034 0.008 0.029 0.104
174 L 0.051 0.022 0.015 0.016 0.016 0.016 0.021 0.022 0.013 0.14 0.245 0.025 0.037 0.054 0.015 0.027 0.037 0.008 0.057 0.164
175 F 0.042 0.019 0.016 0.017 0.013 0.012 0.019 0.024 0.014 0.109 0.119 0.02 0.027 0.286 0.012 0.026 0.031 0.013 0.064 0.12
176 F 0.037 0.022 0.018 0.017 0.01 0.015 0.022 0.024 0.028 0.079 0.096 0.024 0.023 0.243 0.013 0.027 0.027 0.02 0.193 0.062
177 L 0.061 0.024 0.023 0.023 0.016 0.018 0.026 0.03 0.011 0.181 0.183 0.03 0.033 0.039 0.017 0.075 0.047 0.006 0.02 0.138
178 F 0.036 0.019 0.016 0.016 0.011 0.011 0.019 0.024 0.015 0.072 0.112 0.019 0.025 0.369 0.011 0.025 0.027 0.015 0.078 0.08
179 A 0.104 0.035 0.027 0.067 0.013 0.025 0.039 0.04 0.022 0.075 0.086 0.063 0.038 0.091 0.019 0.045 0.036 0.011 0.098 0.065
180 N 0.041 0.037 0.24 0.104 0.009 0.029 0.046 0.052 0.028 0.055 0.048 0.045 0.014 0.032 0.019 0.056 0.043 0.007 0.052 0.044
181 L 0.046 0.021 0.014 0.016 0.015 0.014 0.019 0.021 0.01 0.155 0.269 0.023 0.039 0.087 0.014 0.025 0.035 0.007 0.028 0.139
182 P 0.062 0.031 0.039 0.078 0.012 0.026 0.046 0.042 0.055 0.029 0.04 0.043 0.013 0.018 0.242 0.085 0.081 0.004 0.018 0.036
183 L 0.044 0.023 0.016 0.016 0.014 0.016 0.021 0.023 0.016 0.096 0.244 0.025 0.053 0.138 0.013 0.027 0.032 0.011 0.072 0.101
184 K 0.065 0.095 0.074 0.043 0.011 0.038 0.053 0.047 0.019 0.029 0.042 0.141 0.014 0.017 0.079 0.099 0.074 0.005 0.016 0.037
185 K 0.05 0.135 0.038 0.047 0.008 0.048 0.115 0.036 0.061 0.024 0.04 0.153 0.014 0.017 0.078 0.048 0.035 0.005 0.02 0.03
186 N 0.08 0.077 0.107 0.092 0.01 0.058 0.085 0.049 0.022 0.026 0.04 0.06 0.014 0.022 0.021 0.076 0.043 0.061 0.021 0.034
187 D 0.05 0.039 0.078 0.166 0.012 0.029 0.055 0.041 0.017 0.068 0.07 0.07 0.035 0.023 0.021 0.056 0.091 0.005 0.016 0.058
188 L 0.055 0.023 0.021 0.021 0.015 0.016 0.024 0.028 0.012 0.129 0.176 0.027 0.031 0.121 0.016 0.054 0.054 0.008 0.034 0.135
189 R 0.047 0.161 0.05 0.051 0.011 0.032 0.041 0.059 0.057 0.078 0.102 0.065 0.022 0.027 0.017 0.039 0.035 0.006 0.021 0.08
190 Y 0.055 0.045 0.036 0.032 0.011 0.053 0.047 0.036 0.084 0.041 0.088 0.073 0.02 0.047 0.048 0.068 0.064 0.01 0.097 0.045
191 Y 0.073 0.028 0.021 0.021 0.013 0.043 0.032 0.03 0.024 0.129 0.112 0.035 0.025 0.066 0.017 0.036 0.034 0.041 0.13 0.089
192 V 0.066 0.022 0.019 0.02 0.072 0.017 0.024 0.028 0.009 0.141 0.143 0.027 0.03 0.034 0.017 0.055 0.047 0.005 0.019 0.205
193 K 0.057 0.145 0.041 0.044 0.009 0.071 0.094 0.041 0.022 0.025 0.042 0.185 0.015 0.016 0.024 0.072 0.042 0.005 0.017 0.032
194 V 0.081 0.021 0.016 0.018 0.016 0.015 0.023 0.03 0.011 0.128 0.126 0.025 0.028 0.1 0.015 0.034 0.039 0.064 0.036 0.175
195 F 0.039 0.019 0.016 0.016 0.012 0.012 0.019 0.023 0.014 0.104 0.149 0.02 0.029 0.288 0.012 0.025 0.029 0.013 0.064 0.097
196 F 0.047 0.044 0.026 0.026 0.011 0.024 0.034 0.086 0.016 0.052 0.111 0.102 0.022 0.195 0.017 0.038 0.044 0.01 0.047 0.049
197 V 0.075 0.021 0.021 0.021 0.015 0.016 0.022 0.138 0.01 0.133 0.104 0.027 0.025 0.073 0.016 0.036 0.039 0.007 0.025 0.175
198 L 0.113 0.026 0.023 0.023 0.017 0.019 0.028 0.038 0.011 0.129 0.165 0.032 0.03 0.035 0.02 0.052 0.093 0.006 0.019 0.121
199 G 0.186 0.027 0.033 0.032 0.016 0.023 0.034 0.276 0.014 0.03 0.042 0.039 0.013 0.018 0.024 0.086 0.043 0.005 0.014 0.044
200 I 0.05 0.022 0.019 0.019 0.014 0.018 0.022 0.079 0.015 0.152 0.132 0.027 0.064 0.09 0.015 0.031 0.036 0.01 0.063 0.123
201 L 0.046 0.02 0.017 0.018 0.014 0.014 0.019 0.077 0.01 0.179 0.22 0.024 0.035 0.084 0.014 0.027 0.034 0.007 0.027 0.115
202 V 0.079 0.022 0.053 0.025 0.069 0.016 0.024 0.034 0.013 0.127 0.105 0.027 0.025 0.115 0.016 0.039 0.039 0.008 0.033 0.132
203 L 0.11 0.026 0.021 0.021 0.016 0.019 0.027 0.038 0.012 0.081 0.251 0.031 0.035 0.082 0.018 0.062 0.04 0.007 0.027 0.076
204 L 0.078 0.022 0.018 0.019 0.015 0.016 0.022 0.084 0.011 0.132 0.22 0.026 0.034 0.081 0.016 0.033 0.035 0.007 0.026 0.106
205 F 0.04 0.02 0.016 0.016 0.04 0.012 0.019 0.024 0.013 0.082 0.173 0.02 0.03 0.267 0.012 0.026 0.029 0.012 0.06 0.089
206 G 0.105 0.025 0.035 0.032 0.013 0.02 0.029 0.371 0.013 0.037 0.043 0.035 0.013 0.019 0.02 0.073 0.038 0.005 0.013 0.06
207 L 0.055 0.021 0.02 0.02 0.014 0.015 0.021 0.134 0.01 0.137 0.171 0.025 0.03 0.078 0.015 0.031 0.035 0.007 0.025 0.135
208 V 0.071 0.02 0.016 0.018 0.017 0.015 0.021 0.026 0.009 0.18 0.13 0.025 0.03 0.078 0.015 0.032 0.042 0.007 0.027 0.222
209 D 0.041 0.034 0.125 0.308 0.008 0.033 0.105 0.048 0.021 0.022 0.029 0.048 0.01 0.015 0.021 0.054 0.037 0.004 0.012 0.025
210 L 0.041 0.023 0.015 0.016 0.014 0.016 0.02 0.022 0.012 0.098 0.312 0.024 0.059 0.131 0.013 0.025 0.031 0.009 0.036 0.083
211 L 0.105 0.024 0.017 0.019 0.016 0.018 0.024 0.033 0.014 0.122 0.231 0.029 0.035 0.051 0.017 0.038 0.037 0.008 0.056 0.106
212 L 0.103 0.027 0.055 0.027 0.015 0.02 0.028 0.04 0.016 0.092 0.145 0.032 0.062 0.119 0.017 0.044 0.038 0.008 0.034 0.078
213 P 0.053 0.027 0.026 0.031 0.01 0.022 0.037 0.035 0.053 0.024 0.035 0.04 0.01 0.014 0.458 0.042 0.034 0.003 0.017 0.029
214 A 0.146 0.035 0.07 0.092 0.014 0.034 0.108 0.054 0.019 0.044 0.052 0.05 0.016 0.02 0.025 0.083 0.047 0.005 0.016 0.072
215 G 0.112 0.073 0.031 0.03 0.012 0.072 0.046 0.152 0.018 0.041 0.09 0.054 0.02 0.065 0.02 0.051 0.036 0.007 0.024 0.047
216 F 0.034 0.02 0.017 0.017 0.01 0.013 0.02 0.024 0.023 0.057 0.1 0.021 0.023 0.347 0.011 0.026 0.025 0.019 0.143 0.051
217 R 0.043 0.295 0.036 0.029 0.008 0.042 0.047 0.031 0.061 0.032 0.083 0.097 0.019 0.022 0.018 0.04 0.033 0.006 0.022 0.036
218 N 0.077 0.117 0.141 0.091 0.01 0.035 0.051 0.105 0.022 0.024 0.037 0.09 0.012 0.017 0.021 0.058 0.04 0.005 0.015 0.031
219 L 0.043 0.023 0.016 0.016 0.015 0.016 0.021 0.021 0.03 0.148 0.326 0.025 0.043 0.049 0.014 0.024 0.033 0.007 0.023 0.106
220 L 0.045 0.021 0.018 0.018 0.015 0.014 0.02 0.023 0.011 0.177 0.192 0.024 0.034 0.124 0.015 0.031 0.06 0.008 0.034 0.115
221 G 0.063 0.027 0.07 0.038 0.01 0.022 0.032 0.313 0.056 0.02 0.03 0.037 0.01 0.017 0.128 0.049 0.032 0.005 0.016 0.025
222 N 0.043 0.034 0.2 0.054 0.011 0.025 0.037 0.047 0.023 0.064 0.066 0.04 0.017 0.108 0.018 0.055 0.067 0.007 0.031 0.053
223 V 0.059 0.041 0.08 0.092 0.014 0.029 0.047 0.041 0.016 0.071 0.069 0.076 0.019 0.023 0.022 0.059 0.107 0.005 0.017 0.113
224 A 0.115 0.029 0.06 0.032 0.015 0.023 0.032 0.099 0.014 0.063 0.109 0.037 0.039 0.027 0.075 0.056 0.067 0.005 0.017 0.084
225 F 0.049 0.027 0.023 0.028 0.012 0.022 0.058 0.029 0.022 0.065 0.118 0.032 0.024 0.178 0.016 0.055 0.036 0.014 0.113 0.079
226 V 0.058 0.021 0.018 0.019 0.017 0.016 0.022 0.024 0.009 0.209 0.134 0.026 0.031 0.037 0.016 0.035 0.069 0.006 0.02 0.215
227 D 0.041 0.03 0.069 0.4 0.007 0.03 0.091 0.046 0.019 0.022 0.028 0.045 0.009 0.015 0.022 0.052 0.035 0.004 0.011 0.024
228 D 0.041 0.034 0.125 0.308 0.008 0.033 0.105 0.048 0.021 0.022 0.029 0.048 0.01 0.015 0.021 0.054 0.037 0.004 0.012 0.025
229 Y 0.1 0.027 0.021 0.02 0.011 0.021 0.029 0.036 0.035 0.04 0.062 0.032 0.017 0.095 0.017 0.041 0.031 0.076 0.24 0.048
230 R 0.043 0.37 0.037 0.03 0.007 0.047 0.05 0.032 0.022 0.022 0.045 0.116 0.015 0.017 0.019 0.043 0.034 0.006 0.017 0.03
231 I 0.047 0.018 0.015 0.018 0.016 0.013 0.018 0.02 0.009 0.275 0.167 0.023 0.037 0.044 0.015 0.025 0.04 0.006 0.02 0.176
232 L 0.052 0.025 0.056 0.027 0.014 0.018 0.026 0.032 0.015 0.086 0.161 0.029 0.028 0.16 0.015 0.056 0.04 0.009 0.041 0.112
233 G 0.075 0.026 0.073 0.039 0.011 0.021 0.03 0.425 0.016 0.02 0.029 0.037 0.01 0.016 0.019 0.074 0.036 0.005 0.012 0.026
234 I 0.045 0.018 0.015 0.017 0.015 0.013 0.018 0.021 0.01 0.21 0.172 0.022 0.034 0.124 0.013 0.025 0.036 0.008 0.035 0.149
235 P 0.06 0.025 0.026 0.029 0.012 0.02 0.033 0.089 0.012 0.042 0.047 0.038 0.013 0.016 0.349 0.047 0.062 0.003 0.014 0.063
236 S 0.126 0.036 0.047 0.043 0.017 0.03 0.046 0.117 0.017 0.029 0.041 0.049 0.015 0.02 0.027 0.209 0.07 0.005 0.016 0.041
237 V 0.115 0.022 0.017 0.019 0.018 0.017 0.025 0.034 0.01 0.158 0.149 0.028 0.03 0.035 0.018 0.04 0.044 0.006 0.019 0.195
238 Q 0.053 0.065 0.037 0.039 0.01 0.175 0.08 0.037 0.024 0.041 0.077 0.1 0.058 0.021 0.021 0.049 0.039 0.006 0.02 0.046
239 S 0.102 0.037 0.05 0.045 0.016 0.03 0.048 0.115 0.018 0.027 0.039 0.05 0.014 0.02 0.027 0.228 0.073 0.005 0.016 0.038
240 L 0.044 0.021 0.015 0.016 0.015 0.014 0.019 0.022 0.011 0.147 0.252 0.023 0.038 0.128 0.013 0.025 0.033 0.008 0.035 0.124
241 F 0.032 0.018 0.016 0.016 0.01 0.01 0.018 0.024 0.016 0.061 0.11 0.018 0.024 0.41 0.01 0.024 0.024 0.016 0.085 0.053
242 I 0.055 0.02 0.018 0.019 0.017 0.015 0.021 0.024 0.009 0.225 0.138 0.026 0.032 0.038 0.016 0.034 0.068 0.006 0.02 0.201
243 H 0.04 0.044 0.051 0.037 0.007 0.037 0.051 0.037 0.38 0.022 0.037 0.044 0.015 0.029 0.018 0.04 0.026 0.007 0.055 0.022
244 P 0.055 0.025 0.022 0.03 0.01 0.02 0.035 0.035 0.012 0.025 0.035 0.04 0.01 0.012 0.513 0.042 0.035 0.002 0.012 0.03
245 G 0.073 0.025 0.038 0.038 0.01 0.023 0.058 0.474 0.014 0.019 0.028 0.037 0.009 0.016 0.019 0.05 0.029 0.005 0.011 0.024
246 V 0.058 0.022 0.02 0.021 0.016 0.016 0.022 0.08 0.009 0.172 0.15 0.027 0.03 0.036 0.016 0.037 0.066 0.006 0.019 0.176
247 F 0.066 0.022 0.019 0.018 0.011 0.015 0.023 0.03 0.026 0.052 0.089 0.025 0.021 0.272 0.014 0.033 0.028 0.019 0.164 0.052
248 G 0.102 0.023 0.036 0.032 0.012 0.019 0.026 0.479 0.013 0.021 0.031 0.034 0.01 0.016 0.019 0.053 0.031 0.005 0.011 0.028
249 W 0.029 0.022 0.015 0.015 0.007 0.015 0.022 0.029 0.015 0.029 0.051 0.022 0.015 0.058 0.007 0.022 0.022 0.512 0.066 0.029
250 F 0.032 0.018 0.016 0.016 0.01 0.01 0.018 0.024 0.016 0.061 0.11 0.018 0.024 0.41 0.01 0.024 0.024 0.016 0.085 0.053
251 L 0.058 0.03 0.023 0.022 0.07 0.026 0.028 0.032 0.015 0.083 0.159 0.035 0.153 0.04 0.017 0.059 0.043 0.007 0.021 0.08
252 L 0.127 0.029 0.031 0.03 0.017 0.023 0.034 0.101 0.013 0.066 0.134 0.038 0.024 0.029 0.022 0.098 0.074 0.006 0.018 0.087
253 F 0.036 0.02 0.016 0.016 0.011 0.013 0.019 0.023 0.018 0.07 0.169 0.021 0.029 0.299 0.011 0.025 0.026 0.015 0.1 0.061
254 L 0.055 0.022 0.018 0.018 0.07 0.016 0.022 0.025 0.01 0.128 0.175 0.025 0.031 0.078 0.016 0.035 0.064 0.007 0.026 0.158
255 A 0.237 0.027 0.029 0.03 0.017 0.022 0.034 0.227 0.014 0.034 0.047 0.039 0.014 0.019 0.025 0.071 0.042 0.005 0.015 0.052
256 L 0.058 0.025 0.023 0.022 0.069 0.018 0.025 0.032 0.012 0.1 0.224 0.029 0.033 0.08 0.017 0.076 0.043 0.007 0.026 0.081
257 F 0.037 0.022 0.018 0.017 0.01 0.015 0.022 0.024 0.028 0.079 0.096 0.024 0.023 0.243 0.013 0.027 0.027 0.02 0.193 0.062
258 Y 0.11 0.026 0.022 0.022 0.069 0.02 0.028 0.038 0.022 0.064 0.107 0.032 0.022 0.061 0.019 0.049 0.063 0.013 0.126 0.087
259 F 0.069 0.021 0.016 0.017 0.014 0.014 0.021 0.028 0.013 0.102 0.206 0.024 0.033 0.207 0.014 0.03 0.031 0.011 0.049 0.081
260 A 0.231 0.031 0.031 0.032 0.019 0.026 0.04 0.066 0.015 0.051 0.06 0.043 0.018 0.022 0.027 0.123 0.057 0.005 0.017 0.085
261 F 0.038 0.051 0.078 0.038 0.009 0.025 0.063 0.034 0.04 0.044 0.077 0.053 0.019 0.236 0.015 0.038 0.031 0.011 0.057 0.042
262 Y 0.076 0.027 0.024 0.022 0.011 0.02 0.029 0.034 0.032 0.045 0.072 0.031 0.019 0.166 0.017 0.059 0.034 0.02 0.214 0.049
263 L 0.088 0.036 0.026 0.026 0.016 0.025 0.033 0.037 0.013 0.103 0.164 0.064 0.047 0.034 0.02 0.068 0.07 0.006 0.019 0.105
264 I 0.049 0.064 0.021 0.022 0.013 0.044 0.032 0.025 0.017 0.152 0.111 0.041 0.027 0.085 0.016 0.032 0.037 0.009 0.063 0.141
265 K 0.046 0.1 0.032 0.031 0.009 0.048 0.05 0.034 0.039 0.043 0.097 0.163 0.021 0.108 0.02 0.041 0.033 0.008 0.035 0.042
266 K 0.081 0.13 0.038 0.076 0.011 0.039 0.055 0.042 0.018 0.037 0.061 0.146 0.035 0.02 0.023 0.055 0.064 0.005 0.017 0.045
267 K 0.054 0.075 0.043 0.087 0.008 0.056 0.095 0.095 0.04 0.024 0.038 0.194 0.014 0.016 0.024 0.051 0.036 0.005 0.018 0.029
268 K 0.062 0.075 0.056 0.041 0.01 0.041 0.056 0.099 0.019 0.025 0.038 0.204 0.013 0.015 0.079 0.073 0.042 0.005 0.015 0.031
269 K 0.063 0.13 0.039 0.036 0.01 0.038 0.05 0.097 0.019 0.029 0.048 0.145 0.015 0.06 0.022 0.09 0.044 0.006 0.024 0.035
270 L 0.057 0.029 0.028 0.026 0.013 0.022 0.031 0.034 0.025 0.057 0.139 0.034 0.025 0.106 0.018 0.083 0.067 0.014 0.135 0.058
271 L 0.041 0.022 0.014 0.015 0.014 0.014 0.019 0.021 0.011 0.121 0.309 0.023 0.041 0.131 0.013 0.024 0.031 0.009 0.035 0.092
272 L 0.042 0.021 0.016 0.017 0.013 0.015 0.02 0.022 0.018 0.15 0.166 0.024 0.031 0.144 0.013 0.026 0.032 0.013 0.107 0.11
273 F 0.075 0.024 0.021 0.021 0.013 0.017 0.026 0.034 0.018 0.061 0.149 0.028 0.026 0.174 0.015 0.056 0.035 0.068 0.082 0.058
274 G 0.121 0.027 0.03 0.028 0.015 0.021 0.031 0.154 0.014 0.05 0.072 0.035 0.027 0.109 0.021 0.076 0.067 0.008 0.031 0.065
275 L 0.05 0.019 0.015 0.016 0.07 0.014 0.019 0.023 0.009 0.171 0.19 0.023 0.034 0.081 0.014 0.027 0.037 0.007 0.027 0.155
276 L 0.047 0.021 0.015 0.016 0.069 0.014 0.019 0.023 0.011 0.1 0.252 0.023 0.036 0.125 0.013 0.027 0.033 0.008 0.034 0.114
277 F 0.035 0.022 0.02 0.018 0.01 0.014 0.022 0.025 0.056 0.062 0.134 0.022 0.026 0.328 0.011 0.026 0.025 0.014 0.075 0.054
278 F 0.055 0.023 0.026 0.025 0.012 0.016 0.026 0.089 0.016 0.075 0.091 0.028 0.022 0.239 0.016 0.077 0.039 0.011 0.055 0.06
279 L 0.044 0.022 0.015 0.016 0.015 0.016 0.02 0.022 0.012 0.114 0.268 0.024 0.056 0.129 0.013 0.026 0.033 0.009 0.036 0.11
280 G 0.061 0.022 0.028 0.025 0.012 0.017 0.023 0.304 0.013 0.073 0.111 0.029 0.038 0.07 0.016 0.039 0.031 0.007 0.022 0.058
281 A 0.175 0.024 0.019 0.022 0.127 0.019 0.028 0.048 0.011 0.076 0.112 0.032 0.023 0.027 0.021 0.055 0.043 0.005 0.017 0.118
282 L 0.042 0.021 0.015 0.016 0.014 0.014 0.019 0.022 0.012 0.12 0.246 0.022 0.037 0.169 0.013 0.025 0.032 0.01 0.042 0.111
283 L 0.04 0.022 0.015 0.016 0.014 0.015 0.02 0.022 0.012 0.114 0.253 0.023 0.055 0.17 0.013 0.025 0.031 0.01 0.043 0.087
284 S 0.129 0.038 0.049 0.045 0.017 0.031 0.049 0.065 0.018 0.03 0.042 0.051 0.015 0.02 0.029 0.231 0.075 0.005 0.017 0.043
285 L 0.045 0.026 0.017 0.018 0.014 0.021 0.023 0.025 0.014 0.092 0.218 0.029 0.123 0.129 0.014 0.03 0.034 0.009 0.037 0.082
286 R 0.044 0.341 0.038 0.031 0.008 0.047 0.052 0.033 0.022 0.023 0.044 0.137 0.015 0.017 0.02 0.044 0.034 0.006 0.017 0.03
287 L 0.106 0.023 0.017 0.019 0.016 0.016 0.024 0.035 0.012 0.089 0.166 0.027 0.029 0.161 0.016 0.039 0.036 0.009 0.041 0.119
288 K 0.052 0.162 0.039 0.038 0.008 0.05 0.064 0.039 0.02 0.026 0.042 0.264 0.015 0.015 0.025 0.05 0.037 0.005 0.017 0.031
289 V 0.107 0.03 0.032 0.032 0.017 0.024 0.037 0.046 0.013 0.075 0.072 0.04 0.02 0.024 0.078 0.118 0.082 0.005 0.017 0.131
290 I 0.05 0.019 0.014 0.017 0.016 0.014 0.019 0.021 0.009 0.226 0.206 0.024 0.037 0.043 0.014 0.026 0.039 0.006 0.02 0.181
291 L 0.106 0.023 0.017 0.018 0.016 0.017 0.024 0.033 0.011 0.116 0.234 0.028 0.035 0.082 0.017 0.037 0.037 0.007 0.027 0.114
292 G 0.149 0.029 0.037 0.035 0.015 0.023 0.035 0.272 0.015 0.029 0.04 0.04 0.013 0.018 0.024 0.105 0.059 0.005 0.014 0.042
293 L 0.045 0.021 0.014 0.016 0.016 0.016 0.019 0.021 0.01 0.193 0.27 0.025 0.058 0.047 0.014 0.025 0.036 0.006 0.021 0.126
294 L 0.122 0.023 0.02 0.021 0.015 0.017 0.025 0.093 0.013 0.094 0.157 0.029 0.027 0.117 0.018 0.043 0.036 0.008 0.033 0.089
295 V 0.148 0.024 0.019 0.021 0.019 0.018 0.027 0.04 0.01 0.135 0.107 0.031 0.026 0.031 0.02 0.047 0.047 0.005 0.019 0.206
296 V 0.12 0.024 0.024 0.024 0.017 0.019 0.028 0.095 0.011 0.128 0.128 0.032 0.026 0.031 0.02 0.066 0.045 0.005 0.018 0.136
297 L 0.08 0.022 0.018 0.019 0.016 0.016 0.022 0.083 0.01 0.161 0.21 0.027 0.034 0.04 0.016 0.034 0.037 0.006 0.019 0.13
298 L 0.061 0.023 0.021 0.021 0.085 0.017 0.024 0.03 0.011 0.097 0.179 0.027 0.031 0.088 0.016 0.059 0.043 0.007 0.028 0.131
299 F 0.088 0.025 0.022 0.022 0.015 0.018 0.027 0.036 0.014 0.084 0.109 0.03 0.044 0.171 0.017 0.062 0.042 0.01 0.045 0.117
300 G 0.095 0.026 0.028 0.027 0.014 0.021 0.029 0.16 0.021 0.081 0.072 0.034 0.019 0.051 0.019 0.068 0.041 0.011 0.096 0.088
301 L 0.045 0.022 0.014 0.016 0.015 0.015 0.02 0.022 0.01 0.134 0.296 0.024 0.041 0.093 0.014 0.025 0.034 0.008 0.029 0.123
302 F 0.053 0.023 0.017 0.017 0.012 0.017 0.023 0.027 0.021 0.064 0.148 0.025 0.044 0.186 0.013 0.03 0.029 0.071 0.119 0.06
303 L 0.042 0.021 0.015 0.016 0.014 0.014 0.019 0.022 0.012 0.12 0.246 0.022 0.037 0.169 0.013 0.025 0.032 0.01 0.042 0.111
304 V 0.056 0.024 0.021 0.021 0.016 0.018 0.025 0.026 0.014 0.155 0.145 0.029 0.03 0.046 0.017 0.041 0.092 0.008 0.055 0.16
305 S 0.108 0.035 0.04 0.044 0.015 0.031 0.075 0.053 0.017 0.031 0.043 0.05 0.014 0.018 0.136 0.145 0.083 0.005 0.016 0.043
306 G 0.081 0.076 0.071 0.039 0.012 0.03 0.04 0.209 0.018 0.032 0.053 0.078 0.032 0.02 0.021 0.084 0.043 0.005 0.015 0.038
307 R 0.081 0.168 0.035 0.033 0.011 0.041 0.051 0.04 0.019 0.037 0.063 0.154 0.035 0.021 0.023 0.054 0.064 0.006 0.017 0.045
308 K 0.081 0.131 0.035 0.035 0.01 0.045 0.057 0.042 0.019 0.035 0.06 0.215 0.035 0.019 0.024 0.052 0.039 0.005 0.017 0.041
309 I 0.078 0.029 0.034 0.033 0.017 0.023 0.035 0.043 0.014 0.154 0.104 0.038 0.026 0.032 0.022 0.126 0.06 0.005 0.019 0.108
310 R 0.05 0.222 0.039 0.035 0.008 0.049 0.06 0.037 0.021 0.025 0.043 0.221 0.015 0.016 0.023 0.048 0.036 0.005 0.017 0.031
311 L 0.082 0.033 0.02 0.021 0.016 0.023 0.029 0.031 0.012 0.143 0.161 0.06 0.066 0.037 0.018 0.037 0.041 0.006 0.02 0.145
312 R 0.051 0.122 0.066 0.034 0.011 0.034 0.043 0.035 0.021 0.054 0.095 0.113 0.021 0.035 0.02 0.048 0.064 0.008 0.054 0.072
313 L 0.051 0.031 0.061 0.031 0.014 0.044 0.036 0.034 0.016 0.113 0.158 0.038 0.029 0.075 0.018 0.055 0.078 0.007 0.026 0.084
314 I 0.047 0.018 0.015 0.018 0.016 0.013 0.018 0.021 0.009 0.269 0.168 0.024 0.037 0.044 0.015 0.025 0.04 0.006 0.021 0.177
315 L 0.074 0.021 0.015 0.017 0.016 0.015 0.021 0.027 0.01 0.173 0.221 0.025 0.036 0.084 0.015 0.031 0.036 0.007 0.027 0.127
316 F 0.106 0.021 0.02 0.021 0.014 0.015 0.024 0.091 0.014 0.089 0.096 0.027 0.023 0.197 0.016 0.041 0.034 0.01 0.047 0.093
317 L 0.055 0.024 0.019 0.02 0.016 0.017 0.023 0.026 0.01 0.153 0.26 0.028 0.039 0.044 0.016 0.053 0.042 0.006 0.02 0.131
318 I 0.11 0.024 0.025 0.027 0.016 0.019 0.029 0.101 0.012 0.138 0.092 0.034 0.023 0.028 0.081 0.069 0.044 0.005 0.017 0.107
319 G 0.121 0.025 0.028 0.028 0.069 0.02 0.029 0.207 0.012 0.041 0.084 0.034 0.017 0.022 0.076 0.056 0.062 0.005 0.014 0.05
320 V 0.07 0.022 0.016 0.018 0.019 0.016 0.023 0.025 0.008 0.165 0.13 0.026 0.032 0.036 0.016 0.033 0.049 0.006 0.021 0.269
