#Seq2Logo.py -f /work3/idamei/ssn-clusterings/clustering/2205171701/clusters/0007_124/sequences.afa -o /work3/idamei/ssn-clusterings/clustering/2205171701/clusters/0007_124/sequences.logo
#Position Specific Frequency Matrix
A R N D C Q E G H I L K M F P S T W Y V
0 L 0.051 0.032 0.02 0.02 0.016 0.028 0.028 0.028 0.016 0.099 0.194 0.036 0.173 0.047 0.016 0.036 0.04 0.008 0.024 0.091
1 K 0.054 0.066 0.03 0.03 0.071 0.037 0.047 0.035 0.021 0.049 0.086 0.16 0.055 0.038 0.021 0.044 0.037 0.008 0.057 0.052
2 L 0.045 0.033 0.022 0.024 0.013 0.066 0.039 0.027 0.016 0.121 0.177 0.039 0.033 0.127 0.016 0.032 0.034 0.009 0.038 0.089
3 A 0.117 0.04 0.109 0.059 0.014 0.037 0.109 0.055 0.021 0.035 0.047 0.054 0.015 0.02 0.025 0.075 0.098 0.005 0.017 0.049
4 R 0.053 0.132 0.106 0.043 0.011 0.037 0.048 0.041 0.021 0.059 0.062 0.122 0.018 0.021 0.021 0.049 0.043 0.005 0.017 0.092
5 I 0.11 0.021 0.017 0.02 0.017 0.016 0.023 0.035 0.01 0.222 0.139 0.028 0.032 0.038 0.018 0.039 0.042 0.006 0.02 0.148
6 K 0.066 0.151 0.043 0.04 0.01 0.046 0.061 0.046 0.021 0.027 0.043 0.187 0.015 0.017 0.026 0.095 0.048 0.005 0.017 0.034
7 P 0.057 0.047 0.03 0.031 0.013 0.029 0.041 0.035 0.014 0.055 0.132 0.1 0.023 0.026 0.142 0.053 0.091 0.005 0.017 0.057
8 G 0.053 0.125 0.034 0.03 0.009 0.032 0.041 0.154 0.018 0.033 0.057 0.115 0.016 0.111 0.019 0.043 0.032 0.008 0.033 0.035
9 G 0.084 0.03 0.043 0.038 0.014 0.024 0.035 0.286 0.015 0.03 0.04 0.041 0.013 0.019 0.023 0.106 0.099 0.005 0.014 0.04
10 R 0.109 0.111 0.026 0.025 0.013 0.031 0.037 0.04 0.025 0.052 0.091 0.057 0.056 0.054 0.02 0.048 0.038 0.012 0.097 0.059
11 S 0.11 0.04 0.054 0.049 0.018 0.033 0.053 0.067 0.019 0.03 0.042 0.054 0.016 0.021 0.03 0.217 0.082 0.005 0.018 0.042
12 L 0.052 0.032 0.02 0.02 0.016 0.028 0.028 0.028 0.016 0.101 0.197 0.036 0.158 0.048 0.016 0.036 0.04 0.008 0.024 0.093
13 H 0.042 0.046 0.054 0.038 0.008 0.038 0.054 0.038 0.353 0.023 0.038 0.046 0.015 0.031 0.019 0.042 0.027 0.008 0.057 0.023
14 P 0.057 0.026 0.023 0.031 0.01 0.021 0.036 0.036 0.013 0.026 0.036 0.041 0.01 0.013 0.492 0.044 0.036 0.003 0.013 0.031
15 L 0.045 0.024 0.014 0.015 0.016 0.016 0.02 0.021 0.01 0.116 0.373 0.025 0.05 0.055 0.014 0.024 0.034 0.007 0.022 0.097
16 A 0.288 0.031 0.026 0.03 0.022 0.026 0.041 0.079 0.015 0.043 0.06 0.045 0.018 0.022 0.03 0.085 0.05 0.005 0.018 0.069
17 L 0.044 0.022 0.014 0.016 0.016 0.015 0.019 0.021 0.01 0.156 0.33 0.025 0.046 0.051 0.014 0.024 0.034 0.007 0.022 0.115
18 S 0.099 0.038 0.051 0.045 0.017 0.031 0.048 0.06 0.018 0.035 0.047 0.051 0.016 0.021 0.029 0.196 0.125 0.005 0.017 0.048
19 G 0.114 0.024 0.024 0.024 0.015 0.018 0.026 0.16 0.014 0.059 0.146 0.03 0.025 0.122 0.018 0.046 0.034 0.009 0.034 0.06
20 W 0.059 0.028 0.026 0.025 0.014 0.022 0.03 0.036 0.015 0.11 0.113 0.034 0.06 0.043 0.017 0.078 0.045 0.13 0.032 0.084
21 W 0.074 0.021 0.017 0.018 0.013 0.015 0.022 0.031 0.013 0.119 0.106 0.025 0.025 0.132 0.014 0.033 0.034 0.132 0.048 0.108
22 F 0.047 0.021 0.021 0.02 0.012 0.014 0.021 0.147 0.014 0.064 0.159 0.024 0.027 0.215 0.013 0.031 0.028 0.011 0.052 0.057
23 V 0.065 0.021 0.021 0.021 0.016 0.016 0.022 0.147 0.01 0.156 0.113 0.027 0.027 0.032 0.016 0.035 0.041 0.005 0.018 0.189
24 L 0.108 0.026 0.017 0.019 0.017 0.018 0.025 0.035 0.011 0.096 0.303 0.03 0.041 0.046 0.018 0.039 0.037 0.007 0.021 0.088
25 F 0.049 0.023 0.023 0.022 0.012 0.017 0.023 0.149 0.016 0.061 0.112 0.027 0.058 0.214 0.014 0.034 0.03 0.012 0.052 0.056
26 L 0.125 0.028 0.027 0.027 0.018 0.022 0.032 0.046 0.013 0.117 0.162 0.036 0.029 0.035 0.022 0.091 0.051 0.006 0.019 0.094
27 V 0.073 0.025 0.025 0.025 0.018 0.02 0.029 0.034 0.011 0.159 0.116 0.032 0.028 0.034 0.019 0.08 0.054 0.005 0.02 0.194
28 F 0.046 0.024 0.023 0.021 0.014 0.016 0.024 0.028 0.014 0.073 0.168 0.027 0.03 0.217 0.016 0.041 0.085 0.012 0.054 0.068
29 L 0.047 0.022 0.015 0.016 0.015 0.015 0.02 0.023 0.011 0.113 0.253 0.024 0.038 0.135 0.014 0.026 0.035 0.009 0.038 0.131
30 A 0.114 0.043 0.103 0.044 0.014 0.077 0.054 0.052 0.022 0.055 0.074 0.054 0.038 0.024 0.022 0.06 0.046 0.006 0.019 0.079
31 F 0.051 0.034 0.026 0.027 0.013 0.068 0.042 0.03 0.016 0.119 0.105 0.042 0.027 0.121 0.017 0.042 0.064 0.008 0.037 0.109
32 A 0.123 0.035 0.107 0.044 0.014 0.028 0.042 0.058 0.028 0.034 0.05 0.045 0.016 0.047 0.023 0.104 0.052 0.011 0.094 0.045
33 L 0.115 0.028 0.024 0.024 0.018 0.021 0.03 0.04 0.012 0.081 0.223 0.035 0.034 0.038 0.021 0.056 0.093 0.006 0.02 0.082
34 L 0.07 0.025 0.026 0.025 0.016 0.019 0.026 0.152 0.011 0.098 0.156 0.031 0.028 0.033 0.018 0.06 0.044 0.006 0.018 0.14
35 C 0.07 0.024 0.025 0.024 0.254 0.018 0.026 0.038 0.011 0.058 0.139 0.03 0.024 0.029 0.019 0.084 0.046 0.005 0.016 0.062
36 L 0.039 0.021 0.015 0.016 0.013 0.013 0.019 0.023 0.013 0.088 0.249 0.022 0.037 0.225 0.012 0.024 0.029 0.012 0.055 0.074
37 A 0.288 0.031 0.026 0.03 0.022 0.026 0.041 0.078 0.015 0.043 0.06 0.045 0.018 0.022 0.03 0.085 0.05 0.005 0.018 0.069
38 D 0.048 0.025 0.048 0.216 0.009 0.022 0.056 0.159 0.017 0.031 0.049 0.035 0.013 0.11 0.018 0.045 0.031 0.007 0.03 0.032
39 E 0.046 0.035 0.028 0.052 0.01 0.038 0.163 0.029 0.019 0.055 0.142 0.048 0.025 0.121 0.019 0.039 0.033 0.009 0.036 0.053
40 F 0.059 0.034 0.033 0.043 0.011 0.032 0.101 0.037 0.027 0.039 0.064 0.044 0.018 0.14 0.02 0.085 0.042 0.014 0.112 0.043
41 L 0.058 0.024 0.022 0.022 0.017 0.018 0.025 0.027 0.01 0.153 0.186 0.03 0.034 0.039 0.018 0.043 0.095 0.006 0.02 0.155
42 S 0.083 0.04 0.119 0.054 0.015 0.031 0.048 0.059 0.021 0.033 0.044 0.051 0.015 0.021 0.026 0.156 0.117 0.005 0.017 0.045
43 D 0.041 0.033 0.133 0.325 0.008 0.03 0.08 0.05 0.022 0.022 0.028 0.046 0.01 0.015 0.022 0.056 0.038 0.004 0.012 0.025
44 L 0.057 0.027 0.024 0.024 0.015 0.019 0.028 0.033 0.014 0.08 0.231 0.03 0.035 0.131 0.017 0.076 0.043 0.009 0.037 0.071
45 G 0.096 0.037 0.036 0.034 0.012 0.072 0.046 0.282 0.018 0.034 0.057 0.049 0.033 0.02 0.021 0.054 0.036 0.006 0.016 0.041
46 Y 0.04 0.028 0.021 0.018 0.009 0.021 0.028 0.025 0.046 0.043 0.067 0.031 0.018 0.129 0.015 0.031 0.028 0.028 0.328 0.046
47 S 0.108 0.04 0.053 0.048 0.017 0.033 0.052 0.065 0.019 0.029 0.041 0.053 0.015 0.021 0.029 0.231 0.081 0.005 0.017 0.041
48 L 0.065 0.028 0.026 0.025 0.015 0.022 0.031 0.034 0.021 0.087 0.155 0.034 0.028 0.06 0.019 0.08 0.047 0.011 0.097 0.115
49 E 0.12 0.038 0.03 0.056 0.014 0.042 0.169 0.043 0.018 0.062 0.065 0.055 0.018 0.022 0.024 0.056 0.043 0.005 0.018 0.102
50 F 0.038 0.021 0.017 0.017 0.012 0.014 0.021 0.024 0.022 0.112 0.114 0.023 0.026 0.241 0.013 0.026 0.029 0.017 0.131 0.082
51 L 0.053 0.022 0.015 0.016 0.015 0.016 0.022 0.025 0.01 0.117 0.173 0.025 0.032 0.046 0.013 0.028 0.038 0.129 0.032 0.171
52 L 0.106 0.023 0.018 0.02 0.016 0.016 0.024 0.036 0.012 0.125 0.18 0.028 0.032 0.129 0.017 0.039 0.037 0.009 0.037 0.098
53 L 0.043 0.025 0.016 0.017 0.015 0.018 0.022 0.024 0.013 0.097 0.269 0.026 0.074 0.138 0.014 0.027 0.033 0.01 0.039 0.084
54 I 0.114 0.02 0.018 0.02 0.136 0.016 0.023 0.037 0.01 0.163 0.113 0.028 0.026 0.032 0.019 0.043 0.041 0.005 0.017 0.118
55 L 0.08 0.021 0.016 0.018 0.017 0.016 0.022 0.028 0.01 0.195 0.202 0.027 0.036 0.042 0.016 0.033 0.04 0.006 0.02 0.154
56 L 0.068 0.03 0.029 0.027 0.016 0.022 0.032 0.038 0.013 0.082 0.256 0.036 0.036 0.041 0.02 0.102 0.051 0.006 0.02 0.075
57 L 0.057 0.023 0.022 0.021 0.135 0.017 0.023 0.029 0.01 0.123 0.17 0.028 0.03 0.035 0.018 0.045 0.091 0.006 0.018 0.099
58 V 0.072 0.025 0.028 0.026 0.017 0.02 0.027 0.152 0.011 0.099 0.087 0.032 0.023 0.027 0.02 0.052 0.096 0.005 0.017 0.163
59 A 0.169 0.027 0.022 0.023 0.016 0.021 0.032 0.051 0.023 0.048 0.074 0.034 0.019 0.142 0.021 0.056 0.038 0.014 0.112 0.059
60 V 0.077 0.029 0.032 0.03 0.018 0.023 0.033 0.039 0.012 0.116 0.095 0.037 0.025 0.03 0.022 0.096 0.108 0.005 0.019 0.154
61 L 0.047 0.023 0.017 0.017 0.014 0.016 0.022 0.024 0.02 0.095 0.173 0.025 0.031 0.153 0.014 0.028 0.034 0.014 0.114 0.119
62 R 0.044 0.189 0.028 0.024 0.01 0.032 0.037 0.027 0.025 0.093 0.081 0.073 0.021 0.052 0.017 0.036 0.034 0.011 0.096 0.07
63 A 0.176 0.028 0.023 0.025 0.019 0.022 0.032 0.052 0.013 0.091 0.154 0.037 0.028 0.032 0.023 0.062 0.07 0.006 0.019 0.088
64 Q 0.053 0.053 0.035 0.05 0.01 0.132 0.132 0.034 0.023 0.089 0.074 0.069 0.022 0.022 0.022 0.047 0.039 0.006 0.019 0.069
65 G 0.064 0.126 0.039 0.034 0.009 0.034 0.043 0.277 0.017 0.022 0.036 0.118 0.012 0.016 0.021 0.049 0.033 0.005 0.014 0.028
66 E 0.064 0.036 0.034 0.057 0.011 0.04 0.165 0.153 0.018 0.056 0.057 0.052 0.016 0.021 0.021 0.048 0.038 0.005 0.016 0.091
67 A 0.127 0.055 0.112 0.05 0.014 0.036 0.052 0.062 0.021 0.03 0.043 0.11 0.015 0.019 0.026 0.109 0.054 0.005 0.017 0.042
68 Y 0.048 0.025 0.018 0.017 0.013 0.019 0.025 0.024 0.028 0.09 0.162 0.028 0.029 0.087 0.015 0.029 0.034 0.017 0.175 0.117
69 T 0.129 0.034 0.038 0.035 0.018 0.027 0.039 0.051 0.014 0.05 0.063 0.045 0.019 0.023 0.028 0.089 0.206 0.006 0.017 0.069
70 S 0.108 0.04 0.053 0.048 0.017 0.033 0.052 0.065 0.019 0.029 0.041 0.053 0.015 0.021 0.029 0.231 0.081 0.005 0.017 0.041
71 L 0.11 0.028 0.018 0.02 0.017 0.021 0.027 0.037 0.013 0.092 0.255 0.032 0.072 0.044 0.018 0.042 0.039 0.007 0.021 0.087
72 L 0.053 0.026 0.023 0.022 0.013 0.021 0.025 0.148 0.021 0.069 0.168 0.031 0.062 0.062 0.016 0.035 0.032 0.012 0.096 0.064
73 F 0.036 0.02 0.016 0.016 0.012 0.012 0.019 0.024 0.015 0.075 0.181 0.02 0.031 0.31 0.011 0.025 0.027 0.014 0.071 0.064
74 L 0.042 0.021 0.015 0.016 0.015 0.014 0.019 0.022 0.011 0.143 0.262 0.023 0.04 0.137 0.013 0.024 0.033 0.009 0.038 0.104
75 F 0.033 0.019 0.017 0.017 0.01 0.01 0.019 0.025 0.017 0.062 0.113 0.019 0.025 0.396 0.01 0.025 0.025 0.017 0.087 0.054
76 N 0.062 0.044 0.187 0.075 0.011 0.041 0.114 0.057 0.027 0.024 0.035 0.058 0.013 0.018 0.024 0.106 0.054 0.005 0.016 0.031
77 C 0.077 0.027 0.032 0.029 0.254 0.021 0.031 0.043 0.012 0.042 0.058 0.035 0.017 0.021 0.022 0.101 0.103 0.005 0.015 0.056
78 C 0.077 0.027 0.032 0.029 0.254 0.021 0.031 0.043 0.012 0.042 0.058 0.035 0.017 0.021 0.022 0.101 0.103 0.005 0.015 0.056
79 F 0.045 0.021 0.016 0.016 0.014 0.013 0.02 0.024 0.013 0.1 0.185 0.022 0.033 0.22 0.013 0.027 0.033 0.011 0.054 0.121
80 F 0.033 0.019 0.017 0.017 0.01 0.01 0.019 0.025 0.017 0.062 0.113 0.019 0.025 0.396 0.01 0.025 0.025 0.017 0.087 0.054
81 L 0.051 0.022 0.015 0.016 0.017 0.015 0.02 0.022 0.009 0.168 0.266 0.025 0.041 0.047 0.015 0.026 0.038 0.006 0.021 0.161
82 F 0.033 0.019 0.017 0.017 0.01 0.01 0.019 0.025 0.017 0.062 0.113 0.019 0.025 0.396 0.01 0.025 0.025 0.017 0.087 0.054
83 I 0.046 0.019 0.014 0.017 0.016 0.014 0.018 0.02 0.009 0.24 0.22 0.024 0.039 0.046 0.014 0.024 0.038 0.006 0.021 0.154
84 G 0.074 0.021 0.033 0.029 0.131 0.017 0.023 0.396 0.012 0.025 0.037 0.03 0.011 0.017 0.018 0.048 0.031 0.005 0.011 0.032
85 G 0.077 0.023 0.039 0.033 0.011 0.019 0.025 0.517 0.013 0.019 0.028 0.033 0.009 0.016 0.019 0.051 0.029 0.005 0.011 0.024
86 R 0.044 0.355 0.038 0.031 0.008 0.048 0.052 0.032 0.023 0.023 0.046 0.118 0.015 0.017 0.019 0.044 0.034 0.006 0.017 0.031
87 F 0.036 0.02 0.016 0.016 0.012 0.012 0.019 0.024 0.015 0.075 0.181 0.02 0.031 0.31 0.011 0.025 0.027 0.014 0.071 0.064
88 I 0.046 0.019 0.014 0.017 0.016 0.014 0.018 0.02 0.009 0.24 0.22 0.024 0.039 0.046 0.014 0.024 0.038 0.006 0.021 0.154
89 A 0.204 0.035 0.039 0.039 0.019 0.029 0.046 0.071 0.017 0.036 0.05 0.049 0.016 0.021 0.029 0.158 0.065 0.005 0.017 0.055
90 L 0.049 0.033 0.033 0.027 0.013 0.026 0.035 0.031 0.109 0.058 0.138 0.036 0.025 0.059 0.019 0.047 0.086 0.012 0.106 0.058
91 F 0.049 0.024 0.025 0.025 0.012 0.017 0.028 0.032 0.015 0.051 0.081 0.031 0.02 0.207 0.137 0.046 0.086 0.01 0.051 0.052
92 L 0.042 0.021 0.015 0.016 0.015 0.014 0.019 0.022 0.011 0.143 0.262 0.023 0.04 0.137 0.013 0.024 0.033 0.009 0.038 0.104
93 G 0.062 0.025 0.028 0.025 0.013 0.02 0.025 0.271 0.013 0.062 0.159 0.032 0.06 0.033 0.017 0.04 0.033 0.006 0.017 0.058
94 T 0.073 0.036 0.044 0.038 0.018 0.028 0.04 0.044 0.014 0.053 0.065 0.046 0.02 0.024 0.028 0.093 0.244 0.006 0.018 0.071
95 I 0.052 0.021 0.022 0.022 0.013 0.017 0.022 0.146 0.019 0.156 0.107 0.028 0.025 0.058 0.016 0.033 0.034 0.011 0.095 0.105
96 D 0.044 0.038 0.126 0.246 0.008 0.039 0.134 0.048 0.023 0.022 0.031 0.054 0.011 0.016 0.022 0.056 0.039 0.004 0.013 0.026
97 G 0.079 0.023 0.039 0.034 0.011 0.019 0.026 0.508 0.014 0.019 0.028 0.034 0.009 0.016 0.019 0.051 0.03 0.005 0.011 0.024
98 S 0.143 0.034 0.039 0.039 0.016 0.028 0.045 0.061 0.016 0.032 0.044 0.048 0.015 0.019 0.147 0.147 0.062 0.005 0.016 0.045
99 D 0.041 0.03 0.069 0.396 0.008 0.03 0.092 0.047 0.019 0.022 0.028 0.045 0.009 0.015 0.022 0.052 0.035 0.004 0.011 0.024
100 E 0.054 0.036 0.033 0.056 0.008 0.04 0.165 0.154 0.02 0.023 0.038 0.051 0.012 0.027 0.019 0.045 0.031 0.129 0.028 0.029
101 G 0.087 0.038 0.046 0.055 0.013 0.037 0.109 0.171 0.019 0.025 0.037 0.054 0.013 0.018 0.026 0.142 0.057 0.005 0.015 0.034
102 P 0.118 0.024 0.02 0.024 0.017 0.019 0.029 0.039 0.011 0.128 0.097 0.033 0.024 0.028 0.14 0.046 0.043 0.005 0.018 0.138
103 F 0.033 0.019 0.017 0.017 0.01 0.01 0.019 0.025 0.017 0.062 0.113 0.019 0.025 0.396 0.01 0.025 0.025 0.017 0.087 0.054
104 D 0.048 0.031 0.062 0.314 0.01 0.029 0.077 0.045 0.017 0.03 0.037 0.044 0.012 0.017 0.023 0.061 0.091 0.004 0.013 0.035
105 L 0.044 0.024 0.014 0.015 0.016 0.016 0.02 0.021 0.01 0.114 0.385 0.025 0.049 0.054 0.014 0.024 0.033 0.007 0.022 0.095
106 N 0.045 0.042 0.19 0.165 0.008 0.04 0.124 0.052 0.026 0.022 0.031 0.056 0.011 0.017 0.022 0.061 0.042 0.004 0.015 0.027
107 F 0.032 0.02 0.016 0.016 0.01 0.012 0.02 0.026 0.016 0.054 0.097 0.02 0.023 0.312 0.01 0.024 0.024 0.137 0.082 0.048
108 L 0.051 0.032 0.02 0.02 0.016 0.028 0.028 0.028 0.016 0.099 0.194 0.036 0.173 0.047 0.016 0.036 0.04 0.008 0.024 0.091
109 T 0.129 0.034 0.038 0.035 0.018 0.027 0.039 0.051 0.014 0.05 0.063 0.045 0.019 0.023 0.028 0.089 0.206 0.006 0.017 0.069
110 E 0.073 0.057 0.044 0.054 0.013 0.044 0.117 0.046 0.02 0.033 0.046 0.115 0.016 0.019 0.027 0.107 0.103 0.005 0.017 0.044
111 Y 0.038 0.025 0.02 0.018 0.009 0.019 0.025 0.025 0.039 0.048 0.079 0.028 0.02 0.196 0.014 0.029 0.027 0.025 0.268 0.048
112 V 0.06 0.042 0.022 0.023 0.016 0.025 0.033 0.028 0.011 0.158 0.116 0.091 0.028 0.032 0.019 0.036 0.044 0.005 0.019 0.191
113 A 0.191 0.032 0.032 0.034 0.017 0.026 0.042 0.064 0.015 0.035 0.048 0.045 0.015 0.019 0.147 0.111 0.054 0.005 0.016 0.052
114 N 0.057 0.04 0.185 0.059 0.013 0.03 0.044 0.053 0.022 0.037 0.048 0.049 0.015 0.021 0.024 0.08 0.153 0.005 0.017 0.048
115 E 0.064 0.042 0.05 0.158 0.01 0.047 0.189 0.045 0.022 0.024 0.035 0.062 0.013 0.017 0.026 0.098 0.047 0.005 0.015 0.032
116 D 0.121 0.03 0.041 0.125 0.014 0.024 0.05 0.053 0.017 0.039 0.06 0.04 0.017 0.113 0.023 0.098 0.047 0.008 0.033 0.047
117 E 0.114 0.036 0.03 0.056 0.013 0.041 0.168 0.042 0.019 0.092 0.074 0.054 0.02 0.024 0.024 0.054 0.04 0.005 0.018 0.076
118 K 0.066 0.151 0.043 0.04 0.01 0.046 0.061 0.046 0.021 0.027 0.043 0.187 0.015 0.017 0.026 0.095 0.048 0.005 0.017 0.034
119 N 0.059 0.038 0.18 0.057 0.013 0.029 0.042 0.054 0.023 0.047 0.122 0.046 0.022 0.027 0.021 0.098 0.053 0.005 0.018 0.047
120 R 0.049 0.113 0.028 0.039 0.012 0.038 0.101 0.029 0.018 0.106 0.11 0.063 0.059 0.031 0.019 0.04 0.037 0.006 0.019 0.082
121 I 0.119 0.026 0.024 0.025 0.018 0.02 0.029 0.041 0.011 0.15 0.109 0.034 0.027 0.032 0.022 0.057 0.097 0.006 0.019 0.135
122 F 0.035 0.021 0.018 0.017 0.01 0.013 0.021 0.025 0.024 0.058 0.101 0.022 0.023 0.329 0.012 0.026 0.026 0.019 0.148 0.052
123 L 0.064 0.029 0.032 0.029 0.015 0.022 0.032 0.039 0.015 0.064 0.151 0.035 0.027 0.123 0.02 0.093 0.099 0.009 0.036 0.065
124 Y 0.043 0.107 0.024 0.021 0.01 0.026 0.031 0.025 0.031 0.098 0.087 0.051 0.022 0.08 0.016 0.033 0.032 0.017 0.173 0.074
125 L 0.056 0.023 0.015 0.016 0.017 0.016 0.021 0.023 0.009 0.138 0.257 0.025 0.04 0.045 0.015 0.028 0.041 0.006 0.021 0.187
126 V 0.118 0.023 0.019 0.02 0.017 0.017 0.026 0.038 0.012 0.107 0.107 0.028 0.026 0.122 0.018 0.043 0.043 0.008 0.036 0.17
127 L 0.077 0.03 0.034 0.032 0.017 0.024 0.035 0.043 0.014 0.113 0.158 0.039 0.029 0.035 0.022 0.128 0.058 0.006 0.019 0.088
128 F 0.033 0.019 0.017 0.017 0.01 0.01 0.019 0.025 0.017 0.062 0.113 0.019 0.025 0.396 0.01 0.025 0.025 0.017 0.087 0.054
129 V 0.057 0.033 0.022 0.025 0.015 0.068 0.04 0.027 0.014 0.173 0.122 0.041 0.03 0.033 0.017 0.035 0.043 0.006 0.02 0.179
130 V 0.072 0.024 0.025 0.025 0.136 0.019 0.027 0.035 0.011 0.129 0.1 0.031 0.025 0.03 0.019 0.082 0.051 0.005 0.017 0.138
131 F 0.052 0.024 0.026 0.025 0.012 0.016 0.027 0.035 0.017 0.054 0.095 0.027 0.023 0.302 0.015 0.077 0.039 0.014 0.07 0.051
132 L 0.057 0.027 0.024 0.024 0.015 0.019 0.028 0.033 0.014 0.08 0.231 0.03 0.035 0.131 0.017 0.076 0.043 0.009 0.037 0.071
133 N 0.042 0.044 0.327 0.082 0.009 0.033 0.049 0.064 0.031 0.022 0.031 0.053 0.011 0.018 0.02 0.069 0.049 0.004 0.015 0.027
134 L 0.039 0.021 0.015 0.016 0.013 0.013 0.019 0.023 0.013 0.088 0.249 0.022 0.037 0.225 0.012 0.024 0.029 0.012 0.055 0.074
135 G 0.074 0.026 0.037 0.033 0.012 0.02 0.03 0.281 0.016 0.032 0.052 0.035 0.015 0.112 0.019 0.089 0.041 0.008 0.032 0.036
136 Y 0.04 0.028 0.021 0.018 0.009 0.021 0.028 0.025 0.046 0.043 0.067 0.031 0.018 0.129 0.015 0.031 0.028 0.028 0.328 0.046
137 F 0.035 0.021 0.016 0.016 0.011 0.013 0.02 0.025 0.015 0.067 0.165 0.021 0.028 0.226 0.011 0.024 0.026 0.135 0.066 0.058
138 L 0.055 0.024 0.022 0.022 0.016 0.017 0.025 0.028 0.012 0.119 0.145 0.028 0.03 0.126 0.017 0.043 0.092 0.009 0.037 0.135
139 L 0.052 0.023 0.015 0.016 0.017 0.016 0.021 0.022 0.009 0.13 0.298 0.025 0.043 0.048 0.015 0.027 0.038 0.006 0.021 0.156
140 R 0.067 0.196 0.043 0.037 0.013 0.039 0.048 0.043 0.02 0.032 0.049 0.084 0.016 0.02 0.024 0.103 0.102 0.006 0.017 0.043
141 I 0.047 0.018 0.015 0.018 0.016 0.013 0.018 0.021 0.009 0.269 0.168 0.024 0.037 0.044 0.015 0.025 0.04 0.006 0.021 0.177
142 K 0.049 0.149 0.047 0.13 0.008 0.046 0.07 0.041 0.021 0.025 0.04 0.185 0.014 0.016 0.024 0.05 0.037 0.005 0.016 0.03
143 E 0.055 0.036 0.084 0.117 0.011 0.037 0.133 0.038 0.019 0.069 0.065 0.05 0.018 0.023 0.021 0.049 0.042 0.005 0.017 0.111
144 R 0.045 0.129 0.042 0.124 0.008 0.038 0.06 0.036 0.027 0.029 0.046 0.121 0.015 0.044 0.021 0.045 0.034 0.011 0.093 0.033
145 N 0.069 0.052 0.141 0.059 0.012 0.097 0.067 0.057 0.026 0.026 0.04 0.066 0.016 0.018 0.024 0.118 0.057 0.005 0.018 0.034
146 R 0.051 0.226 0.04 0.036 0.008 0.051 0.062 0.038 0.022 0.025 0.045 0.199 0.016 0.016 0.024 0.049 0.037 0.006 0.017 0.032
147 P 0.114 0.026 0.021 0.026 0.014 0.02 0.033 0.042 0.012 0.052 0.129 0.038 0.022 0.025 0.261 0.049 0.038 0.004 0.016 0.056
148 L 0.058 0.034 0.035 0.03 0.012 0.027 0.038 0.037 0.11 0.052 0.133 0.039 0.024 0.058 0.019 0.082 0.042 0.012 0.106 0.051
149 G 0.064 0.034 0.136 0.051 0.012 0.026 0.038 0.208 0.019 0.031 0.041 0.044 0.013 0.019 0.022 0.07 0.111 0.005 0.015 0.04
150 L 0.04 0.022 0.015 0.016 0.014 0.014 0.02 0.022 0.012 0.097 0.293 0.023 0.041 0.168 0.013 0.024 0.03 0.01 0.044 0.081
151 I 0.047 0.018 0.015 0.018 0.016 0.013 0.018 0.021 0.009 0.27 0.168 0.024 0.037 0.044 0.015 0.025 0.04 0.006 0.021 0.177
152 N 0.064 0.06 0.138 0.055 0.01 0.037 0.052 0.133 0.023 0.024 0.036 0.128 0.013 0.017 0.024 0.087 0.048 0.005 0.016 0.031
153 G 0.07 0.05 0.039 0.036 0.01 0.03 0.04 0.359 0.016 0.022 0.033 0.118 0.011 0.016 0.022 0.051 0.033 0.005 0.013 0.027
154 G 0.076 0.035 0.139 0.055 0.012 0.028 0.042 0.215 0.021 0.023 0.033 0.047 0.012 0.018 0.023 0.117 0.053 0.005 0.014 0.031
155 D 0.061 0.029 0.042 0.153 0.015 0.024 0.051 0.038 0.013 0.079 0.073 0.038 0.02 0.024 0.022 0.058 0.113 0.005 0.016 0.124
156 L 0.046 0.049 0.099 0.038 0.012 0.029 0.04 0.037 0.018 0.069 0.211 0.098 0.031 0.035 0.019 0.042 0.038 0.006 0.019 0.062
157 K 0.069 0.069 0.04 0.04 0.011 0.04 0.057 0.047 0.018 0.027 0.041 0.168 0.014 0.016 0.146 0.095 0.049 0.004 0.016 0.034
158 L 0.058 0.067 0.022 0.022 0.016 0.022 0.029 0.029 0.012 0.104 0.235 0.04 0.036 0.04 0.017 0.054 0.043 0.006 0.02 0.126
159 N 0.062 0.038 0.183 0.061 0.011 0.03 0.046 0.057 0.023 0.025 0.035 0.05 0.012 0.017 0.143 0.103 0.053 0.004 0.015 0.031
160 G 0.066 0.028 0.105 0.041 0.012 0.022 0.031 0.281 0.016 0.055 0.054 0.036 0.015 0.021 0.018 0.051 0.039 0.005 0.014 0.089
161 P 0.057 0.13 0.036 0.035 0.011 0.037 0.049 0.038 0.017 0.032 0.047 0.123 0.015 0.017 0.144 0.058 0.092 0.005 0.016 0.041
162 L 0.042 0.021 0.015 0.016 0.015 0.014 0.019 0.022 0.011 0.143 0.262 0.023 0.04 0.137 0.013 0.024 0.033 0.009 0.038 0.104
163 L 0.109 0.024 0.017 0.019 0.017 0.018 0.024 0.035 0.011 0.138 0.248 0.029 0.038 0.043 0.018 0.039 0.039 0.006 0.02 0.108
164 F 0.053 0.025 0.025 0.024 0.013 0.017 0.027 0.035 0.016 0.061 0.129 0.028 0.026 0.259 0.016 0.076 0.04 0.013 0.062 0.056
165 L 0.108 0.026 0.017 0.019 0.017 0.018 0.025 0.035 0.011 0.096 0.303 0.03 0.041 0.046 0.018 0.039 0.037 0.007 0.021 0.088
166 L 0.042 0.021 0.015 0.016 0.015 0.014 0.019 0.022 0.011 0.143 0.262 0.023 0.04 0.137 0.013 0.024 0.033 0.009 0.038 0.104
167 L 0.057 0.022 0.015 0.017 0.017 0.016 0.021 0.023 0.009 0.159 0.229 0.025 0.038 0.043 0.015 0.028 0.042 0.006 0.021 0.197
168 L 0.052 0.023 0.021 0.022 0.016 0.017 0.023 0.026 0.01 0.182 0.195 0.029 0.035 0.041 0.018 0.041 0.092 0.006 0.02 0.128
169 L 0.087 0.026 0.018 0.019 0.018 0.02 0.025 0.031 0.011 0.119 0.2 0.03 0.069 0.041 0.017 0.038 0.043 0.006 0.021 0.16
170 L 0.106 0.023 0.018 0.02 0.016 0.016 0.024 0.036 0.012 0.125 0.18 0.028 0.032 0.129 0.017 0.039 0.037 0.009 0.037 0.098
171 F 0.119 0.027 0.028 0.028 0.015 0.02 0.032 0.048 0.017 0.049 0.081 0.034 0.021 0.208 0.02 0.091 0.045 0.011 0.052 0.054
172 L 0.045 0.021 0.014 0.016 0.016 0.015 0.019 0.021 0.009 0.198 0.275 0.024 0.043 0.049 0.014 0.024 0.036 0.006 0.021 0.134
173 L 0.05 0.022 0.018 0.02 0.073 0.017 0.024 0.026 0.015 0.116 0.163 0.029 0.028 0.046 0.136 0.032 0.035 0.008 0.056 0.088
174 L 0.054 0.036 0.023 0.024 0.133 0.07 0.041 0.03 0.016 0.071 0.172 0.043 0.065 0.034 0.017 0.039 0.037 0.006 0.02 0.069
175 L 0.05 0.02 0.015 0.016 0.135 0.014 0.018 0.024 0.009 0.138 0.25 0.023 0.038 0.043 0.015 0.028 0.035 0.006 0.019 0.105
176 F 0.115 0.044 0.025 0.026 0.015 0.026 0.038 0.042 0.015 0.074 0.085 0.094 0.022 0.117 0.021 0.048 0.04 0.008 0.036 0.108
177 E 0.05 0.129 0.044 0.103 0.008 0.096 0.165 0.037 0.025 0.023 0.04 0.085 0.015 0.016 0.023 0.052 0.037 0.005 0.017 0.031
178 Q 0.073 0.055 0.046 0.044 0.013 0.128 0.073 0.047 0.023 0.033 0.05 0.069 0.019 0.018 0.026 0.108 0.105 0.006 0.019 0.045
179 L 0.104 0.025 0.019 0.02 0.014 0.018 0.027 0.037 0.022 0.065 0.156 0.03 0.027 0.15 0.017 0.041 0.034 0.014 0.114 0.066
180 G 0.076 0.029 0.05 0.13 0.011 0.025 0.048 0.286 0.016 0.022 0.031 0.041 0.011 0.017 0.022 0.096 0.044 0.005 0.012 0.028
181 L 0.053 0.111 0.029 0.026 0.014 0.03 0.034 0.031 0.016 0.072 0.172 0.056 0.064 0.035 0.019 0.049 0.091 0.007 0.02 0.072
182 L 0.043 0.025 0.016 0.016 0.014 0.017 0.022 0.022 0.019 0.096 0.305 0.026 0.041 0.073 0.014 0.026 0.032 0.012 0.098 0.083
183 L 0.064 0.047 0.031 0.03 0.014 0.029 0.04 0.037 0.014 0.113 0.158 0.098 0.029 0.033 0.021 0.083 0.048 0.006 0.019 0.086
184 L 0.054 0.042 0.021 0.023 0.015 0.025 0.033 0.027 0.012 0.146 0.18 0.091 0.033 0.037 0.018 0.033 0.04 0.006 0.02 0.145
185 A 0.243 0.032 0.03 0.031 0.02 0.026 0.04 0.069 0.014 0.045 0.06 0.044 0.018 0.022 0.029 0.086 0.101 0.005 0.017 0.068
186 L 0.046 0.045 0.023 0.023 0.013 0.027 0.034 0.029 0.016 0.076 0.183 0.092 0.066 0.128 0.017 0.034 0.034 0.009 0.038 0.068
187 S 0.095 0.048 0.051 0.048 0.015 0.081 0.064 0.059 0.021 0.028 0.043 0.062 0.017 0.019 0.028 0.187 0.071 0.005 0.018 0.04
188 E 0.052 0.068 0.113 0.065 0.008 0.094 0.132 0.045 0.026 0.024 0.039 0.127 0.015 0.016 0.024 0.058 0.041 0.005 0.017 0.031
189 G 0.077 0.023 0.039 0.033 0.011 0.019 0.025 0.517 0.013 0.019 0.028 0.033 0.009 0.016 0.019 0.051 0.029 0.005 0.011 0.024
190 Y 0.04 0.028 0.021 0.018 0.009 0.021 0.028 0.025 0.046 0.043 0.067 0.031 0.018 0.129 0.015 0.031 0.028 0.028 0.328 0.046
191 L 0.049 0.042 0.028 0.041 0.012 0.08 0.112 0.029 0.019 0.069 0.213 0.054 0.033 0.035 0.019 0.039 0.036 0.006 0.02 0.064
192 A 0.253 0.033 0.032 0.034 0.02 0.027 0.043 0.074 0.016 0.039 0.054 0.046 0.017 0.021 0.029 0.121 0.057 0.005 0.017 0.061
193 R 0.047 0.2 0.034 0.031 0.01 0.084 0.055 0.031 0.021 0.088 0.076 0.087 0.022 0.023 0.019 0.042 0.037 0.006 0.019 0.067
194 Y 0.04 0.028 0.021 0.018 0.009 0.021 0.028 0.025 0.046 0.043 0.067 0.031 0.018 0.129 0.015 0.031 0.028 0.028 0.328 0.046
195 S 0.11 0.04 0.054 0.049 0.018 0.033 0.052 0.066 0.019 0.03 0.042 0.054 0.016 0.021 0.03 0.219 0.082 0.005 0.018 0.042
196 G 0.068 0.026 0.033 0.03 0.014 0.02 0.027 0.275 0.013 0.051 0.126 0.034 0.022 0.027 0.02 0.054 0.087 0.006 0.015 0.053
197 G 0.067 0.034 0.053 0.131 0.011 0.03 0.055 0.167 0.104 0.023 0.034 0.044 0.012 0.02 0.022 0.094 0.043 0.005 0.024 0.028
198 Q 0.055 0.072 0.043 0.046 0.009 0.226 0.101 0.041 0.029 0.026 0.046 0.09 0.02 0.014 0.023 0.055 0.041 0.006 0.02 0.035
199 A 0.195 0.034 0.037 0.036 0.019 0.028 0.043 0.066 0.015 0.042 0.056 0.046 0.017 0.022 0.029 0.123 0.109 0.005 0.017 0.062
200 G 0.087 0.038 0.046 0.055 0.013 0.037 0.109 0.171 0.019 0.025 0.037 0.054 0.013 0.018 0.026 0.142 0.057 0.005 0.015 0.034
201 A 0.191 0.037 0.036 0.049 0.017 0.037 0.11 0.064 0.018 0.034 0.049 0.054 0.016 0.02 0.028 0.113 0.054 0.005 0.017 0.052
202 Y 0.04 0.028 0.021 0.018 0.009 0.021 0.028 0.025 0.046 0.043 0.067 0.031 0.018 0.129 0.015 0.031 0.028 0.028 0.328 0.046
203 D 0.065 0.062 0.051 0.135 0.01 0.085 0.078 0.049 0.022 0.026 0.039 0.119 0.015 0.016 0.025 0.098 0.049 0.005 0.016 0.033
204 A 0.301 0.031 0.025 0.029 0.021 0.025 0.04 0.077 0.015 0.043 0.059 0.044 0.017 0.021 0.029 0.084 0.049 0.005 0.017 0.068
205 G 0.077 0.023 0.039 0.033 0.011 0.019 0.025 0.517 0.013 0.019 0.028 0.033 0.009 0.016 0.019 0.051 0.029 0.005 0.011 0.024
206 S 0.139 0.035 0.05 0.133 0.016 0.03 0.058 0.063 0.018 0.031 0.042 0.049 0.014 0.019 0.027 0.15 0.061 0.005 0.016 0.044
207 A 0.188 0.03 0.033 0.032 0.018 0.024 0.036 0.179 0.014 0.039 0.052 0.041 0.016 0.02 0.026 0.077 0.096 0.005 0.016 0.057
208 F 0.046 0.022 0.023 0.022 0.014 0.015 0.023 0.028 0.014 0.115 0.114 0.026 0.026 0.215 0.016 0.042 0.087 0.011 0.053 0.088
209 L 0.047 0.044 0.021 0.021 0.014 0.025 0.032 0.026 0.013 0.092 0.299 0.091 0.04 0.044 0.017 0.031 0.034 0.007 0.021 0.079
210 E 0.069 0.038 0.039 0.048 0.013 0.036 0.106 0.042 0.026 0.037 0.052 0.051 0.017 0.047 0.024 0.102 0.101 0.011 0.095 0.047
211 T 0.123 0.029 0.031 0.03 0.018 0.023 0.034 0.046 0.013 0.107 0.088 0.039 0.023 0.028 0.025 0.073 0.151 0.006 0.018 0.095
212 L 0.042 0.021 0.015 0.016 0.015 0.014 0.019 0.022 0.011 0.143 0.262 0.023 0.04 0.137 0.013 0.024 0.033 0.009 0.038 0.104
213 F 0.038 0.022 0.017 0.017 0.012 0.015 0.021 0.024 0.022 0.07 0.169 0.023 0.029 0.244 0.013 0.026 0.028 0.017 0.131 0.062
214 F 0.035 0.021 0.018 0.017 0.01 0.013 0.021 0.025 0.024 0.058 0.101 0.022 0.023 0.329 0.012 0.026 0.026 0.019 0.148 0.052
215 V 0.069 0.022 0.016 0.018 0.019 0.016 0.023 0.024 0.008 0.162 0.128 0.026 0.031 0.035 0.016 0.032 0.049 0.005 0.02 0.28
216 F 0.055 0.025 0.025 0.024 0.014 0.017 0.027 0.034 0.016 0.067 0.163 0.029 0.029 0.217 0.016 0.076 0.041 0.011 0.054 0.061
217 L 0.058 0.024 0.022 0.022 0.017 0.018 0.025 0.027 0.01 0.153 0.186 0.03 0.034 0.039 0.018 0.043 0.095 0.006 0.02 0.155
218 G 0.085 0.027 0.042 0.037 0.012 0.022 0.032 0.404 0.015 0.021 0.031 0.038 0.011 0.017 0.021 0.096 0.042 0.005 0.012 0.028
219 L 0.045 0.021 0.014 0.016 0.016 0.015 0.019 0.021 0.009 0.198 0.275 0.024 0.043 0.049 0.014 0.024 0.036 0.006 0.021 0.134
220 A 0.177 0.025 0.02 0.022 0.137 0.02 0.029 0.052 0.012 0.061 0.141 0.033 0.025 0.029 0.022 0.058 0.042 0.005 0.017 0.072
221 F 0.035 0.021 0.018 0.017 0.01 0.013 0.021 0.025 0.024 0.058 0.101 0.022 0.023 0.329 0.012 0.026 0.026 0.019 0.148 0.052
222 A 0.137 0.032 0.034 0.033 0.019 0.025 0.038 0.052 0.014 0.072 0.073 0.042 0.021 0.025 0.025 0.11 0.109 0.005 0.018 0.115
223 T 0.077 0.054 0.045 0.041 0.015 0.035 0.05 0.048 0.017 0.04 0.053 0.108 0.017 0.021 0.028 0.117 0.159 0.005 0.017 0.053
224 P 0.054 0.044 0.037 0.123 0.129 0.029 0.053 0.039 0.015 0.03 0.042 0.098 0.013 0.016 0.142 0.047 0.036 0.004 0.013 0.036
225 S 0.079 0.135 0.046 0.042 0.013 0.041 0.056 0.051 0.02 0.027 0.043 0.128 0.015 0.018 0.026 0.14 0.059 0.005 0.017 0.036
226 K 0.069 0.089 0.044 0.043 0.011 0.048 0.065 0.048 0.02 0.028 0.042 0.23 0.015 0.017 0.028 0.097 0.05 0.005 0.017 0.035
227 W 0.086 0.047 0.03 0.029 0.013 0.029 0.041 0.041 0.015 0.053 0.063 0.098 0.018 0.032 0.021 0.056 0.092 0.129 0.03 0.076
228 L 0.049 0.024 0.016 0.016 0.015 0.017 0.023 0.023 0.018 0.108 0.241 0.027 0.037 0.068 0.015 0.028 0.036 0.012 0.098 0.129
229 R 0.047 0.2 0.034 0.031 0.01 0.084 0.055 0.031 0.021 0.088 0.076 0.087 0.022 0.023 0.019 0.042 0.037 0.006 0.019 0.067
230 K 0.051 0.146 0.034 0.032 0.01 0.042 0.052 0.034 0.018 0.09 0.074 0.18 0.021 0.023 0.022 0.043 0.038 0.005 0.018 0.067
231 L 0.048 0.023 0.018 0.019 0.016 0.016 0.021 0.023 0.01 0.169 0.262 0.027 0.04 0.046 0.016 0.033 0.063 0.006 0.021 0.121
232 A 0.13 0.034 0.105 0.044 0.017 0.027 0.041 0.058 0.018 0.064 0.065 0.044 0.019 0.024 0.024 0.104 0.057 0.005 0.018 0.104
233 L 0.047 0.019 0.015 0.016 0.133 0.013 0.018 0.025 0.011 0.125 0.182 0.022 0.032 0.128 0.014 0.028 0.033 0.008 0.035 0.095
234 G 0.053 0.026 0.024 0.022 0.013 0.021 0.025 0.149 0.015 0.07 0.132 0.031 0.095 0.127 0.015 0.037 0.033 0.009 0.036 0.065
235 L 0.043 0.023 0.016 0.016 0.014 0.017 0.021 0.022 0.019 0.138 0.251 0.026 0.038 0.07 0.014 0.026 0.033 0.012 0.098 0.102
236 L 0.043 0.025 0.016 0.016 0.014 0.017 0.022 0.022 0.019 0.096 0.305 0.026 0.041 0.073 0.014 0.026 0.032 0.012 0.098 0.083
237 L 0.051 0.022 0.016 0.017 0.135 0.017 0.02 0.025 0.011 0.135 0.202 0.026 0.069 0.041 0.015 0.031 0.037 0.006 0.02 0.104
238 L 0.057 0.026 0.022 0.021 0.017 0.019 0.025 0.027 0.01 0.111 0.24 0.03 0.037 0.042 0.018 0.043 0.093 0.006 0.02 0.135
239 L 0.06 0.032 0.034 0.03 0.014 0.025 0.035 0.036 0.101 0.112 0.157 0.037 0.029 0.037 0.019 0.08 0.045 0.006 0.029 0.083
240 G 0.189 0.027 0.032 0.031 0.016 0.022 0.033 0.297 0.014 0.031 0.043 0.039 0.013 0.019 0.024 0.067 0.039 0.005 0.014 0.046
241 L 0.057 0.026 0.022 0.021 0.017 0.019 0.025 0.027 0.01 0.111 0.24 0.03 0.037 0.042 0.018 0.043 0.093 0.006 0.02 0.135
242 L 0.109 0.024 0.017 0.019 0.017 0.018 0.024 0.035 0.011 0.138 0.248 0.029 0.038 0.043 0.018 0.039 0.039 0.006 0.02 0.108
243 G 0.068 0.031 0.108 0.045 0.013 0.024 0.036 0.167 0.018 0.088 0.066 0.041 0.018 0.024 0.021 0.094 0.049 0.005 0.016 0.066
244 L 0.109 0.022 0.017 0.02 0.017 0.017 0.024 0.035 0.01 0.18 0.194 0.029 0.035 0.041 0.018 0.039 0.04 0.006 0.02 0.128
245 L 0.111 0.026 0.018 0.02 0.017 0.02 0.026 0.037 0.012 0.134 0.201 0.032 0.069 0.042 0.018 0.042 0.04 0.007 0.021 0.107
246 G 0.133 0.028 0.033 0.032 0.016 0.022 0.034 0.17 0.014 0.093 0.073 0.038 0.02 0.025 0.023 0.098 0.05 0.005 0.016 0.077
247 G 0.077 0.023 0.039 0.033 0.011 0.019 0.025 0.517 0.013 0.019 0.028 0.033 0.009 0.016 0.019 0.051 0.029 0.005 0.011 0.024
248 A 0.239 0.041 0.03 0.034 0.018 0.075 0.055 0.068 0.018 0.038 0.055 0.055 0.018 0.02 0.028 0.077 0.047 0.005 0.018 0.06
249 R 0.044 0.355 0.038 0.031 0.008 0.048 0.052 0.032 0.023 0.023 0.046 0.118 0.015 0.017 0.019 0.044 0.034 0.006 0.017 0.031
250 G 0.077 0.023 0.039 0.033 0.011 0.019 0.025 0.517 0.013 0.019 0.028 0.033 0.009 0.016 0.019 0.051 0.029 0.005 0.011 0.024
251 G 0.122 0.038 0.033 0.035 0.013 0.073 0.051 0.168 0.017 0.028 0.042 0.052 0.014 0.016 0.143 0.058 0.039 0.005 0.015 0.039
252 F 0.033 0.019 0.017 0.017 0.01 0.01 0.019 0.025 0.017 0.062 0.113 0.019 0.025 0.396 0.01 0.025 0.025 0.017 0.087 0.054
253 V 0.057 0.021 0.015 0.017 0.017 0.015 0.021 0.022 0.009 0.18 0.202 0.025 0.037 0.042 0.015 0.028 0.042 0.006 0.021 0.207
254 S 0.089 0.034 0.041 0.038 0.018 0.027 0.041 0.049 0.015 0.068 0.069 0.044 0.02 0.025 0.025 0.147 0.117 0.005 0.018 0.108
255 V 0.075 0.032 0.033 0.031 0.017 0.026 0.035 0.04 0.014 0.086 0.107 0.04 0.06 0.032 0.022 0.098 0.107 0.006 0.02 0.12
256 L 0.046 0.024 0.016 0.017 0.016 0.018 0.021 0.022 0.011 0.152 0.282 0.027 0.077 0.05 0.015 0.027 0.036 0.007 0.022 0.114
257 L 0.108 0.026 0.017 0.019 0.017 0.018 0.025 0.035 0.011 0.096 0.303 0.03 0.041 0.046 0.018 0.039 0.037 0.007 0.021 0.088
258 L 0.043 0.025 0.016 0.017 0.015 0.018 0.022 0.024 0.013 0.097 0.269 0.026 0.074 0.138 0.014 0.027 0.033 0.01 0.039 0.084
259 L 0.053 0.022 0.02 0.02 0.015 0.016 0.021 0.145 0.01 0.132 0.241 0.027 0.036 0.042 0.015 0.031 0.034 0.006 0.019 0.097
260 L 0.051 0.02 0.015 0.017 0.017 0.015 0.019 0.021 0.009 0.21 0.211 0.024 0.038 0.044 0.015 0.026 0.04 0.006 0.021 0.181
261 W 0.03 0.022 0.015 0.015 0.007 0.015 0.022 0.03 0.015 0.03 0.052 0.022 0.015 0.06 0.007 0.022 0.022 0.5 0.067 0.03
262 L 0.041 0.023 0.015 0.015 0.015 0.015 0.02 0.022 0.012 0.101 0.317 0.023 0.043 0.139 0.013 0.024 0.031 0.009 0.038 0.085
263 Y 0.042 0.025 0.02 0.018 0.011 0.019 0.025 0.023 0.037 0.103 0.092 0.029 0.023 0.108 0.015 0.029 0.03 0.022 0.251 0.078
264 G 0.077 0.023 0.039 0.033 0.011 0.019 0.025 0.517 0.013 0.019 0.028 0.033 0.009 0.016 0.019 0.051 0.029 0.005 0.011 0.024
265 L 0.044 0.189 0.026 0.023 0.012 0.032 0.036 0.027 0.016 0.068 0.215 0.072 0.032 0.036 0.017 0.034 0.034 0.006 0.02 0.063
266 N 0.05 0.12 0.184 0.058 0.011 0.035 0.047 0.051 0.025 0.03 0.043 0.067 0.014 0.019 0.022 0.068 0.097 0.005 0.016 0.038
267 R 0.049 0.261 0.039 0.034 0.008 0.05 0.058 0.036 0.022 0.025 0.045 0.182 0.015 0.016 0.022 0.047 0.036 0.005 0.017 0.031
268 K 0.065 0.07 0.051 0.134 0.01 0.042 0.07 0.049 0.02 0.026 0.038 0.169 0.014 0.016 0.026 0.097 0.048 0.005 0.016 0.032
269 I 0.052 0.018 0.015 0.017 0.017 0.014 0.019 0.021 0.009 0.252 0.156 0.024 0.035 0.041 0.015 0.027 0.042 0.006 0.02 0.2
270 G 0.068 0.115 0.114 0.048 0.011 0.033 0.044 0.17 0.022 0.023 0.037 0.065 0.013 0.018 0.022 0.099 0.048 0.005 0.015 0.031
271 L 0.042 0.021 0.015 0.016 0.015 0.014 0.019 0.022 0.011 0.143 0.262 0.023 0.04 0.137 0.013 0.024 0.033 0.009 0.038 0.104
272 K 0.05 0.085 0.034 0.034 0.008 0.043 0.058 0.039 0.019 0.028 0.045 0.222 0.015 0.026 0.022 0.045 0.035 0.129 0.03 0.032
273 K 0.06 0.088 0.041 0.04 0.011 0.046 0.062 0.043 0.019 0.034 0.048 0.228 0.016 0.017 0.027 0.062 0.094 0.005 0.017 0.042
274 L 0.05 0.023 0.015 0.016 0.017 0.016 0.021 0.022 0.009 0.126 0.321 0.025 0.044 0.049 0.015 0.026 0.037 0.007 0.022 0.141
275 L 0.126 0.031 0.028 0.028 0.018 0.025 0.035 0.048 0.015 0.071 0.17 0.039 0.064 0.036 0.022 0.094 0.051 0.006 0.02 0.074
276 L 0.042 0.021 0.015 0.016 0.015 0.014 0.019 0.022 0.011 0.143 0.262 0.023 0.04 0.137 0.013 0.024 0.033 0.009 0.038 0.104
277 F 0.04 0.018 0.016 0.017 0.013 0.012 0.018 0.023 0.013 0.172 0.139 0.021 0.031 0.22 0.012 0.025 0.032 0.011 0.054 0.114
278 F 0.1 0.022 0.019 0.02 0.013 0.014 0.024 0.038 0.016 0.057 0.099 0.025 0.023 0.302 0.015 0.04 0.031 0.014 0.07 0.058
279 L 0.052 0.025 0.021 0.021 0.016 0.018 0.024 0.026 0.011 0.14 0.25 0.029 0.038 0.044 0.017 0.041 0.091 0.006 0.02 0.108
280 A 0.169 0.03 0.033 0.033 0.137 0.025 0.038 0.061 0.015 0.038 0.053 0.041 0.016 0.021 0.026 0.128 0.058 0.005 0.016 0.055
281 L 0.066 0.027 0.024 0.024 0.017 0.02 0.029 0.033 0.012 0.105 0.235 0.032 0.036 0.041 0.018 0.078 0.049 0.006 0.02 0.128
282 G 0.141 0.029 0.039 0.036 0.015 0.024 0.035 0.294 0.015 0.027 0.039 0.041 0.013 0.018 0.024 0.104 0.047 0.005 0.014 0.039
283 G 0.067 0.023 0.027 0.025 0.014 0.017 0.023 0.27 0.011 0.078 0.142 0.029 0.025 0.03 0.017 0.039 0.035 0.006 0.016 0.106
284 L 0.058 0.02 0.021 0.02 0.133 0.015 0.02 0.148 0.01 0.115 0.161 0.025 0.028 0.033 0.016 0.035 0.034 0.006 0.016 0.087
285 L 0.108 0.026 0.017 0.019 0.017 0.018 0.025 0.035 0.011 0.096 0.303 0.03 0.041 0.046 0.018 0.039 0.037 0.007 0.021 0.088
286 L 0.114 0.03 0.096 0.036 0.016 0.023 0.033 0.047 0.016 0.085 0.151 0.037 0.027 0.032 0.02 0.052 0.045 0.006 0.019 0.117
287 L 0.042 0.021 0.015 0.016 0.015 0.014 0.019 0.022 0.011 0.143 0.262 0.023 0.04 0.137 0.013 0.024 0.033 0.009 0.038 0.104
288 L 0.109 0.022 0.017 0.02 0.017 0.017 0.024 0.035 0.01 0.18 0.194 0.029 0.035 0.041 0.018 0.039 0.04 0.006 0.02 0.128
289 L 0.05 0.03 0.018 0.019 0.016 0.025 0.026 0.026 0.014 0.103 0.242 0.033 0.142 0.049 0.015 0.033 0.038 0.008 0.023 0.092
290 Q 0.065 0.057 0.117 0.056 0.011 0.13 0.076 0.053 0.027 0.026 0.041 0.072 0.017 0.017 0.024 0.103 0.053 0.005 0.018 0.034
291 F 0.033 0.019 0.017 0.017 0.01 0.01 0.019 0.025 0.017 0.062 0.113 0.019 0.025 0.396 0.01 0.025 0.025 0.017 0.087 0.054
292 S 0.099 0.038 0.051 0.045 0.017 0.031 0.048 0.06 0.018 0.035 0.047 0.051 0.016 0.021 0.029 0.196 0.125 0.005 0.017 0.048
293 A 0.243 0.028 0.023 0.026 0.021 0.023 0.036 0.064 0.013 0.072 0.076 0.039 0.021 0.025 0.026 0.071 0.049 0.005 0.018 0.121
294 R 0.044 0.355 0.038 0.031 0.008 0.048 0.052 0.032 0.023 0.023 0.046 0.118 0.015 0.017 0.019 0.044 0.034 0.006 0.017 0.031
295 G 0.133 0.025 0.035 0.032 0.013 0.02 0.029 0.407 0.014 0.025 0.036 0.036 0.011 0.017 0.021 0.059 0.034 0.005 0.012 0.035
296 G 0.058 0.033 0.119 0.14 0.011 0.027 0.051 0.168 0.019 0.029 0.038 0.044 0.012 0.018 0.022 0.065 0.093 0.005 0.014 0.036
297 G 0.057 0.057 0.036 0.035 0.009 0.08 0.056 0.156 0.027 0.029 0.046 0.111 0.016 0.044 0.021 0.047 0.034 0.011 0.094 0.034
298 Y 0.042 0.029 0.028 0.023 0.01 0.023 0.031 0.027 0.116 0.098 0.085 0.032 0.022 0.083 0.016 0.032 0.03 0.017 0.183 0.072
299 E 0.081 0.044 0.047 0.069 0.012 0.048 0.179 0.05 0.022 0.026 0.039 0.064 0.014 0.018 0.027 0.143 0.059 0.005 0.017 0.036
300 N 0.106 0.037 0.187 0.15 0.012 0.03 0.057 0.063 0.024 0.027 0.037 0.049 0.012 0.018 0.023 0.068 0.045 0.004 0.015 0.036
301 L 0.123 0.025 0.019 0.021 0.016 0.017 0.027 0.042 0.014 0.074 0.183 0.03 0.031 0.155 0.018 0.045 0.036 0.01 0.043 0.073
302 G 0.087 0.038 0.046 0.055 0.013 0.037 0.109 0.171 0.019 0.025 0.037 0.054 0.013 0.018 0.026 0.142 0.057 0.005 0.015 0.034
303 L 0.112 0.024 0.019 0.023 0.016 0.019 0.028 0.039 0.011 0.116 0.161 0.033 0.028 0.033 0.14 0.044 0.039 0.005 0.018 0.092
304 L 0.051 0.02 0.015 0.017 0.017 0.015 0.019 0.021 0.009 0.21 0.211 0.024 0.038 0.044 0.015 0.026 0.04 0.006 0.021 0.181
305 D 0.044 0.044 0.127 0.235 0.008 0.08 0.083 0.049 0.024 0.023 0.033 0.058 0.012 0.015 0.022 0.057 0.04 0.004 0.014 0.027
306 G 0.081 0.026 0.031 0.029 0.016 0.021 0.031 0.158 0.012 0.093 0.081 0.034 0.022 0.027 0.02 0.087 0.052 0.005 0.017 0.156
307 L 0.052 0.023 0.017 0.02 0.015 0.018 0.025 0.026 0.011 0.138 0.187 0.03 0.049 0.038 0.136 0.031 0.038 0.006 0.019 0.121
308 L 0.115 0.028 0.024 0.024 0.018 0.021 0.03 0.04 0.012 0.081 0.223 0.035 0.034 0.038 0.021 0.056 0.093 0.006 0.02 0.082
309 G 0.123 0.107 0.03 0.028 0.015 0.027 0.035 0.163 0.015 0.062 0.065 0.055 0.018 0.022 0.021 0.053 0.04 0.005 0.016 0.1
310 F 0.038 0.022 0.017 0.017 0.012 0.015 0.021 0.026 0.016 0.072 0.133 0.023 0.062 0.309 0.012 0.028 0.029 0.014 0.072 0.063
311 L 0.044 0.022 0.014 0.016 0.016 0.015 0.019 0.021 0.01 0.156 0.33 0.025 0.046 0.051 0.014 0.024 0.034 0.007 0.022 0.115
312 Y 0.037 0.026 0.02 0.018 0.009 0.02 0.026 0.026 0.038 0.04 0.064 0.029 0.018 0.112 0.013 0.029 0.026 0.146 0.263 0.042
313 D 0.058 0.036 0.06 0.225 0.01 0.032 0.071 0.049 0.105 0.024 0.034 0.047 0.012 0.02 0.023 0.094 0.044 0.005 0.024 0.028
314 Q 0.055 0.072 0.043 0.046 0.009 0.226 0.101 0.041 0.029 0.026 0.046 0.09 0.02 0.014 0.023 0.055 0.041 0.006 0.02 0.035
315 G 0.077 0.023 0.039 0.033 0.011 0.019 0.025 0.517 0.013 0.019 0.028 0.033 0.009 0.016 0.019 0.051 0.029 0.005 0.011 0.024
316 V 0.059 0.027 0.094 0.034 0.016 0.02 0.029 0.034 0.014 0.142 0.109 0.032 0.027 0.032 0.017 0.041 0.047 0.005 0.019 0.203
317 T 0.09 0.037 0.048 0.043 0.017 0.03 0.045 0.054 0.016 0.041 0.053 0.049 0.017 0.022 0.028 0.161 0.169 0.005 0.017 0.056
318 L 0.044 0.024 0.014 0.015 0.016 0.016 0.02 0.021 0.01 0.114 0.385 0.025 0.049 0.054 0.014 0.024 0.033 0.007 0.022 0.095
319 G 0.141 0.029 0.039 0.036 0.015 0.024 0.035 0.294 0.015 0.027 0.039 0.041 0.013 0.018 0.024 0.104 0.047 0.005 0.014 0.039
