#Seq2Logo.py -f /work3/idamei/ssn-clusterings/2206011120/clusters/0010_214/sequences.afa -m 0.0001 -b 50 -o /work3/idamei/ssn-clusterings/2206011120/clusters/0010_214/sequences.logo
#Position Specific Frequency Matrix
A R N D C Q E G H I L K M F P S T W Y V
0 M 0.047 0.029 0.018 0.018 0.014 0.025 0.025 0.025 0.014 0.09 0.176 0.032 0.251 0.043 0.014 0.032 0.036 0.007 0.022 0.082
1 I 0.042 0.016 0.013 0.016 0.014 0.012 0.016 0.018 0.008 0.349 0.15 0.021 0.033 0.039 0.013 0.022 0.036 0.005 0.018 0.158
2 Y 0.036 0.025 0.019 0.017 0.008 0.019 0.025 0.022 0.042 0.039 0.061 0.028 0.017 0.117 0.014 0.028 0.025 0.025 0.391 0.042
3 I 0.048 0.018 0.014 0.016 0.015 0.013 0.018 0.02 0.008 0.256 0.182 0.022 0.033 0.039 0.014 0.024 0.037 0.005 0.019 0.202
4 Y 0.04 0.023 0.021 0.018 0.009 0.018 0.024 0.099 0.034 0.038 0.062 0.027 0.016 0.15 0.014 0.03 0.025 0.021 0.292 0.04
5 M 0.049 0.029 0.021 0.02 0.015 0.025 0.027 0.027 0.014 0.084 0.159 0.033 0.217 0.04 0.016 0.039 0.078 0.007 0.021 0.08
6 T 0.103 0.03 0.031 0.028 0.016 0.025 0.032 0.039 0.013 0.058 0.091 0.038 0.084 0.027 0.022 0.067 0.204 0.006 0.017 0.069
7 L 0.045 0.019 0.014 0.015 0.089 0.013 0.017 0.021 0.009 0.129 0.25 0.021 0.033 0.098 0.013 0.025 0.032 0.007 0.027 0.123
8 L 0.085 0.021 0.015 0.016 0.014 0.015 0.02 0.027 0.01 0.122 0.296 0.024 0.035 0.101 0.014 0.03 0.032 0.007 0.028 0.087
9 S 0.169 0.03 0.036 0.035 0.091 0.025 0.039 0.058 0.015 0.032 0.045 0.042 0.015 0.019 0.025 0.2 0.059 0.005 0.015 0.046
10 V 0.059 0.026 0.023 0.022 0.016 0.021 0.026 0.028 0.011 0.102 0.117 0.031 0.089 0.032 0.017 0.045 0.123 0.006 0.019 0.19
11 L 0.038 0.02 0.014 0.015 0.013 0.014 0.018 0.021 0.011 0.123 0.265 0.022 0.066 0.162 0.012 0.024 0.029 0.009 0.037 0.085
12 L 0.037 0.02 0.013 0.014 0.013 0.013 0.017 0.02 0.011 0.125 0.303 0.021 0.036 0.163 0.012 0.022 0.029 0.009 0.037 0.086
13 A 0.145 0.023 0.023 0.023 0.016 0.018 0.026 0.114 0.011 0.141 0.087 0.031 0.022 0.026 0.019 0.051 0.08 0.005 0.016 0.124
14 Y 0.095 0.025 0.024 0.022 0.013 0.02 0.026 0.108 0.02 0.089 0.083 0.031 0.051 0.053 0.018 0.045 0.074 0.011 0.123 0.067
15 L 0.043 0.022 0.018 0.017 0.012 0.016 0.021 0.099 0.016 0.073 0.242 0.025 0.062 0.11 0.013 0.028 0.029 0.01 0.08 0.065
16 S 0.12 0.03 0.036 0.033 0.015 0.025 0.038 0.05 0.019 0.076 0.059 0.04 0.017 0.036 0.023 0.191 0.057 0.008 0.07 0.059
17 D 0.048 0.039 0.045 0.222 0.01 0.032 0.105 0.036 0.016 0.043 0.046 0.087 0.014 0.017 0.021 0.05 0.076 0.004 0.014 0.076
18 Y 0.046 0.026 0.023 0.02 0.01 0.02 0.027 0.028 0.03 0.047 0.08 0.03 0.051 0.14 0.015 0.067 0.033 0.018 0.24 0.048
19 V 0.052 0.018 0.014 0.016 0.015 0.013 0.019 0.021 0.009 0.192 0.124 0.022 0.029 0.094 0.014 0.026 0.039 0.006 0.027 0.251
20 K 0.092 0.114 0.038 0.101 0.009 0.042 0.104 0.041 0.018 0.025 0.038 0.189 0.013 0.015 0.023 0.051 0.035 0.005 0.015 0.032
21 K 0.107 0.103 0.034 0.033 0.012 0.033 0.046 0.045 0.016 0.073 0.057 0.139 0.017 0.02 0.023 0.12 0.047 0.005 0.016 0.054
22 L 0.046 0.087 0.028 0.025 0.013 0.024 0.031 0.028 0.076 0.14 0.145 0.044 0.027 0.033 0.017 0.04 0.076 0.006 0.024 0.089
23 R 0.097 0.101 0.086 0.037 0.013 0.031 0.042 0.044 0.018 0.08 0.064 0.099 0.018 0.022 0.022 0.058 0.083 0.005 0.017 0.063
24 L 0.05 0.023 0.023 0.022 0.015 0.017 0.024 0.027 0.011 0.151 0.16 0.028 0.029 0.101 0.017 0.044 0.12 0.007 0.029 0.101
25 D 0.048 0.042 0.048 0.242 0.009 0.035 0.114 0.038 0.017 0.044 0.046 0.091 0.014 0.018 0.021 0.046 0.036 0.004 0.014 0.074
26 G 0.052 0.025 0.034 0.103 0.01 0.024 0.085 0.201 0.015 0.076 0.063 0.036 0.016 0.088 0.017 0.041 0.031 0.007 0.025 0.052
27 N 0.097 0.037 0.197 0.063 0.01 0.033 0.09 0.138 0.023 0.024 0.034 0.049 0.011 0.017 0.021 0.062 0.041 0.005 0.014 0.032
28 L 0.043 0.023 0.023 0.087 0.013 0.018 0.032 0.026 0.011 0.115 0.244 0.029 0.032 0.037 0.1 0.03 0.033 0.005 0.017 0.081
29 G 0.106 0.039 0.036 0.051 0.01 0.074 0.144 0.21 0.019 0.024 0.037 0.055 0.013 0.016 0.022 0.055 0.035 0.005 0.014 0.034
30 N 0.089 0.031 0.134 0.039 0.012 0.024 0.034 0.044 0.028 0.045 0.11 0.037 0.02 0.058 0.018 0.048 0.037 0.012 0.132 0.049
31 L 0.103 0.103 0.087 0.039 0.013 0.033 0.044 0.048 0.019 0.041 0.104 0.101 0.019 0.023 0.022 0.088 0.045 0.005 0.017 0.046
32 L 0.055 0.028 0.027 0.025 0.014 0.021 0.029 0.033 0.019 0.063 0.145 0.033 0.056 0.115 0.018 0.078 0.082 0.011 0.087 0.063
33 P 0.176 0.028 0.024 0.03 0.016 0.023 0.038 0.057 0.014 0.034 0.047 0.043 0.014 0.017 0.263 0.064 0.043 0.004 0.015 0.05
34 R 0.17 0.19 0.032 0.03 0.015 0.037 0.046 0.055 0.019 0.033 0.053 0.082 0.016 0.019 0.024 0.064 0.042 0.006 0.017 0.05
35 S 0.111 0.041 0.055 0.05 0.018 0.034 0.053 0.067 0.019 0.03 0.042 0.055 0.016 0.021 0.03 0.209 0.083 0.005 0.018 0.042
36 S 0.082 0.056 0.049 0.048 0.013 0.126 0.077 0.053 0.024 0.028 0.044 0.072 0.018 0.018 0.026 0.14 0.061 0.006 0.019 0.038
37 I 0.047 0.018 0.015 0.018 0.016 0.013 0.018 0.02 0.009 0.276 0.167 0.023 0.037 0.044 0.015 0.025 0.04 0.006 0.02 0.176
38 F 0.04 0.018 0.016 0.017 0.013 0.012 0.018 0.023 0.013 0.169 0.14 0.021 0.031 0.217 0.013 0.025 0.032 0.011 0.054 0.115
39 T 0.067 0.033 0.035 0.031 0.015 0.027 0.036 0.04 0.021 0.054 0.084 0.041 0.053 0.047 0.022 0.099 0.14 0.01 0.084 0.062
40 R 0.146 0.148 0.031 0.029 0.013 0.032 0.042 0.045 0.016 0.045 0.054 0.103 0.016 0.019 0.022 0.087 0.043 0.005 0.016 0.085
41 K 0.056 0.079 0.089 0.043 0.009 0.043 0.058 0.044 0.02 0.024 0.037 0.268 0.013 0.015 0.024 0.086 0.042 0.005 0.015 0.03
42 V 0.095 0.087 0.021 0.022 0.014 0.024 0.031 0.031 0.012 0.154 0.095 0.084 0.024 0.027 0.018 0.038 0.039 0.005 0.017 0.161
43 I 0.043 0.023 0.018 0.025 0.012 0.021 0.07 0.023 0.016 0.148 0.143 0.029 0.026 0.049 0.014 0.028 0.032 0.085 0.077 0.121
44 K 0.107 0.059 0.036 0.035 0.012 0.035 0.049 0.047 0.021 0.029 0.044 0.176 0.015 0.031 0.024 0.122 0.046 0.008 0.069 0.038
45 K 0.043 0.05 0.085 0.103 0.008 0.035 0.095 0.036 0.022 0.036 0.095 0.131 0.017 0.034 0.02 0.043 0.033 0.008 0.069 0.037
46 F 0.097 0.022 0.023 0.023 0.013 0.016 0.025 0.111 0.013 0.092 0.13 0.028 0.023 0.149 0.016 0.074 0.036 0.008 0.034 0.066
47 L 0.042 0.021 0.013 0.014 0.014 0.014 0.018 0.02 0.01 0.103 0.347 0.022 0.039 0.104 0.013 0.023 0.031 0.007 0.028 0.118
48 Y 0.036 0.023 0.018 0.016 0.009 0.017 0.023 0.022 0.033 0.051 0.121 0.026 0.021 0.155 0.013 0.026 0.025 0.021 0.293 0.049
49 L 0.05 0.02 0.02 0.02 0.088 0.014 0.02 0.101 0.01 0.137 0.141 0.024 0.025 0.091 0.015 0.036 0.073 0.007 0.025 0.084
50 L 0.046 0.021 0.017 0.017 0.088 0.016 0.019 0.1 0.01 0.073 0.252 0.024 0.061 0.039 0.013 0.029 0.03 0.057 0.021 0.066
51 A 0.209 0.03 0.035 0.034 0.016 0.025 0.039 0.136 0.015 0.03 0.042 0.042 0.014 0.018 0.025 0.169 0.054 0.005 0.015 0.045
52 F 0.031 0.018 0.016 0.015 0.009 0.011 0.018 0.023 0.019 0.054 0.096 0.019 0.022 0.405 0.01 0.023 0.023 0.017 0.124 0.048
53 L 0.038 0.019 0.013 0.015 0.013 0.012 0.017 0.02 0.01 0.16 0.262 0.021 0.035 0.162 0.012 0.022 0.029 0.009 0.036 0.096
54 V 0.053 0.019 0.016 0.019 0.014 0.015 0.023 0.024 0.009 0.169 0.102 0.027 0.024 0.028 0.167 0.03 0.038 0.004 0.016 0.202
55 I 0.044 0.018 0.013 0.015 0.015 0.013 0.017 0.019 0.008 0.25 0.229 0.022 0.035 0.041 0.013 0.023 0.035 0.006 0.019 0.164
56 F 0.036 0.016 0.015 0.015 0.086 0.01 0.016 0.023 0.013 0.096 0.103 0.018 0.023 0.332 0.011 0.025 0.026 0.012 0.061 0.065
57 I 0.044 0.018 0.014 0.016 0.014 0.014 0.018 0.02 0.013 0.241 0.174 0.023 0.032 0.051 0.013 0.024 0.034 0.008 0.072 0.158
58 P 0.048 0.021 0.019 0.024 0.011 0.017 0.028 0.028 0.01 0.116 0.066 0.032 0.016 0.02 0.395 0.034 0.033 0.003 0.013 0.065
59 G 0.07 0.02 0.035 0.03 0.01 0.017 0.023 0.563 0.012 0.017 0.025 0.03 0.008 0.014 0.017 0.046 0.027 0.005 0.01 0.022
60 A 0.321 0.028 0.022 0.025 0.019 0.023 0.035 0.064 0.013 0.046 0.071 0.039 0.049 0.023 0.025 0.07 0.043 0.005 0.016 0.064
61 I 0.041 0.017 0.013 0.015 0.014 0.013 0.016 0.019 0.008 0.279 0.233 0.022 0.036 0.042 0.013 0.022 0.034 0.006 0.019 0.137
62 R 0.04 0.415 0.035 0.028 0.007 0.043 0.047 0.029 0.021 0.021 0.042 0.107 0.014 0.016 0.017 0.04 0.031 0.005 0.016 0.028
63 Y 0.092 0.027 0.024 0.022 0.011 0.021 0.03 0.034 0.034 0.037 0.057 0.032 0.016 0.089 0.018 0.074 0.035 0.019 0.284 0.044
64 Y 0.035 0.025 0.071 0.024 0.009 0.018 0.025 0.027 0.032 0.041 0.068 0.028 0.017 0.198 0.013 0.031 0.027 0.019 0.248 0.041
65 V 0.063 0.02 0.015 0.016 0.017 0.015 0.021 0.022 0.007 0.147 0.116 0.023 0.028 0.032 0.015 0.029 0.044 0.005 0.018 0.347
66 G 0.07 0.02 0.035 0.03 0.01 0.017 0.023 0.563 0.012 0.017 0.025 0.03 0.008 0.014 0.017 0.046 0.027 0.005 0.01 0.022
67 I 0.045 0.016 0.013 0.016 0.015 0.012 0.017 0.019 0.008 0.32 0.145 0.021 0.032 0.038 0.013 0.023 0.037 0.005 0.018 0.185
68 D 0.037 0.027 0.062 0.462 0.007 0.027 0.082 0.042 0.017 0.02 0.025 0.04 0.008 0.013 0.02 0.047 0.032 0.003 0.01 0.022
69 Y 0.036 0.025 0.019 0.017 0.008 0.019 0.025 0.022 0.042 0.039 0.061 0.028 0.017 0.117 0.014 0.028 0.025 0.025 0.391 0.042
70 T 0.068 0.041 0.04 0.035 0.015 0.029 0.041 0.042 0.014 0.041 0.052 0.087 0.017 0.02 0.025 0.109 0.249 0.005 0.016 0.055
71 T 0.065 0.032 0.039 0.033 0.016 0.025 0.035 0.039 0.012 0.048 0.058 0.041 0.018 0.021 0.025 0.083 0.327 0.005 0.016 0.063
72 Y 0.036 0.025 0.019 0.017 0.008 0.019 0.025 0.022 0.042 0.039 0.061 0.028 0.017 0.117 0.014 0.028 0.025 0.025 0.391 0.042
73 S 0.089 0.035 0.046 0.041 0.016 0.028 0.043 0.053 0.016 0.033 0.043 0.046 0.015 0.019 0.026 0.24 0.146 0.005 0.016 0.045
74 L 0.049 0.04 0.13 0.039 0.011 0.027 0.037 0.039 0.022 0.048 0.154 0.082 0.022 0.04 0.018 0.078 0.04 0.008 0.07 0.047
75 Y 0.039 0.033 0.031 0.086 0.009 0.062 0.045 0.028 0.086 0.041 0.104 0.038 0.019 0.065 0.016 0.034 0.028 0.014 0.182 0.041
76 Q 0.05 0.066 0.039 0.042 0.008 0.299 0.092 0.037 0.026 0.024 0.042 0.081 0.018 0.013 0.021 0.05 0.037 0.005 0.018 0.032
77 I 0.042 0.016 0.013 0.016 0.014 0.012 0.016 0.018 0.008 0.349 0.15 0.021 0.033 0.039 0.013 0.022 0.036 0.005 0.018 0.158
78 P 0.051 0.023 0.021 0.028 0.009 0.018 0.032 0.032 0.012 0.023 0.032 0.037 0.009 0.012 0.548 0.039 0.032 0.002 0.012 0.028
79 A 0.161 0.032 0.026 0.032 0.014 0.029 0.082 0.043 0.073 0.056 0.087 0.041 0.083 0.027 0.02 0.051 0.037 0.006 0.022 0.077
80 V 0.063 0.02 0.015 0.016 0.017 0.015 0.021 0.022 0.007 0.147 0.116 0.023 0.028 0.032 0.015 0.029 0.044 0.005 0.018 0.347
81 L 0.04 0.022 0.013 0.014 0.014 0.014 0.018 0.019 0.009 0.103 0.442 0.023 0.044 0.049 0.013 0.022 0.03 0.006 0.02 0.086
82 S 0.117 0.034 0.09 0.049 0.013 0.031 0.088 0.129 0.018 0.025 0.036 0.047 0.013 0.017 0.023 0.163 0.053 0.005 0.014 0.035
83 G 0.061 0.026 0.087 0.037 0.009 0.021 0.029 0.415 0.073 0.018 0.027 0.034 0.009 0.017 0.017 0.047 0.029 0.005 0.016 0.022
84 D 0.053 0.09 0.089 0.1 0.011 0.066 0.052 0.04 0.018 0.073 0.055 0.055 0.016 0.02 0.02 0.087 0.083 0.005 0.015 0.052
85 T 0.061 0.052 0.042 0.04 0.013 0.139 0.068 0.04 0.021 0.038 0.053 0.065 0.019 0.018 0.024 0.071 0.161 0.006 0.018 0.051
86 P 0.051 0.085 0.079 0.041 0.01 0.03 0.083 0.035 0.016 0.043 0.049 0.051 0.014 0.017 0.17 0.049 0.078 0.004 0.015 0.078
87 V 0.059 0.022 0.068 0.024 0.016 0.017 0.024 0.027 0.01 0.129 0.104 0.027 0.026 0.03 0.015 0.034 0.044 0.005 0.018 0.301
88 K 0.053 0.086 0.037 0.037 0.009 0.044 0.059 0.039 0.018 0.028 0.041 0.31 0.014 0.015 0.025 0.053 0.077 0.005 0.016 0.034
89 V 0.052 0.019 0.014 0.015 0.015 0.014 0.019 0.021 0.009 0.157 0.166 0.022 0.03 0.095 0.013 0.026 0.038 0.007 0.027 0.24
90 E 0.049 0.044 0.036 0.081 0.007 0.058 0.372 0.031 0.023 0.02 0.033 0.067 0.012 0.015 0.023 0.049 0.033 0.005 0.015 0.028
91 L 0.094 0.025 0.022 0.022 0.013 0.018 0.028 0.035 0.017 0.056 0.167 0.031 0.024 0.102 0.093 0.073 0.037 0.009 0.079 0.056
92 L 0.04 0.022 0.013 0.014 0.014 0.014 0.018 0.019 0.009 0.103 0.442 0.023 0.044 0.049 0.013 0.022 0.03 0.006 0.02 0.086
93 Y 0.036 0.025 0.025 0.08 0.008 0.02 0.033 0.025 0.038 0.036 0.056 0.03 0.015 0.102 0.015 0.031 0.026 0.022 0.336 0.039
94 K 0.048 0.187 0.036 0.034 0.007 0.046 0.058 0.036 0.019 0.024 0.039 0.285 0.014 0.014 0.023 0.045 0.034 0.005 0.015 0.029
95 L 0.044 0.027 0.017 0.018 0.012 0.055 0.03 0.025 0.012 0.083 0.179 0.031 0.027 0.04 0.013 0.028 0.032 0.16 0.031 0.136
96 V 0.063 0.02 0.015 0.016 0.017 0.015 0.021 0.022 0.007 0.147 0.116 0.023 0.028 0.032 0.015 0.029 0.044 0.005 0.018 0.347
97 I 0.045 0.016 0.013 0.016 0.015 0.012 0.017 0.019 0.008 0.32 0.145 0.021 0.032 0.038 0.013 0.023 0.037 0.005 0.018 0.185
98 Y 0.039 0.099 0.025 0.023 0.008 0.029 0.037 0.029 0.024 0.033 0.056 0.13 0.016 0.112 0.016 0.033 0.028 0.089 0.138 0.035
99 I 0.089 0.019 0.015 0.017 0.015 0.014 0.02 0.027 0.01 0.199 0.166 0.024 0.03 0.096 0.015 0.031 0.035 0.007 0.027 0.145
100 G 0.07 0.02 0.035 0.03 0.01 0.017 0.023 0.563 0.012 0.017 0.025 0.03 0.008 0.014 0.017 0.046 0.027 0.005 0.01 0.022
101 Y 0.037 0.029 0.125 0.033 0.008 0.022 0.03 0.033 0.038 0.034 0.052 0.034 0.015 0.088 0.015 0.038 0.03 0.019 0.283 0.037
102 W 0.03 0.021 0.014 0.014 0.008 0.015 0.021 0.025 0.017 0.04 0.106 0.022 0.018 0.062 0.009 0.022 0.022 0.395 0.102 0.038
103 L 0.042 0.02 0.014 0.015 0.014 0.015 0.018 0.02 0.009 0.207 0.279 0.023 0.069 0.044 0.013 0.023 0.033 0.006 0.019 0.116
104 G 0.12 0.026 0.037 0.033 0.013 0.021 0.032 0.348 0.014 0.023 0.033 0.037 0.011 0.016 0.021 0.124 0.042 0.005 0.012 0.032
105 G 0.053 0.035 0.188 0.051 0.009 0.063 0.042 0.271 0.021 0.019 0.029 0.045 0.011 0.015 0.018 0.053 0.036 0.005 0.013 0.024
106 G 0.057 0.045 0.034 0.033 0.009 0.102 0.049 0.26 0.021 0.023 0.037 0.091 0.013 0.029 0.019 0.045 0.031 0.008 0.067 0.028
107 R 0.053 0.1 0.086 0.039 0.01 0.069 0.049 0.041 0.02 0.031 0.05 0.1 0.016 0.079 0.02 0.087 0.082 0.006 0.025 0.037
108 T 0.071 0.034 0.043 0.036 0.015 0.027 0.04 0.044 0.073 0.038 0.049 0.043 0.016 0.021 0.024 0.139 0.211 0.005 0.021 0.05
109 Y 0.036 0.025 0.019 0.017 0.008 0.019 0.025 0.022 0.042 0.039 0.061 0.028 0.017 0.117 0.014 0.028 0.025 0.025 0.391 0.042
110 Q 0.047 0.059 0.036 0.038 0.008 0.258 0.081 0.035 0.025 0.028 0.051 0.072 0.019 0.076 0.019 0.046 0.035 0.007 0.027 0.034
111 Y 0.042 0.024 0.019 0.02 0.01 0.019 0.026 0.025 0.025 0.051 0.124 0.03 0.052 0.066 0.166 0.031 0.029 0.013 0.177 0.05
112 I 0.042 0.016 0.013 0.016 0.014 0.012 0.016 0.018 0.008 0.349 0.15 0.021 0.033 0.039 0.013 0.022 0.036 0.005 0.018 0.158
113 F 0.03 0.017 0.015 0.015 0.009 0.009 0.017 0.023 0.015 0.057 0.102 0.017 0.023 0.453 0.009 0.023 0.023 0.015 0.079 0.049
114 A 0.231 0.024 0.019 0.022 0.017 0.019 0.029 0.049 0.012 0.072 0.078 0.032 0.02 0.085 0.021 0.055 0.041 0.006 0.026 0.141
115 I 0.042 0.017 0.013 0.015 0.014 0.012 0.016 0.018 0.008 0.314 0.192 0.021 0.034 0.041 0.013 0.022 0.035 0.005 0.019 0.148
116 T 0.06 0.03 0.035 0.031 0.015 0.022 0.033 0.036 0.013 0.049 0.064 0.037 0.018 0.083 0.022 0.074 0.284 0.007 0.025 0.061
117 N 0.04 0.042 0.244 0.119 0.008 0.069 0.057 0.049 0.083 0.021 0.031 0.051 0.011 0.017 0.019 0.055 0.038 0.004 0.019 0.024
118 F 0.039 0.018 0.017 0.017 0.011 0.012 0.018 0.099 0.013 0.099 0.146 0.02 0.025 0.273 0.012 0.026 0.026 0.011 0.052 0.066
119 L 0.041 0.019 0.013 0.015 0.014 0.013 0.017 0.019 0.009 0.208 0.317 0.022 0.039 0.045 0.013 0.022 0.032 0.006 0.019 0.117
120 I 0.042 0.017 0.013 0.015 0.014 0.012 0.016 0.018 0.008 0.314 0.192 0.021 0.034 0.041 0.013 0.022 0.035 0.005 0.019 0.148
121 V 0.061 0.023 0.019 0.019 0.017 0.018 0.023 0.025 0.009 0.125 0.117 0.027 0.058 0.032 0.016 0.037 0.083 0.005 0.018 0.269
122 F 0.041 0.021 0.018 0.017 0.012 0.014 0.021 0.025 0.012 0.071 0.139 0.023 0.025 0.216 0.012 0.032 0.07 0.087 0.05 0.096
123 F 0.032 0.017 0.015 0.015 0.01 0.01 0.017 0.022 0.014 0.098 0.109 0.018 0.024 0.394 0.01 0.023 0.025 0.014 0.071 0.065
124 L 0.043 0.021 0.013 0.014 0.015 0.015 0.018 0.019 0.009 0.109 0.396 0.023 0.042 0.046 0.013 0.023 0.032 0.006 0.02 0.123
125 F 0.031 0.018 0.016 0.015 0.009 0.011 0.018 0.023 0.019 0.054 0.096 0.019 0.022 0.405 0.01 0.023 0.023 0.017 0.124 0.048
126 L 0.042 0.042 0.02 0.02 0.012 0.023 0.031 0.025 0.013 0.074 0.278 0.117 0.032 0.097 0.016 0.029 0.03 0.007 0.027 0.064
127 Y 0.083 0.025 0.02 0.018 0.01 0.02 0.027 0.029 0.038 0.039 0.06 0.03 0.017 0.103 0.016 0.035 0.028 0.022 0.337 0.045
128 I 0.045 0.016 0.013 0.016 0.015 0.012 0.017 0.019 0.008 0.32 0.145 0.021 0.032 0.038 0.013 0.023 0.037 0.005 0.018 0.185
129 K 0.096 0.121 0.031 0.031 0.011 0.039 0.051 0.039 0.016 0.044 0.052 0.227 0.016 0.017 0.022 0.048 0.037 0.005 0.016 0.079
130 D 0.043 0.098 0.095 0.17 0.007 0.112 0.116 0.039 0.023 0.021 0.034 0.067 0.013 0.014 0.02 0.049 0.035 0.004 0.014 0.027
131 Q 0.058 0.05 0.037 0.037 0.011 0.181 0.067 0.038 0.02 0.039 0.101 0.062 0.021 0.02 0.021 0.087 0.082 0.005 0.018 0.045
132 S 0.098 0.036 0.048 0.044 0.016 0.03 0.047 0.059 0.017 0.027 0.037 0.048 0.014 0.019 0.027 0.303 0.073 0.005 0.016 0.037
133 S 0.071 0.051 0.04 0.037 0.013 0.032 0.046 0.045 0.016 0.037 0.073 0.132 0.017 0.02 0.024 0.147 0.132 0.005 0.016 0.046
134 N 0.04 0.042 0.293 0.125 0.008 0.068 0.056 0.053 0.026 0.021 0.03 0.052 0.011 0.015 0.019 0.058 0.041 0.004 0.014 0.025
135 V 0.053 0.099 0.027 0.026 0.012 0.029 0.038 0.03 0.013 0.109 0.08 0.132 0.021 0.024 0.019 0.043 0.079 0.005 0.017 0.143
136 W 0.046 0.022 0.019 0.019 0.01 0.017 0.024 0.103 0.016 0.053 0.072 0.027 0.049 0.047 0.089 0.031 0.029 0.163 0.082 0.082
137 L 0.043 0.021 0.013 0.014 0.015 0.015 0.018 0.019 0.009 0.109 0.396 0.023 0.042 0.046 0.013 0.023 0.032 0.006 0.02 0.123
138 S 0.098 0.036 0.048 0.044 0.016 0.03 0.047 0.059 0.017 0.027 0.037 0.048 0.014 0.019 0.027 0.303 0.073 0.005 0.016 0.037
139 I 0.045 0.016 0.013 0.016 0.015 0.012 0.017 0.019 0.008 0.32 0.145 0.021 0.032 0.038 0.013 0.023 0.037 0.005 0.018 0.185
140 L 0.036 0.018 0.014 0.015 0.012 0.012 0.017 0.021 0.011 0.149 0.205 0.02 0.03 0.162 0.011 0.022 0.028 0.086 0.042 0.088
141 I 0.043 0.017 0.014 0.016 0.014 0.012 0.017 0.02 0.009 0.278 0.138 0.021 0.031 0.097 0.013 0.023 0.035 0.007 0.027 0.169
142 F 0.032 0.018 0.015 0.015 0.01 0.01 0.017 0.022 0.014 0.063 0.151 0.018 0.026 0.395 0.01 0.023 0.024 0.014 0.071 0.054
143 L 0.048 0.026 0.017 0.017 0.015 0.022 0.023 0.024 0.013 0.1 0.205 0.03 0.189 0.042 0.014 0.03 0.036 0.007 0.021 0.121
144 S 0.114 0.029 0.033 0.03 0.091 0.024 0.034 0.046 0.013 0.045 0.068 0.038 0.049 0.023 0.023 0.131 0.131 0.005 0.016 0.057
145 G 0.068 0.026 0.035 0.031 0.013 0.021 0.029 0.263 0.012 0.039 0.096 0.035 0.017 0.022 0.02 0.09 0.12 0.005 0.014 0.045
146 G 0.073 0.023 0.034 0.03 0.012 0.018 0.026 0.413 0.012 0.037 0.04 0.032 0.012 0.018 0.018 0.08 0.036 0.005 0.012 0.07
147 F 0.03 0.017 0.015 0.015 0.009 0.009 0.017 0.023 0.015 0.057 0.102 0.017 0.023 0.453 0.009 0.023 0.023 0.015 0.079 0.049
148 F 0.031 0.018 0.016 0.015 0.009 0.011 0.018 0.023 0.019 0.054 0.096 0.019 0.022 0.405 0.01 0.023 0.023 0.017 0.124 0.048
149 F 0.137 0.025 0.025 0.024 0.014 0.019 0.029 0.041 0.018 0.046 0.07 0.032 0.018 0.158 0.019 0.056 0.116 0.011 0.088 0.056
150 F 0.03 0.017 0.015 0.015 0.009 0.009 0.017 0.023 0.015 0.057 0.102 0.017 0.023 0.453 0.009 0.023 0.023 0.015 0.079 0.049
151 S 0.098 0.036 0.048 0.044 0.016 0.03 0.047 0.059 0.017 0.027 0.037 0.048 0.014 0.019 0.027 0.303 0.073 0.005 0.016 0.037
152 L 0.04 0.022 0.013 0.014 0.014 0.014 0.018 0.019 0.009 0.103 0.442 0.023 0.044 0.049 0.013 0.022 0.03 0.006 0.02 0.086
153 S 0.098 0.036 0.048 0.044 0.016 0.03 0.047 0.059 0.017 0.027 0.037 0.048 0.014 0.019 0.027 0.303 0.073 0.005 0.016 0.037
154 G 0.07 0.02 0.035 0.03 0.01 0.017 0.023 0.563 0.012 0.017 0.025 0.03 0.008 0.014 0.017 0.046 0.027 0.005 0.01 0.022
155 M 0.046 0.027 0.017 0.018 0.014 0.023 0.024 0.024 0.013 0.127 0.172 0.031 0.219 0.043 0.014 0.031 0.036 0.007 0.021 0.093
156 R 0.04 0.415 0.035 0.028 0.007 0.043 0.047 0.029 0.021 0.021 0.042 0.107 0.014 0.016 0.017 0.04 0.031 0.005 0.016 0.028
157 Q 0.05 0.066 0.039 0.042 0.008 0.299 0.092 0.037 0.026 0.024 0.042 0.081 0.018 0.013 0.021 0.05 0.037 0.005 0.018 0.032
158 S 0.175 0.033 0.041 0.039 0.017 0.028 0.044 0.062 0.016 0.03 0.042 0.046 0.014 0.019 0.027 0.238 0.065 0.005 0.016 0.044
159 I 0.042 0.016 0.013 0.016 0.014 0.012 0.016 0.018 0.008 0.349 0.15 0.021 0.033 0.039 0.013 0.022 0.036 0.005 0.018 0.158
160 G 0.112 0.021 0.033 0.03 0.011 0.018 0.025 0.492 0.012 0.02 0.029 0.031 0.009 0.015 0.018 0.05 0.029 0.005 0.01 0.027
161 V 0.065 0.023 0.023 0.022 0.016 0.018 0.026 0.029 0.01 0.144 0.102 0.029 0.025 0.03 0.018 0.075 0.087 0.005 0.018 0.235
162 V 0.19 0.022 0.018 0.02 0.018 0.018 0.027 0.042 0.01 0.129 0.094 0.03 0.023 0.028 0.02 0.048 0.043 0.005 0.017 0.198
163 I 0.042 0.016 0.013 0.016 0.014 0.012 0.016 0.018 0.008 0.349 0.15 0.021 0.033 0.039 0.013 0.022 0.036 0.005 0.018 0.158
164 A 0.231 0.024 0.019 0.022 0.017 0.019 0.029 0.049 0.012 0.072 0.078 0.032 0.02 0.085 0.021 0.055 0.041 0.006 0.026 0.141
165 L 0.038 0.021 0.013 0.014 0.014 0.014 0.018 0.02 0.01 0.096 0.394 0.022 0.041 0.107 0.012 0.022 0.029 0.008 0.028 0.081
166 Y 0.032 0.023 0.017 0.015 0.008 0.017 0.023 0.024 0.03 0.034 0.055 0.025 0.015 0.09 0.011 0.025 0.023 0.249 0.249 0.035
167 A 0.247 0.029 0.032 0.032 0.017 0.024 0.037 0.137 0.014 0.032 0.045 0.041 0.014 0.018 0.025 0.137 0.05 0.005 0.015 0.049
168 L 0.04 0.022 0.013 0.014 0.014 0.014 0.018 0.019 0.009 0.103 0.442 0.023 0.044 0.049 0.013 0.022 0.03 0.006 0.02 0.086
169 K 0.051 0.096 0.037 0.037 0.008 0.048 0.063 0.039 0.018 0.025 0.039 0.355 0.014 0.014 0.025 0.048 0.035 0.005 0.015 0.029
170 F 0.034 0.022 0.018 0.016 0.009 0.015 0.022 0.022 0.03 0.047 0.079 0.023 0.019 0.261 0.012 0.026 0.024 0.021 0.257 0.045
171 I 0.042 0.016 0.013 0.016 0.014 0.012 0.016 0.018 0.008 0.349 0.15 0.021 0.033 0.039 0.013 0.022 0.036 0.005 0.018 0.158
172 K 0.051 0.088 0.037 0.043 0.008 0.049 0.107 0.038 0.019 0.024 0.038 0.314 0.014 0.014 0.024 0.048 0.035 0.005 0.015 0.029
173 E 0.048 0.05 0.088 0.069 0.007 0.123 0.245 0.037 0.025 0.021 0.035 0.069 0.013 0.015 0.022 0.051 0.036 0.005 0.016 0.028
174 K 0.051 0.091 0.037 0.038 0.008 0.084 0.067 0.038 0.02 0.025 0.039 0.316 0.014 0.014 0.024 0.048 0.036 0.005 0.016 0.03
175 K 0.044 0.171 0.137 0.045 0.008 0.041 0.053 0.042 0.022 0.022 0.036 0.197 0.013 0.015 0.021 0.05 0.037 0.005 0.015 0.027
176 L 0.047 0.022 0.02 0.021 0.012 0.015 0.024 0.028 0.012 0.103 0.187 0.026 0.027 0.153 0.09 0.065 0.035 0.008 0.035 0.07
177 L 0.04 0.03 0.016 0.018 0.012 0.018 0.024 0.023 0.011 0.151 0.245 0.069 0.032 0.042 0.014 0.025 0.031 0.083 0.025 0.09
178 L 0.043 0.093 0.027 0.025 0.01 0.029 0.037 0.029 0.077 0.046 0.118 0.089 0.052 0.04 0.093 0.035 0.03 0.008 0.075 0.045
179 Y 0.035 0.024 0.019 0.016 0.008 0.018 0.024 0.022 0.038 0.041 0.067 0.026 0.018 0.165 0.013 0.027 0.025 0.024 0.346 0.043
180 L 0.05 0.019 0.014 0.015 0.016 0.014 0.019 0.02 0.008 0.192 0.219 0.022 0.034 0.039 0.014 0.025 0.038 0.005 0.019 0.218
181 I 0.048 0.019 0.017 0.018 0.015 0.014 0.02 0.022 0.009 0.242 0.174 0.024 0.032 0.037 0.015 0.032 0.078 0.005 0.018 0.161
182 F 0.056 0.026 0.03 0.027 0.012 0.019 0.028 0.11 0.018 0.042 0.063 0.032 0.017 0.157 0.018 0.084 0.118 0.011 0.087 0.047
183 I 0.041 0.017 0.013 0.015 0.014 0.013 0.016 0.019 0.008 0.279 0.233 0.022 0.036 0.042 0.013 0.022 0.034 0.006 0.019 0.137
184 L 0.055 0.02 0.02 0.019 0.014 0.015 0.02 0.175 0.009 0.126 0.188 0.025 0.028 0.033 0.015 0.031 0.034 0.005 0.016 0.152
185 I 0.045 0.017 0.013 0.015 0.015 0.013 0.017 0.019 0.008 0.285 0.187 0.022 0.034 0.04 0.013 0.023 0.036 0.005 0.019 0.175
186 A 0.366 0.028 0.023 0.027 0.019 0.023 0.036 0.07 0.013 0.039 0.053 0.04 0.016 0.019 0.027 0.076 0.045 0.005 0.016 0.061
187 S 0.117 0.027 0.032 0.03 0.09 0.021 0.032 0.12 0.012 0.049 0.055 0.035 0.016 0.02 0.021 0.125 0.089 0.005 0.015 0.088
188 L 0.038 0.021 0.013 0.014 0.014 0.014 0.018 0.02 0.01 0.096 0.394 0.022 0.041 0.107 0.012 0.022 0.029 0.008 0.028 0.081
189 F 0.03 0.017 0.015 0.015 0.009 0.009 0.017 0.023 0.015 0.057 0.102 0.017 0.023 0.453 0.009 0.023 0.023 0.015 0.079 0.049
190 H 0.038 0.041 0.048 0.034 0.007 0.034 0.048 0.034 0.424 0.02 0.034 0.041 0.014 0.027 0.017 0.038 0.024 0.007 0.051 0.02
191 S 0.084 0.034 0.044 0.039 0.016 0.027 0.042 0.05 0.015 0.036 0.046 0.045 0.016 0.02 0.026 0.209 0.182 0.005 0.016 0.049
192 A 0.213 0.032 0.037 0.036 0.017 0.027 0.042 0.064 0.015 0.032 0.044 0.045 0.015 0.019 0.027 0.206 0.061 0.005 0.016 0.048
193 A 0.235 0.023 0.019 0.022 0.093 0.019 0.029 0.05 0.011 0.07 0.072 0.032 0.019 0.023 0.021 0.057 0.043 0.005 0.016 0.142
194 I 0.044 0.018 0.013 0.015 0.015 0.013 0.017 0.019 0.008 0.25 0.229 0.022 0.035 0.041 0.013 0.023 0.035 0.006 0.019 0.164
195 I 0.045 0.017 0.013 0.015 0.015 0.013 0.017 0.019 0.008 0.285 0.187 0.022 0.034 0.04 0.013 0.023 0.036 0.005 0.019 0.175
196 F 0.032 0.019 0.016 0.016 0.009 0.012 0.019 0.023 0.023 0.052 0.09 0.02 0.021 0.357 0.011 0.024 0.023 0.018 0.168 0.047
197 L 0.047 0.02 0.013 0.015 0.015 0.014 0.019 0.02 0.008 0.151 0.307 0.023 0.038 0.043 0.013 0.024 0.035 0.006 0.019 0.171
198 L 0.093 0.021 0.016 0.018 0.014 0.016 0.023 0.03 0.01 0.088 0.186 0.026 0.028 0.092 0.091 0.034 0.035 0.006 0.026 0.143
199 F 0.08 0.018 0.016 0.017 0.012 0.012 0.02 0.029 0.014 0.096 0.102 0.021 0.023 0.332 0.012 0.03 0.028 0.012 0.061 0.066
200 S 0.11 0.04 0.054 0.049 0.018 0.033 0.052 0.066 0.019 0.03 0.042 0.054 0.016 0.021 0.03 0.22 0.082 0.005 0.018 0.042
201 L 0.045 0.024 0.014 0.015 0.016 0.016 0.02 0.021 0.01 0.115 0.375 0.025 0.05 0.055 0.014 0.024 0.033 0.007 0.022 0.096
202 Y 0.036 0.023 0.018 0.016 0.009 0.017 0.023 0.022 0.033 0.051 0.121 0.026 0.021 0.155 0.013 0.026 0.025 0.021 0.293 0.049
203 F 0.038 0.018 0.014 0.015 0.012 0.011 0.017 0.021 0.012 0.118 0.16 0.019 0.028 0.276 0.011 0.023 0.029 0.011 0.053 0.112
204 L 0.041 0.018 0.014 0.015 0.013 0.012 0.017 0.02 0.01 0.166 0.215 0.021 0.033 0.159 0.012 0.023 0.031 0.008 0.036 0.133
205 D 0.051 0.038 0.044 0.155 0.009 0.027 0.052 0.114 0.074 0.026 0.041 0.082 0.013 0.079 0.019 0.079 0.035 0.006 0.027 0.029
206 K 0.045 0.123 0.091 0.102 0.007 0.042 0.061 0.04 0.02 0.023 0.036 0.231 0.012 0.014 0.022 0.049 0.036 0.004 0.014 0.027
207 I 0.042 0.017 0.013 0.015 0.014 0.012 0.016 0.018 0.008 0.314 0.192 0.021 0.034 0.041 0.013 0.022 0.035 0.005 0.019 0.148
208 K 0.047 0.126 0.087 0.047 0.007 0.046 0.102 0.039 0.021 0.023 0.037 0.235 0.013 0.015 0.022 0.049 0.036 0.005 0.015 0.028
209 I 0.045 0.016 0.013 0.016 0.015 0.012 0.017 0.019 0.008 0.32 0.145 0.021 0.032 0.038 0.013 0.023 0.037 0.005 0.018 0.185
210 N 0.038 0.038 0.343 0.13 0.008 0.03 0.049 0.056 0.026 0.02 0.028 0.047 0.01 0.016 0.018 0.06 0.042 0.004 0.013 0.024
211 P 0.047 0.079 0.023 0.026 0.009 0.022 0.033 0.03 0.017 0.025 0.038 0.046 0.011 0.027 0.396 0.038 0.031 0.006 0.066 0.03
212 F 0.036 0.02 0.019 0.018 0.01 0.013 0.021 0.025 0.018 0.053 0.09 0.022 0.021 0.343 0.012 0.032 0.067 0.015 0.115 0.05
213 V 0.052 0.021 0.016 0.016 0.014 0.016 0.021 0.023 0.014 0.11 0.115 0.024 0.058 0.106 0.014 0.029 0.037 0.01 0.081 0.223
214 V 0.053 0.021 0.018 0.018 0.015 0.017 0.021 0.099 0.01 0.17 0.13 0.026 0.09 0.035 0.014 0.031 0.037 0.006 0.018 0.171
215 F 0.104 0.026 0.026 0.025 0.014 0.019 0.029 0.039 0.014 0.056 0.132 0.031 0.023 0.166 0.019 0.087 0.085 0.009 0.038 0.059
216 L 0.137 0.024 0.017 0.018 0.016 0.018 0.025 0.035 0.011 0.089 0.246 0.029 0.063 0.037 0.017 0.04 0.037 0.006 0.019 0.116
217 L 0.048 0.02 0.017 0.018 0.015 0.015 0.02 0.022 0.009 0.207 0.216 0.025 0.033 0.038 0.015 0.032 0.077 0.006 0.018 0.151
218 M 0.048 0.027 0.019 0.021 0.013 0.023 0.027 0.027 0.014 0.071 0.135 0.034 0.182 0.034 0.167 0.034 0.035 0.006 0.019 0.067
219 I 0.045 0.018 0.014 0.016 0.015 0.014 0.018 0.02 0.009 0.26 0.189 0.023 0.055 0.04 0.013 0.024 0.036 0.006 0.019 0.167
220 V 0.092 0.02 0.015 0.017 0.015 0.014 0.021 0.027 0.01 0.17 0.161 0.024 0.029 0.095 0.015 0.032 0.037 0.007 0.027 0.172
221 V 0.105 0.021 0.016 0.018 0.017 0.016 0.022 0.029 0.009 0.155 0.166 0.026 0.03 0.034 0.016 0.035 0.041 0.005 0.019 0.219
222 R 0.046 0.141 0.133 0.04 0.009 0.029 0.039 0.04 0.025 0.029 0.049 0.058 0.014 0.093 0.017 0.08 0.039 0.009 0.078 0.033
223 L 0.052 0.077 0.022 0.021 0.012 0.019 0.024 0.176 0.011 0.073 0.219 0.037 0.027 0.032 0.015 0.032 0.031 0.006 0.016 0.097
224 L 0.088 0.024 0.019 0.019 0.014 0.017 0.024 0.03 0.016 0.07 0.229 0.028 0.029 0.108 0.016 0.039 0.073 0.01 0.08 0.068
225 A 0.251 0.031 0.034 0.034 0.018 0.026 0.041 0.065 0.015 0.033 0.046 0.043 0.015 0.019 0.027 0.173 0.057 0.005 0.016 0.051
226 G 0.057 0.029 0.08 0.041 0.011 0.025 0.079 0.113 0.016 0.044 0.053 0.039 0.015 0.08 0.094 0.079 0.039 0.006 0.023 0.076
227 Y 0.048 0.034 0.032 0.028 0.01 0.063 0.041 0.032 0.113 0.075 0.062 0.04 0.018 0.058 0.017 0.072 0.035 0.013 0.158 0.052
228 I 0.046 0.017 0.016 0.018 0.014 0.013 0.017 0.096 0.009 0.266 0.174 0.023 0.031 0.037 0.014 0.026 0.033 0.005 0.017 0.128
229 R 0.047 0.304 0.034 0.028 0.009 0.036 0.042 0.033 0.019 0.027 0.05 0.086 0.015 0.078 0.018 0.075 0.036 0.007 0.025 0.032
230 E 0.093 0.055 0.086 0.055 0.009 0.116 0.153 0.043 0.023 0.024 0.039 0.106 0.014 0.015 0.022 0.055 0.038 0.005 0.016 0.033
231 F 0.041 0.018 0.017 0.017 0.012 0.012 0.018 0.098 0.012 0.141 0.153 0.021 0.027 0.214 0.012 0.026 0.028 0.01 0.043 0.081
232 I 0.043 0.017 0.014 0.015 0.014 0.012 0.017 0.02 0.009 0.243 0.18 0.021 0.032 0.099 0.013 0.023 0.034 0.007 0.027 0.159
233 I 0.05 0.021 0.019 0.02 0.015 0.017 0.022 0.025 0.01 0.231 0.179 0.027 0.063 0.038 0.015 0.064 0.04 0.006 0.019 0.12
234 F 0.047 0.078 0.023 0.021 0.011 0.019 0.027 0.029 0.019 0.058 0.08 0.037 0.02 0.22 0.014 0.067 0.035 0.012 0.097 0.086
235 I 0.091 0.018 0.015 0.017 0.016 0.014 0.019 0.026 0.009 0.276 0.131 0.024 0.03 0.035 0.015 0.031 0.038 0.005 0.018 0.171
236 S 0.09 0.033 0.043 0.04 0.015 0.027 0.042 0.053 0.016 0.073 0.053 0.044 0.017 0.022 0.025 0.263 0.068 0.005 0.016 0.055
237 D 0.051 0.028 0.096 0.221 0.01 0.024 0.054 0.118 0.017 0.032 0.087 0.038 0.015 0.02 0.019 0.082 0.038 0.004 0.013 0.033
238 R 0.044 0.164 0.035 0.031 0.008 0.076 0.054 0.032 0.077 0.034 0.097 0.153 0.019 0.021 0.019 0.041 0.032 0.005 0.022 0.036
239 L 0.047 0.023 0.017 0.017 0.015 0.016 0.021 0.022 0.009 0.101 0.341 0.025 0.038 0.042 0.015 0.032 0.074 0.006 0.019 0.12
240 G 0.061 0.024 0.089 0.098 0.009 0.02 0.034 0.416 0.015 0.018 0.026 0.034 0.009 0.015 0.017 0.048 0.03 0.004 0.01 0.022
241 L 0.085 0.021 0.015 0.016 0.014 0.015 0.02 0.027 0.01 0.122 0.296 0.024 0.035 0.101 0.014 0.03 0.032 0.007 0.028 0.087
242 Y 0.036 0.025 0.019 0.017 0.008 0.019 0.025 0.022 0.042 0.039 0.061 0.028 0.017 0.117 0.014 0.028 0.025 0.025 0.391 0.042
243 S 0.098 0.036 0.048 0.044 0.016 0.03 0.047 0.059 0.017 0.027 0.037 0.048 0.014 0.019 0.027 0.303 0.073 0.005 0.016 0.037
244 E 0.044 0.041 0.141 0.133 0.007 0.045 0.237 0.04 0.024 0.02 0.03 0.058 0.011 0.015 0.021 0.053 0.036 0.004 0.014 0.026
245 Y 0.036 0.025 0.019 0.017 0.008 0.019 0.025 0.022 0.042 0.039 0.061 0.028 0.017 0.117 0.014 0.028 0.025 0.025 0.391 0.042
246 F 0.034 0.017 0.015 0.015 0.01 0.01 0.017 0.022 0.014 0.079 0.106 0.018 0.024 0.393 0.01 0.023 0.025 0.014 0.071 0.083
247 G 0.069 0.022 0.035 0.031 0.011 0.018 0.025 0.488 0.012 0.021 0.03 0.032 0.01 0.015 0.018 0.051 0.069 0.005 0.011 0.028
248 G 0.074 0.023 0.037 0.032 0.01 0.019 0.026 0.491 0.013 0.018 0.027 0.033 0.009 0.015 0.018 0.083 0.033 0.005 0.01 0.024
249 Q 0.098 0.103 0.032 0.032 0.012 0.107 0.055 0.039 0.018 0.047 0.056 0.104 0.018 0.018 0.021 0.054 0.079 0.005 0.017 0.085
250 F 0.031 0.018 0.016 0.015 0.009 0.011 0.018 0.023 0.019 0.054 0.096 0.019 0.022 0.405 0.01 0.023 0.023 0.017 0.124 0.048
251 D 0.037 0.028 0.103 0.343 0.007 0.026 0.068 0.041 0.022 0.023 0.031 0.039 0.01 0.028 0.019 0.046 0.032 0.007 0.065 0.025
252 N 0.053 0.032 0.182 0.046 0.013 0.024 0.035 0.042 0.018 0.064 0.062 0.039 0.017 0.022 0.019 0.059 0.125 0.005 0.016 0.128
253 A 0.281 0.031 0.026 0.03 0.022 0.026 0.041 0.079 0.015 0.044 0.06 0.045 0.018 0.022 0.03 0.086 0.051 0.005 0.018 0.07
254 G 0.066 0.02 0.032 0.028 0.01 0.016 0.022 0.485 0.011 0.064 0.043 0.029 0.012 0.018 0.016 0.042 0.028 0.005 0.011 0.041
255 G 0.101 0.034 0.031 0.036 0.012 0.066 0.088 0.114 0.02 0.038 0.099 0.045 0.018 0.035 0.02 0.082 0.038 0.008 0.069 0.044
256 Y 0.034 0.023 0.018 0.016 0.009 0.017 0.023 0.022 0.034 0.044 0.073 0.025 0.018 0.213 0.013 0.026 0.024 0.022 0.302 0.044
257 S 0.068 0.087 0.095 0.104 0.011 0.029 0.048 0.124 0.018 0.022 0.033 0.053 0.012 0.016 0.022 0.158 0.05 0.004 0.014 0.03
258 K 0.056 0.122 0.036 0.035 0.009 0.04 0.054 0.039 0.018 0.024 0.038 0.231 0.013 0.014 0.099 0.082 0.04 0.004 0.015 0.03
259 L 0.056 0.029 0.022 0.023 0.014 0.057 0.033 0.028 0.012 0.128 0.192 0.035 0.03 0.033 0.016 0.068 0.042 0.005 0.018 0.156
260 L 0.039 0.036 0.026 0.025 0.01 0.098 0.044 0.028 0.075 0.051 0.165 0.041 0.025 0.094 0.014 0.032 0.029 0.085 0.038 0.047
261 V 0.099 0.027 0.02 0.023 0.015 0.057 0.034 0.032 0.012 0.125 0.089 0.036 0.023 0.026 0.093 0.039 0.04 0.005 0.017 0.189
262 L 0.043 0.022 0.018 0.018 0.013 0.015 0.022 0.024 0.016 0.079 0.189 0.024 0.028 0.168 0.014 0.033 0.072 0.011 0.089 0.103
263 L 0.041 0.02 0.014 0.015 0.013 0.014 0.019 0.02 0.014 0.129 0.251 0.022 0.033 0.112 0.013 0.024 0.031 0.01 0.081 0.122
264 V 0.057 0.02 0.018 0.018 0.016 0.015 0.021 0.023 0.008 0.191 0.118 0.025 0.028 0.033 0.016 0.035 0.082 0.005 0.018 0.253
265 L 0.039 0.019 0.013 0.014 0.014 0.013 0.017 0.019 0.01 0.167 0.31 0.021 0.038 0.104 0.012 0.022 0.03 0.007 0.028 0.101
266 L 0.102 0.025 0.021 0.021 0.016 0.019 0.027 0.034 0.011 0.094 0.198 0.03 0.061 0.035 0.017 0.073 0.043 0.006 0.018 0.15
267 V 0.055 0.022 0.015 0.016 0.016 0.017 0.021 0.022 0.009 0.159 0.138 0.026 0.092 0.036 0.014 0.029 0.041 0.006 0.019 0.245
268 M 0.056 0.028 0.022 0.021 0.09 0.024 0.027 0.031 0.014 0.074 0.139 0.033 0.183 0.036 0.016 0.072 0.041 0.006 0.019 0.072
269 L 0.047 0.021 0.014 0.015 0.09 0.016 0.019 0.022 0.009 0.098 0.303 0.023 0.067 0.041 0.013 0.026 0.033 0.006 0.019 0.118
270 F 0.051 0.023 0.024 0.023 0.012 0.016 0.026 0.033 0.015 0.055 0.132 0.027 0.023 0.271 0.015 0.103 0.038 0.011 0.053 0.051
271 L 0.05 0.02 0.014 0.015 0.016 0.014 0.019 0.02 0.008 0.157 0.261 0.023 0.036 0.04 0.014 0.025 0.037 0.006 0.019 0.208
272 C 0.052 0.015 0.014 0.015 0.388 0.011 0.015 0.027 0.008 0.086 0.077 0.018 0.018 0.083 0.014 0.032 0.032 0.006 0.022 0.066
273 L 0.045 0.02 0.014 0.015 0.015 0.013 0.018 0.02 0.009 0.144 0.259 0.022 0.035 0.1 0.013 0.024 0.034 0.007 0.028 0.166
274 S 0.068 0.029 0.082 0.036 0.014 0.023 0.034 0.042 0.015 0.1 0.121 0.037 0.022 0.027 0.02 0.149 0.053 0.005 0.017 0.104
275 R 0.039 0.247 0.027 0.023 0.008 0.032 0.036 0.026 0.025 0.038 0.104 0.073 0.019 0.049 0.016 0.034 0.029 0.011 0.123 0.04
276 L 0.046 0.031 0.018 0.018 0.013 0.019 0.026 0.024 0.015 0.089 0.188 0.07 0.028 0.106 0.015 0.029 0.033 0.01 0.08 0.141
277 I 0.092 0.026 0.018 0.021 0.015 0.055 0.031 0.029 0.011 0.194 0.158 0.033 0.029 0.033 0.016 0.035 0.037 0.005 0.018 0.143
278 L 0.05 0.023 0.017 0.017 0.015 0.016 0.021 0.023 0.009 0.108 0.294 0.025 0.036 0.04 0.015 0.033 0.076 0.006 0.019 0.157
279 G 0.061 0.025 0.031 0.037 0.009 0.023 0.075 0.335 0.013 0.019 0.028 0.037 0.009 0.014 0.169 0.044 0.029 0.004 0.011 0.024
280 Y 0.04 0.028 0.022 0.019 0.009 0.022 0.028 0.025 0.047 0.044 0.068 0.031 0.019 0.131 0.016 0.031 0.028 0.028 0.318 0.047
281 K 0.051 0.091 0.037 0.038 0.008 0.084 0.067 0.038 0.02 0.025 0.039 0.316 0.014 0.014 0.024 0.048 0.036 0.005 0.016 0.03
282 E 0.093 0.042 0.036 0.105 0.01 0.037 0.141 0.039 0.021 0.03 0.043 0.091 0.014 0.031 0.022 0.054 0.076 0.008 0.068 0.039
283 L 0.045 0.085 0.03 0.099 0.01 0.033 0.133 0.028 0.016 0.062 0.162 0.05 0.023 0.027 0.018 0.037 0.033 0.005 0.016 0.089
284 F 0.031 0.019 0.022 0.079 0.009 0.013 0.027 0.026 0.015 0.047 0.083 0.021 0.019 0.333 0.011 0.026 0.024 0.089 0.067 0.042
285 Y 0.042 0.034 0.021 0.019 0.009 0.023 0.03 0.025 0.033 0.052 0.066 0.074 0.018 0.09 0.016 0.031 0.029 0.019 0.284 0.084
286 K 0.049 0.122 0.084 0.038 0.009 0.04 0.052 0.038 0.019 0.041 0.049 0.229 0.015 0.017 0.021 0.046 0.037 0.005 0.016 0.074
287 N 0.038 0.033 0.229 0.049 0.01 0.024 0.034 0.043 0.022 0.047 0.119 0.038 0.051 0.087 0.016 0.047 0.038 0.006 0.025 0.045
288 N 0.042 0.052 0.29 0.064 0.008 0.071 0.054 0.052 0.026 0.021 0.032 0.097 0.012 0.015 0.019 0.058 0.042 0.004 0.015 0.026
289 L 0.049 0.025 0.029 0.084 0.013 0.02 0.033 0.03 0.012 0.073 0.14 0.031 0.056 0.09 0.017 0.045 0.117 0.007 0.026 0.102
290 E 0.092 0.037 0.029 0.055 0.01 0.043 0.225 0.035 0.023 0.035 0.06 0.053 0.047 0.034 0.021 0.048 0.034 0.008 0.07 0.042
291 L 0.041 0.018 0.013 0.015 0.014 0.013 0.017 0.019 0.008 0.244 0.275 0.022 0.038 0.043 0.013 0.022 0.033 0.006 0.019 0.127
292 N 0.047 0.039 0.341 0.07 0.009 0.03 0.044 0.058 0.027 0.021 0.029 0.048 0.011 0.016 0.019 0.097 0.048 0.004 0.014 0.026
293 I 0.042 0.017 0.013 0.015 0.014 0.012 0.016 0.018 0.008 0.314 0.192 0.021 0.034 0.041 0.013 0.022 0.035 0.005 0.019 0.148
294 H 0.039 0.044 0.095 0.041 0.007 0.071 0.053 0.038 0.311 0.021 0.034 0.048 0.014 0.024 0.018 0.043 0.029 0.006 0.041 0.023
295 Y 0.044 0.025 0.023 0.02 0.01 0.019 0.027 0.028 0.034 0.04 0.064 0.029 0.017 0.151 0.015 0.066 0.032 0.021 0.293 0.042
296 V 0.054 0.018 0.015 0.016 0.09 0.013 0.019 0.023 0.008 0.148 0.111 0.021 0.026 0.091 0.014 0.028 0.038 0.006 0.026 0.235
297 A 0.273 0.026 0.02 0.023 0.018 0.02 0.031 0.055 0.012 0.057 0.164 0.035 0.024 0.028 0.023 0.06 0.04 0.005 0.017 0.068
298 C 0.061 0.019 0.019 0.019 0.389 0.014 0.02 0.032 0.009 0.047 0.11 0.023 0.019 0.023 0.016 0.072 0.038 0.004 0.013 0.054
299 L 0.041 0.022 0.013 0.015 0.014 0.016 0.019 0.02 0.01 0.136 0.363 0.024 0.072 0.047 0.013 0.023 0.032 0.006 0.02 0.096
300 V 0.057 0.018 0.014 0.016 0.016 0.014 0.019 0.021 0.007 0.205 0.126 0.023 0.03 0.034 0.014 0.027 0.042 0.005 0.018 0.293
301 V 0.105 0.02 0.016 0.017 0.092 0.015 0.022 0.03 0.008 0.116 0.099 0.025 0.024 0.028 0.016 0.037 0.043 0.005 0.017 0.264
302 A 0.205 0.029 0.032 0.032 0.017 0.024 0.038 0.058 0.014 0.078 0.06 0.041 0.017 0.022 0.025 0.166 0.056 0.005 0.016 0.065
303 L 0.044 0.024 0.016 0.017 0.014 0.02 0.021 0.022 0.012 0.166 0.206 0.028 0.159 0.043 0.014 0.028 0.035 0.006 0.02 0.104
304 I 0.046 0.018 0.014 0.016 0.015 0.014 0.018 0.02 0.009 0.283 0.149 0.023 0.063 0.039 0.014 0.025 0.037 0.005 0.019 0.174
305 S 0.112 0.031 0.086 0.04 0.013 0.025 0.038 0.126 0.016 0.028 0.039 0.042 0.013 0.017 0.098 0.13 0.089 0.004 0.014 0.039
306 F 0.038 0.03 0.019 0.019 0.01 0.018 0.026 0.024 0.021 0.131 0.095 0.07 0.023 0.176 0.014 0.028 0.029 0.014 0.142 0.075
307 L 0.04 0.021 0.013 0.014 0.014 0.014 0.018 0.019 0.009 0.138 0.401 0.022 0.043 0.047 0.013 0.022 0.031 0.006 0.02 0.096
308 P 0.051 0.023 0.021 0.028 0.009 0.018 0.032 0.032 0.012 0.023 0.032 0.037 0.009 0.012 0.548 0.039 0.032 0.002 0.012 0.028
309 T 0.07 0.032 0.04 0.035 0.016 0.025 0.037 0.042 0.013 0.045 0.055 0.042 0.017 0.021 0.025 0.114 0.291 0.005 0.016 0.06
310 P 0.057 0.025 0.025 0.03 0.01 0.02 0.034 0.036 0.012 0.024 0.033 0.039 0.01 0.013 0.473 0.077 0.038 0.003 0.012 0.029
311 S 0.088 0.033 0.042 0.038 0.016 0.027 0.041 0.051 0.015 0.047 0.052 0.044 0.017 0.021 0.025 0.233 0.105 0.005 0.016 0.085
312 R 0.04 0.415 0.035 0.028 0.007 0.043 0.047 0.029 0.021 0.021 0.042 0.107 0.014 0.016 0.017 0.04 0.031 0.005 0.016 0.028
313 L 0.043 0.023 0.016 0.016 0.015 0.016 0.02 0.022 0.009 0.095 0.388 0.025 0.04 0.045 0.014 0.03 0.072 0.006 0.019 0.083
314 L 0.04 0.02 0.013 0.014 0.014 0.014 0.017 0.019 0.009 0.173 0.359 0.022 0.041 0.046 0.013 0.022 0.031 0.006 0.019 0.106
315 F 0.033 0.02 0.017 0.016 0.009 0.014 0.02 0.022 0.026 0.049 0.084 0.022 0.02 0.309 0.011 0.025 0.024 0.019 0.213 0.046
316 L 0.045 0.023 0.017 0.017 0.014 0.016 0.02 0.098 0.01 0.089 0.345 0.025 0.069 0.043 0.014 0.027 0.03 0.006 0.019 0.076
317 F 0.032 0.018 0.015 0.015 0.01 0.01 0.017 0.022 0.014 0.063 0.151 0.018 0.026 0.395 0.01 0.023 0.024 0.014 0.071 0.054
318 I 0.045 0.019 0.014 0.016 0.015 0.015 0.018 0.02 0.009 0.248 0.191 0.023 0.065 0.04 0.013 0.025 0.036 0.006 0.019 0.164
319 P 0.049 0.023 0.02 0.026 0.01 0.018 0.03 0.03 0.011 0.034 0.091 0.035 0.014 0.017 0.471 0.037 0.032 0.003 0.013 0.036
