#Seq2Logo.py -f /work3/idamei/ssn-clusterings/2206011120/clusters/0013_251/sequences.afa -m 0.0001 -b 50 -o /work3/idamei/ssn-clusterings/2206011120/clusters/0013_251/sequences.logo -p 640x1000 -l 30
#Position Specific Frequency Matrix
A R N D C Q E G H I L K M F P S T W Y V
0 L 0.051 0.031 0.02 0.02 0.016 0.028 0.028 0.028 0.016 0.098 0.193 0.035 0.177 0.047 0.016 0.035 0.039 0.008 0.024 0.091
1 A 0.288 0.031 0.026 0.03 0.022 0.026 0.041 0.079 0.015 0.043 0.06 0.045 0.018 0.022 0.03 0.085 0.05 0.005 0.018 0.069
2 S 0.11 0.04 0.054 0.049 0.018 0.033 0.053 0.067 0.019 0.03 0.042 0.054 0.016 0.021 0.03 0.217 0.082 0.005 0.018 0.042
3 Y 0.041 0.028 0.022 0.019 0.009 0.022 0.028 0.025 0.047 0.044 0.069 0.031 0.019 0.131 0.016 0.031 0.028 0.028 0.315 0.047
4 Y 0.041 0.028 0.022 0.019 0.009 0.022 0.028 0.025 0.047 0.044 0.069 0.031 0.019 0.131 0.016 0.031 0.028 0.028 0.315 0.047
5 I 0.047 0.018 0.015 0.018 0.016 0.013 0.018 0.021 0.009 0.268 0.169 0.024 0.037 0.044 0.015 0.025 0.04 0.006 0.021 0.177
6 E 0.055 0.05 0.041 0.091 0.007 0.065 0.294 0.035 0.026 0.022 0.037 0.076 0.013 0.017 0.026 0.055 0.037 0.006 0.017 0.031
7 N 0.063 0.065 0.166 0.062 0.011 0.04 0.057 0.058 0.025 0.026 0.038 0.128 0.014 0.018 0.025 0.097 0.054 0.005 0.017 0.032
8 S 0.11 0.04 0.054 0.049 0.018 0.033 0.053 0.067 0.019 0.03 0.042 0.054 0.016 0.021 0.03 0.217 0.082 0.005 0.018 0.042
9 L 0.045 0.024 0.014 0.015 0.016 0.016 0.02 0.021 0.01 0.116 0.373 0.025 0.05 0.055 0.014 0.024 0.034 0.007 0.022 0.097
10 K 0.057 0.107 0.042 0.042 0.009 0.054 0.071 0.043 0.021 0.028 0.043 0.275 0.016 0.016 0.028 0.054 0.04 0.005 0.017 0.033
11 F 0.033 0.019 0.017 0.017 0.01 0.01 0.019 0.025 0.017 0.062 0.112 0.019 0.025 0.397 0.01 0.025 0.025 0.017 0.087 0.054
12 L 0.044 0.024 0.014 0.015 0.016 0.016 0.02 0.021 0.01 0.114 0.386 0.025 0.049 0.054 0.014 0.024 0.033 0.007 0.022 0.095
13 F 0.038 0.033 0.188 0.052 0.01 0.023 0.035 0.047 0.025 0.04 0.068 0.038 0.017 0.188 0.016 0.049 0.038 0.01 0.048 0.039
14 F 0.04 0.018 0.015 0.017 0.013 0.012 0.018 0.022 0.012 0.184 0.141 0.021 0.031 0.202 0.013 0.025 0.033 0.011 0.05 0.12
15 L 0.055 0.023 0.015 0.016 0.017 0.016 0.021 0.022 0.009 0.135 0.27 0.025 0.041 0.045 0.015 0.028 0.04 0.006 0.021 0.178
16 L 0.045 0.02 0.014 0.016 0.016 0.014 0.019 0.021 0.009 0.207 0.264 0.024 0.042 0.048 0.014 0.024 0.036 0.006 0.021 0.138
17 L 0.058 0.023 0.015 0.016 0.018 0.016 0.022 0.023 0.009 0.14 0.244 0.025 0.039 0.044 0.015 0.029 0.042 0.006 0.021 0.197
18 T 0.072 0.035 0.043 0.037 0.018 0.027 0.039 0.043 0.014 0.052 0.064 0.045 0.019 0.023 0.027 0.091 0.259 0.006 0.018 0.07
19 L 0.044 0.024 0.014 0.015 0.016 0.016 0.02 0.021 0.01 0.114 0.386 0.025 0.049 0.054 0.014 0.024 0.033 0.007 0.022 0.095
20 L 0.047 0.027 0.017 0.017 0.016 0.021 0.023 0.024 0.013 0.107 0.299 0.03 0.105 0.051 0.015 0.029 0.036 0.007 0.023 0.093
21 F 0.038 0.021 0.015 0.016 0.013 0.013 0.019 0.023 0.014 0.085 0.235 0.021 0.036 0.242 0.012 0.025 0.029 0.012 0.058 0.072
22 S 0.108 0.039 0.053 0.048 0.017 0.033 0.052 0.065 0.019 0.029 0.041 0.053 0.015 0.021 0.029 0.232 0.081 0.005 0.017 0.041
23 I 0.047 0.018 0.015 0.018 0.016 0.013 0.018 0.021 0.009 0.271 0.168 0.024 0.037 0.044 0.015 0.025 0.04 0.006 0.021 0.177
24 F 0.034 0.019 0.017 0.017 0.011 0.011 0.019 0.025 0.017 0.063 0.114 0.019 0.025 0.387 0.011 0.025 0.025 0.017 0.089 0.055
25 I 0.047 0.018 0.015 0.018 0.016 0.013 0.018 0.021 0.009 0.271 0.168 0.024 0.037 0.044 0.015 0.025 0.04 0.006 0.021 0.177
26 F 0.054 0.028 0.031 0.028 0.014 0.02 0.03 0.035 0.015 0.057 0.086 0.033 0.022 0.191 0.02 0.061 0.153 0.011 0.049 0.063
27 P 0.056 0.025 0.023 0.031 0.01 0.02 0.036 0.036 0.013 0.025 0.036 0.041 0.01 0.013 0.502 0.043 0.036 0.003 0.013 0.031
28 K 0.055 0.087 0.042 0.044 0.009 0.149 0.087 0.041 0.025 0.027 0.045 0.18 0.018 0.015 0.025 0.054 0.04 0.005 0.019 0.034
29 S 0.108 0.039 0.053 0.048 0.017 0.033 0.052 0.065 0.019 0.029 0.041 0.053 0.015 0.021 0.029 0.232 0.081 0.005 0.017 0.041
30 F 0.033 0.019 0.017 0.017 0.01 0.01 0.019 0.025 0.017 0.062 0.112 0.019 0.025 0.397 0.01 0.025 0.025 0.017 0.087 0.054
31 G 0.178 0.026 0.032 0.031 0.015 0.022 0.032 0.32 0.014 0.029 0.042 0.038 0.013 0.018 0.023 0.065 0.038 0.005 0.014 0.044
32 Y 0.052 0.025 0.019 0.018 0.013 0.019 0.025 0.024 0.029 0.103 0.097 0.028 0.024 0.087 0.016 0.031 0.037 0.018 0.19 0.146
33 L 0.045 0.021 0.014 0.016 0.016 0.015 0.019 0.021 0.009 0.181 0.297 0.024 0.044 0.05 0.014 0.024 0.035 0.007 0.021 0.126
34 K 0.056 0.105 0.041 0.041 0.008 0.053 0.07 0.043 0.02 0.027 0.043 0.29 0.015 0.015 0.027 0.053 0.039 0.005 0.017 0.032
35 L 0.045 0.022 0.015 0.016 0.016 0.016 0.02 0.021 0.01 0.171 0.289 0.025 0.057 0.05 0.014 0.025 0.036 0.007 0.022 0.122
36 P 0.062 0.024 0.02 0.025 0.014 0.019 0.03 0.031 0.011 0.087 0.077 0.034 0.02 0.023 0.283 0.038 0.041 0.004 0.016 0.143
37 L 0.045 0.021 0.014 0.016 0.016 0.015 0.019 0.021 0.009 0.19 0.286 0.024 0.043 0.049 0.014 0.024 0.036 0.006 0.021 0.13
38 L 0.044 0.024 0.014 0.015 0.016 0.016 0.02 0.021 0.01 0.114 0.386 0.025 0.049 0.054 0.014 0.024 0.033 0.007 0.022 0.095
39 V 0.174 0.026 0.02 0.023 0.02 0.02 0.031 0.048 0.011 0.108 0.097 0.034 0.025 0.029 0.022 0.055 0.049 0.005 0.019 0.185
40 V 0.06 0.022 0.02 0.02 0.016 0.016 0.024 0.029 0.012 0.114 0.114 0.026 0.027 0.16 0.016 0.05 0.044 0.009 0.043 0.177
41 I 0.049 0.024 0.017 0.018 0.016 0.02 0.022 0.024 0.012 0.2 0.178 0.029 0.098 0.045 0.015 0.03 0.039 0.007 0.022 0.137
42 F 0.053 0.02 0.016 0.017 0.015 0.014 0.021 0.025 0.012 0.117 0.121 0.023 0.028 0.198 0.014 0.029 0.038 0.01 0.05 0.179
43 L 0.092 0.03 0.029 0.028 0.017 0.023 0.033 0.042 0.014 0.077 0.232 0.037 0.034 0.039 0.021 0.103 0.051 0.006 0.02 0.073
44 S 0.083 0.036 0.038 0.035 0.017 0.03 0.041 0.048 0.018 0.061 0.11 0.045 0.087 0.033 0.023 0.144 0.062 0.006 0.02 0.064
45 V 0.069 0.022 0.016 0.018 0.019 0.016 0.023 0.024 0.008 0.162 0.128 0.026 0.031 0.035 0.016 0.032 0.049 0.005 0.02 0.281
46 F 0.053 0.02 0.016 0.017 0.015 0.014 0.021 0.025 0.012 0.117 0.121 0.023 0.028 0.198 0.014 0.029 0.038 0.01 0.05 0.179
47 L 0.042 0.026 0.018 0.017 0.012 0.019 0.024 0.023 0.03 0.075 0.211 0.028 0.032 0.095 0.015 0.028 0.03 0.018 0.191 0.068
48 K 0.049 0.078 0.046 0.039 0.008 0.046 0.062 0.04 0.176 0.025 0.04 0.18 0.015 0.022 0.023 0.048 0.033 0.006 0.035 0.028
49 A 0.144 0.027 0.02 0.022 0.018 0.022 0.029 0.042 0.013 0.131 0.134 0.034 0.084 0.036 0.02 0.049 0.042 0.006 0.02 0.109
50 I 0.052 0.018 0.015 0.017 0.016 0.014 0.019 0.021 0.008 0.257 0.151 0.023 0.034 0.04 0.015 0.026 0.041 0.006 0.02 0.207
51 L 0.046 0.148 0.024 0.022 0.013 0.031 0.033 0.027 0.016 0.075 0.199 0.061 0.087 0.038 0.016 0.034 0.035 0.007 0.02 0.069
52 G 0.076 0.022 0.038 0.033 0.01 0.018 0.025 0.527 0.013 0.018 0.027 0.033 0.009 0.016 0.018 0.049 0.029 0.005 0.01 0.023
53 G 0.056 0.154 0.038 0.051 0.008 0.044 0.139 0.176 0.021 0.021 0.036 0.076 0.012 0.016 0.021 0.049 0.033 0.005 0.015 0.028
54 L 0.049 0.024 0.017 0.017 0.014 0.018 0.023 0.023 0.022 0.101 0.201 0.027 0.032 0.074 0.015 0.028 0.035 0.014 0.135 0.134
55 R 0.056 0.151 0.031 0.029 0.012 0.038 0.047 0.032 0.016 0.072 0.072 0.15 0.02 0.022 0.021 0.042 0.04 0.005 0.018 0.124
56 L 0.052 0.123 0.021 0.02 0.014 0.025 0.03 0.025 0.013 0.102 0.199 0.051 0.032 0.036 0.016 0.032 0.038 0.006 0.02 0.146
57 F 0.038 0.03 0.133 0.04 0.009 0.022 0.032 0.038 0.032 0.04 0.066 0.034 0.017 0.17 0.015 0.042 0.034 0.016 0.152 0.041
58 S 0.106 0.039 0.052 0.047 0.017 0.032 0.051 0.064 0.019 0.029 0.04 0.052 0.015 0.02 0.029 0.247 0.079 0.005 0.017 0.04
59 G 0.077 0.028 0.036 0.033 0.014 0.022 0.032 0.216 0.014 0.049 0.139 0.037 0.022 0.028 0.021 0.112 0.048 0.006 0.016 0.05
60 L 0.046 0.034 0.038 0.158 0.01 0.036 0.146 0.032 0.018 0.053 0.161 0.047 0.024 0.029 0.02 0.042 0.034 0.005 0.016 0.05
61 I 0.041 0.018 0.015 0.017 0.014 0.012 0.018 0.022 0.011 0.213 0.144 0.021 0.032 0.172 0.013 0.024 0.033 0.009 0.043 0.129
62 I 0.041 0.018 0.015 0.017 0.014 0.012 0.018 0.022 0.011 0.213 0.144 0.021 0.032 0.172 0.013 0.024 0.033 0.009 0.043 0.129
63 K 0.067 0.056 0.037 0.036 0.012 0.033 0.048 0.045 0.018 0.037 0.061 0.132 0.018 0.131 0.023 0.113 0.049 0.008 0.037 0.041
64 Y 0.037 0.024 0.02 0.018 0.009 0.018 0.024 0.024 0.037 0.048 0.079 0.027 0.02 0.208 0.014 0.028 0.026 0.024 0.267 0.047
65 Y 0.039 0.027 0.021 0.018 0.009 0.021 0.027 0.024 0.045 0.042 0.066 0.03 0.018 0.126 0.015 0.03 0.027 0.027 0.342 0.045
66 F 0.038 0.023 0.017 0.016 0.011 0.016 0.022 0.023 0.025 0.069 0.178 0.024 0.029 0.205 0.013 0.026 0.028 0.017 0.158 0.062
67 I 0.047 0.019 0.015 0.017 0.015 0.013 0.019 0.023 0.011 0.173 0.133 0.022 0.03 0.17 0.013 0.026 0.036 0.009 0.043 0.165
68 F 0.037 0.018 0.016 0.017 0.012 0.011 0.018 0.023 0.014 0.145 0.129 0.02 0.028 0.279 0.012 0.024 0.029 0.013 0.062 0.095
69 V 0.149 0.023 0.019 0.021 0.019 0.018 0.027 0.041 0.01 0.157 0.112 0.031 0.027 0.032 0.02 0.047 0.045 0.005 0.019 0.178
70 L 0.039 0.022 0.015 0.015 0.014 0.014 0.019 0.022 0.012 0.094 0.295 0.022 0.04 0.179 0.012 0.024 0.029 0.01 0.044 0.079
71 L 0.052 0.023 0.014 0.016 0.017 0.016 0.021 0.022 0.009 0.128 0.301 0.025 0.042 0.046 0.014 0.026 0.038 0.006 0.021 0.164
72 S 0.167 0.036 0.044 0.042 0.018 0.03 0.047 0.067 0.017 0.032 0.045 0.05 0.016 0.02 0.029 0.199 0.07 0.005 0.017 0.048
73 L 0.05 0.023 0.014 0.015 0.016 0.016 0.02 0.022 0.009 0.125 0.319 0.025 0.043 0.047 0.014 0.026 0.037 0.006 0.021 0.151
74 C 0.048 0.017 0.016 0.016 0.186 0.012 0.017 0.026 0.011 0.114 0.106 0.02 0.024 0.164 0.013 0.03 0.033 0.009 0.04 0.096
75 W 0.029 0.022 0.015 0.015 0.007 0.015 0.022 0.029 0.015 0.029 0.051 0.022 0.015 0.058 0.007 0.022 0.022 0.51 0.066 0.029
76 L 0.052 0.021 0.015 0.016 0.017 0.015 0.02 0.022 0.009 0.191 0.217 0.024 0.042 0.043 0.015 0.027 0.04 0.006 0.02 0.189
77 L 0.042 0.023 0.016 0.016 0.013 0.017 0.021 0.022 0.021 0.14 0.218 0.026 0.034 0.075 0.014 0.026 0.032 0.013 0.132 0.098
78 I 0.05 0.018 0.015 0.017 0.016 0.014 0.018 0.021 0.008 0.262 0.161 0.023 0.035 0.041 0.015 0.026 0.04 0.006 0.02 0.195
79 G 0.074 0.033 0.038 0.032 0.01 0.019 0.025 0.513 0.013 0.018 0.028 0.035 0.009 0.016 0.018 0.049 0.029 0.005 0.011 0.024
80 A 0.231 0.029 0.022 0.025 0.019 0.029 0.035 0.059 0.013 0.061 0.153 0.039 0.026 0.03 0.024 0.065 0.043 0.006 0.018 0.073
81 L 0.043 0.023 0.014 0.015 0.015 0.015 0.019 0.021 0.01 0.11 0.389 0.024 0.047 0.064 0.014 0.023 0.032 0.007 0.023 0.091
82 N 0.04 0.038 0.232 0.059 0.009 0.029 0.04 0.049 0.035 0.029 0.043 0.044 0.013 0.055 0.018 0.054 0.04 0.012 0.128 0.033
83 D 0.052 0.027 0.065 0.276 0.008 0.025 0.065 0.212 0.017 0.02 0.027 0.04 0.009 0.015 0.02 0.051 0.033 0.004 0.011 0.023
84 G 0.051 0.048 0.147 0.05 0.009 0.03 0.043 0.184 0.145 0.021 0.032 0.046 0.012 0.021 0.019 0.052 0.034 0.006 0.028 0.024
85 D 0.137 0.029 0.038 0.164 0.013 0.025 0.053 0.05 0.025 0.035 0.049 0.039 0.014 0.049 0.022 0.056 0.037 0.011 0.109 0.045
86 D 0.122 0.025 0.036 0.163 0.014 0.022 0.049 0.045 0.014 0.125 0.084 0.036 0.021 0.026 0.021 0.05 0.04 0.005 0.016 0.088
87 R 0.048 0.157 0.032 0.031 0.01 0.104 0.057 0.031 0.02 0.105 0.08 0.077 0.023 0.024 0.019 0.041 0.037 0.006 0.019 0.079
88 A 0.316 0.03 0.025 0.029 0.021 0.025 0.039 0.075 0.014 0.042 0.057 0.043 0.017 0.021 0.029 0.082 0.048 0.005 0.017 0.066
89 L 0.043 0.023 0.014 0.015 0.016 0.016 0.019 0.021 0.01 0.111 0.398 0.024 0.048 0.053 0.014 0.023 0.032 0.007 0.021 0.093
90 F 0.074 0.028 0.037 0.033 0.013 0.021 0.034 0.152 0.017 0.037 0.061 0.036 0.017 0.153 0.02 0.128 0.049 0.009 0.039 0.041
91 D 0.042 0.029 0.066 0.408 0.008 0.029 0.087 0.045 0.018 0.022 0.027 0.043 0.009 0.015 0.022 0.056 0.036 0.004 0.011 0.024
92 C 0.066 0.017 0.017 0.017 0.474 0.012 0.017 0.033 0.008 0.046 0.066 0.021 0.017 0.021 0.017 0.041 0.037 0.004 0.012 0.058
93 A 0.235 0.033 0.044 0.037 0.019 0.027 0.043 0.071 0.016 0.037 0.051 0.046 0.016 0.02 0.028 0.139 0.059 0.005 0.017 0.056
94 F 0.037 0.029 0.016 0.017 0.012 0.012 0.019 0.023 0.014 0.141 0.126 0.023 0.028 0.271 0.012 0.025 0.03 0.012 0.061 0.093
95 R 0.043 0.369 0.037 0.03 0.008 0.047 0.05 0.032 0.022 0.022 0.045 0.116 0.015 0.017 0.019 0.043 0.034 0.006 0.017 0.03
96 L 0.052 0.023 0.015 0.016 0.017 0.016 0.021 0.022 0.009 0.125 0.298 0.025 0.041 0.046 0.015 0.028 0.045 0.006 0.021 0.16
97 Y 0.04 0.027 0.022 0.019 0.009 0.021 0.027 0.024 0.044 0.042 0.066 0.03 0.018 0.123 0.015 0.032 0.034 0.026 0.334 0.046
98 V 0.06 0.02 0.016 0.018 0.017 0.015 0.021 0.023 0.008 0.202 0.135 0.025 0.032 0.037 0.016 0.031 0.051 0.005 0.02 0.248
99 I 0.053 0.018 0.015 0.017 0.017 0.014 0.019 0.021 0.008 0.252 0.149 0.023 0.034 0.04 0.015 0.027 0.041 0.006 0.02 0.212
100 F 0.032 0.018 0.016 0.016 0.01 0.01 0.018 0.024 0.016 0.061 0.11 0.018 0.024 0.41 0.01 0.024 0.024 0.016 0.085 0.053
101 S 0.087 0.036 0.041 0.038 0.016 0.03 0.043 0.052 0.017 0.051 0.09 0.046 0.074 0.029 0.024 0.178 0.065 0.006 0.019 0.056
102 L 0.135 0.023 0.017 0.02 0.017 0.018 0.025 0.039 0.011 0.151 0.206 0.03 0.033 0.039 0.019 0.043 0.039 0.006 0.019 0.11
103 I 0.052 0.017 0.015 0.017 0.178 0.013 0.017 0.024 0.008 0.209 0.127 0.022 0.029 0.035 0.015 0.029 0.038 0.005 0.017 0.135
104 Y 0.037 0.024 0.019 0.017 0.009 0.017 0.024 0.024 0.035 0.048 0.081 0.026 0.02 0.221 0.013 0.028 0.026 0.023 0.258 0.048
105 L 0.134 0.026 0.017 0.019 0.017 0.019 0.026 0.039 0.011 0.088 0.285 0.03 0.037 0.042 0.019 0.043 0.037 0.006 0.02 0.084
106 L 0.057 0.021 0.015 0.016 0.017 0.015 0.021 0.022 0.009 0.155 0.22 0.025 0.037 0.041 0.015 0.028 0.042 0.006 0.02 0.217
107 L 0.043 0.023 0.014 0.015 0.016 0.016 0.019 0.02 0.01 0.111 0.4 0.024 0.048 0.053 0.014 0.023 0.032 0.007 0.021 0.092
108 A 0.141 0.026 0.02 0.021 0.016 0.02 0.029 0.041 0.022 0.081 0.083 0.033 0.022 0.06 0.02 0.048 0.041 0.012 0.127 0.136
109 L 0.044 0.021 0.014 0.015 0.016 0.015 0.019 0.02 0.009 0.174 0.32 0.024 0.044 0.049 0.014 0.024 0.034 0.006 0.021 0.118
110 W 0.036 0.031 0.029 0.023 0.008 0.024 0.033 0.03 0.146 0.031 0.051 0.032 0.016 0.071 0.014 0.031 0.025 0.182 0.155 0.032
111 L 0.052 0.02 0.015 0.016 0.017 0.015 0.02 0.021 0.009 0.189 0.229 0.024 0.038 0.043 0.015 0.026 0.039 0.006 0.02 0.186
112 S 0.089 0.04 0.048 0.057 0.014 0.039 0.123 0.084 0.02 0.026 0.038 0.056 0.014 0.019 0.027 0.184 0.064 0.005 0.016 0.036
113 N 0.043 0.043 0.334 0.079 0.009 0.032 0.048 0.063 0.03 0.022 0.031 0.052 0.011 0.017 0.02 0.073 0.048 0.004 0.015 0.026
114 F 0.131 0.139 0.026 0.025 0.013 0.027 0.036 0.044 0.018 0.042 0.071 0.059 0.019 0.149 0.019 0.05 0.035 0.009 0.04 0.05
115 D 0.039 0.029 0.066 0.421 0.007 0.029 0.088 0.045 0.018 0.022 0.027 0.043 0.009 0.014 0.022 0.05 0.034 0.004 0.011 0.023
116 Y 0.037 0.024 0.019 0.017 0.009 0.017 0.024 0.024 0.035 0.048 0.081 0.026 0.02 0.221 0.013 0.028 0.026 0.023 0.258 0.048
117 L 0.051 0.028 0.025 0.023 0.014 0.021 0.028 0.029 0.023 0.068 0.176 0.033 0.028 0.067 0.018 0.047 0.112 0.013 0.128 0.069
118 R 0.072 0.146 0.04 0.037 0.012 0.034 0.047 0.046 0.018 0.026 0.04 0.07 0.014 0.017 0.143 0.131 0.053 0.005 0.016 0.034
119 L 0.041 0.037 0.136 0.044 0.011 0.028 0.039 0.04 0.14 0.052 0.156 0.04 0.024 0.033 0.017 0.044 0.035 0.006 0.031 0.047
120 I 0.136 0.021 0.018 0.021 0.017 0.017 0.024 0.038 0.01 0.213 0.127 0.029 0.029 0.035 0.019 0.043 0.042 0.006 0.019 0.135
121 L 0.038 0.023 0.032 0.15 0.011 0.018 0.042 0.03 0.015 0.064 0.179 0.029 0.027 0.159 0.015 0.033 0.03 0.009 0.039 0.056
122 S 0.089 0.06 0.048 0.045 0.014 0.038 0.056 0.056 0.019 0.028 0.041 0.137 0.015 0.018 0.028 0.184 0.065 0.005 0.017 0.037
123 F 0.061 0.025 0.027 0.027 0.014 0.018 0.029 0.036 0.014 0.13 0.104 0.031 0.025 0.158 0.018 0.099 0.047 0.009 0.041 0.088
124 F 0.051 0.024 0.024 0.023 0.015 0.017 0.025 0.029 0.013 0.124 0.108 0.028 0.026 0.158 0.017 0.047 0.114 0.009 0.041 0.109
125 S 0.087 0.036 0.041 0.038 0.016 0.03 0.043 0.052 0.017 0.051 0.09 0.046 0.074 0.029 0.024 0.178 0.065 0.006 0.019 0.056
126 L 0.051 0.023 0.014 0.015 0.017 0.016 0.02 0.022 0.009 0.127 0.308 0.025 0.042 0.047 0.014 0.026 0.037 0.006 0.021 0.161
127 S 0.174 0.035 0.042 0.04 0.018 0.029 0.046 0.066 0.017 0.034 0.048 0.048 0.016 0.032 0.028 0.187 0.067 0.005 0.019 0.049
128 A 0.235 0.031 0.03 0.031 0.02 0.025 0.039 0.064 0.014 0.045 0.059 0.043 0.018 0.021 0.028 0.084 0.124 0.005 0.017 0.067
129 I 0.041 0.017 0.015 0.017 0.014 0.012 0.017 0.021 0.011 0.22 0.144 0.021 0.032 0.165 0.013 0.024 0.034 0.009 0.042 0.131
130 L 0.054 0.021 0.022 0.021 0.014 0.016 0.02 0.19 0.01 0.143 0.196 0.026 0.031 0.037 0.015 0.032 0.033 0.006 0.017 0.095
131 I 0.045 0.017 0.014 0.017 0.016 0.013 0.017 0.02 0.008 0.299 0.161 0.023 0.035 0.042 0.014 0.024 0.038 0.006 0.02 0.17
132 G 0.142 0.023 0.026 0.026 0.014 0.018 0.027 0.21 0.014 0.04 0.065 0.031 0.017 0.149 0.019 0.052 0.034 0.009 0.038 0.047
133 F 0.105 0.021 0.018 0.019 0.014 0.014 0.024 0.037 0.015 0.065 0.098 0.025 0.023 0.282 0.015 0.039 0.032 0.013 0.063 0.078
134 F 0.037 0.018 0.016 0.017 0.012 0.011 0.018 0.023 0.014 0.14 0.127 0.02 0.028 0.288 0.012 0.024 0.029 0.013 0.064 0.092
135 C 0.077 0.023 0.028 0.026 0.341 0.018 0.027 0.042 0.011 0.038 0.055 0.03 0.015 0.02 0.02 0.109 0.05 0.004 0.013 0.05
136 F 0.036 0.02 0.015 0.016 0.012 0.012 0.019 0.023 0.014 0.078 0.206 0.02 0.032 0.291 0.011 0.024 0.027 0.013 0.064 0.066
137 Y 0.04 0.026 0.019 0.017 0.011 0.019 0.024 0.023 0.033 0.065 0.177 0.028 0.028 0.101 0.015 0.028 0.029 0.02 0.237 0.061
138 V 0.081 0.031 0.037 0.033 0.017 0.025 0.037 0.043 0.013 0.079 0.076 0.04 0.021 0.026 0.024 0.124 0.134 0.005 0.018 0.135
139 L 0.052 0.02 0.015 0.016 0.017 0.015 0.02 0.021 0.009 0.189 0.229 0.024 0.038 0.043 0.015 0.026 0.039 0.006 0.02 0.186
140 I 0.041 0.017 0.015 0.017 0.014 0.012 0.017 0.021 0.011 0.22 0.144 0.021 0.032 0.165 0.013 0.024 0.034 0.009 0.042 0.131
141 D 0.044 0.035 0.057 0.309 0.007 0.04 0.166 0.041 0.02 0.021 0.03 0.053 0.01 0.015 0.023 0.051 0.034 0.004 0.012 0.026
142 A 0.234 0.027 0.022 0.025 0.02 0.022 0.033 0.058 0.012 0.08 0.08 0.037 0.021 0.025 0.024 0.065 0.048 0.005 0.018 0.143
143 L 0.05 0.024 0.017 0.017 0.014 0.017 0.023 0.023 0.021 0.104 0.197 0.026 0.032 0.071 0.015 0.028 0.036 0.013 0.128 0.145
144 Y 0.039 0.027 0.021 0.018 0.009 0.021 0.027 0.024 0.045 0.042 0.066 0.03 0.018 0.126 0.015 0.03 0.027 0.027 0.344 0.045
145 P 0.067 0.036 0.139 0.052 0.012 0.028 0.044 0.054 0.02 0.025 0.035 0.048 0.012 0.017 0.187 0.12 0.054 0.004 0.015 0.032
146 L 0.05 0.022 0.014 0.015 0.016 0.016 0.02 0.021 0.009 0.131 0.309 0.025 0.042 0.047 0.014 0.026 0.037 0.006 0.021 0.157
147 S 0.086 0.042 0.056 0.061 0.013 0.042 0.141 0.054 0.021 0.026 0.038 0.059 0.014 0.019 0.027 0.179 0.063 0.005 0.016 0.036
148 L 0.064 0.028 0.026 0.025 0.016 0.021 0.03 0.035 0.013 0.083 0.28 0.034 0.037 0.042 0.019 0.099 0.048 0.006 0.02 0.075
149 L 0.04 0.02 0.015 0.016 0.014 0.013 0.018 0.022 0.011 0.157 0.224 0.022 0.036 0.169 0.013 0.024 0.032 0.01 0.042 0.105
150 P 0.05 0.031 0.129 0.047 0.009 0.024 0.039 0.044 0.018 0.024 0.033 0.044 0.01 0.014 0.348 0.05 0.039 0.003 0.013 0.029
151 D 0.041 0.028 0.074 0.254 0.01 0.025 0.061 0.038 0.016 0.051 0.151 0.038 0.022 0.027 0.019 0.043 0.035 0.005 0.015 0.047
152 F 0.051 0.029 0.024 0.04 0.012 0.029 0.121 0.027 0.016 0.08 0.09 0.039 0.022 0.154 0.017 0.036 0.036 0.009 0.04 0.127
153 L 0.044 0.019 0.014 0.016 0.016 0.014 0.018 0.02 0.009 0.236 0.241 0.023 0.039 0.046 0.014 0.024 0.036 0.006 0.02 0.144
154 R 0.047 0.281 0.038 0.033 0.008 0.048 0.056 0.035 0.022 0.024 0.044 0.179 0.015 0.016 0.021 0.046 0.035 0.005 0.017 0.03
155 D 0.054 0.051 0.041 0.159 0.011 0.032 0.059 0.037 0.015 0.069 0.065 0.125 0.018 0.021 0.021 0.044 0.04 0.005 0.016 0.117
156 E 0.053 0.048 0.039 0.087 0.007 0.062 0.324 0.034 0.025 0.021 0.035 0.073 0.012 0.016 0.025 0.053 0.035 0.005 0.016 0.03
157 L 0.048 0.028 0.017 0.018 0.016 0.023 0.024 0.025 0.014 0.101 0.259 0.031 0.144 0.048 0.015 0.031 0.036 0.007 0.023 0.09
158 F 0.038 0.029 0.127 0.038 0.009 0.021 0.031 0.037 0.03 0.042 0.069 0.033 0.018 0.185 0.015 0.04 0.033 0.016 0.148 0.041
159 L 0.051 0.023 0.014 0.015 0.017 0.016 0.02 0.022 0.009 0.127 0.308 0.025 0.042 0.047 0.014 0.026 0.037 0.006 0.021 0.161
160 E 0.052 0.05 0.034 0.05 0.01 0.111 0.15 0.033 0.023 0.048 0.09 0.065 0.075 0.025 0.021 0.047 0.038 0.006 0.02 0.051
161 V 0.143 0.023 0.018 0.021 0.018 0.018 0.026 0.04 0.01 0.166 0.115 0.03 0.028 0.033 0.02 0.046 0.045 0.005 0.019 0.178
162 G 0.075 0.022 0.038 0.032 0.01 0.018 0.025 0.529 0.013 0.018 0.027 0.032 0.009 0.016 0.018 0.049 0.029 0.005 0.01 0.023
163 V 0.06 0.02 0.015 0.017 0.017 0.015 0.021 0.022 0.008 0.205 0.137 0.024 0.032 0.037 0.015 0.029 0.044 0.005 0.02 0.255
164 H 0.04 0.044 0.051 0.037 0.007 0.037 0.051 0.037 0.38 0.022 0.037 0.044 0.015 0.029 0.018 0.04 0.026 0.007 0.055 0.022
165 D 0.044 0.035 0.057 0.309 0.007 0.04 0.166 0.041 0.02 0.021 0.03 0.053 0.01 0.015 0.023 0.051 0.034 0.004 0.012 0.026
166 G 0.075 0.022 0.038 0.032 0.01 0.018 0.025 0.529 0.013 0.018 0.027 0.032 0.009 0.016 0.018 0.049 0.029 0.005 0.01 0.023
167 Y 0.039 0.033 0.031 0.024 0.008 0.026 0.035 0.028 0.157 0.035 0.056 0.035 0.017 0.094 0.016 0.033 0.027 0.02 0.248 0.037
168 T 0.058 0.029 0.033 0.029 0.015 0.021 0.031 0.036 0.014 0.054 0.078 0.035 0.021 0.152 0.021 0.068 0.192 0.009 0.04 0.063
169 Q 0.049 0.062 0.045 0.042 0.008 0.176 0.083 0.039 0.145 0.024 0.042 0.073 0.018 0.019 0.021 0.049 0.035 0.006 0.032 0.03
170 L 0.045 0.026 0.016 0.016 0.016 0.019 0.022 0.023 0.012 0.106 0.329 0.028 0.096 0.051 0.014 0.027 0.034 0.007 0.022 0.091
171 N 0.052 0.036 0.241 0.064 0.009 0.028 0.04 0.218 0.025 0.02 0.029 0.045 0.01 0.017 0.019 0.061 0.041 0.005 0.014 0.025
172 N 0.041 0.043 0.343 0.08 0.009 0.032 0.047 0.063 0.03 0.022 0.03 0.052 0.011 0.017 0.019 0.067 0.047 0.004 0.015 0.026
173 V 0.051 0.027 0.124 0.038 0.014 0.02 0.029 0.035 0.016 0.16 0.106 0.033 0.026 0.031 0.016 0.041 0.044 0.005 0.018 0.164
174 N 0.063 0.042 0.246 0.069 0.011 0.032 0.048 0.063 0.026 0.024 0.034 0.052 0.012 0.018 0.022 0.128 0.058 0.005 0.016 0.031
175 I 0.053 0.018 0.015 0.017 0.017 0.014 0.019 0.021 0.008 0.252 0.149 0.023 0.034 0.04 0.015 0.027 0.041 0.006 0.02 0.212
176 G 0.064 0.029 0.139 0.048 0.01 0.023 0.032 0.374 0.019 0.019 0.028 0.039 0.01 0.016 0.019 0.055 0.035 0.005 0.012 0.024
177 S 0.087 0.036 0.041 0.038 0.016 0.03 0.043 0.052 0.017 0.051 0.09 0.046 0.074 0.029 0.024 0.178 0.065 0.006 0.019 0.056
178 L 0.042 0.025 0.016 0.016 0.013 0.017 0.022 0.022 0.021 0.088 0.288 0.026 0.038 0.077 0.014 0.026 0.03 0.014 0.129 0.077
179 C 0.067 0.024 0.028 0.026 0.177 0.018 0.028 0.04 0.014 0.044 0.071 0.03 0.018 0.15 0.018 0.104 0.046 0.008 0.038 0.049
180 F 0.032 0.018 0.016 0.016 0.01 0.01 0.018 0.024 0.016 0.061 0.11 0.018 0.024 0.41 0.01 0.024 0.024 0.016 0.085 0.053
181 L 0.053 0.025 0.023 0.023 0.016 0.018 0.025 0.027 0.01 0.154 0.208 0.03 0.034 0.039 0.018 0.046 0.115 0.006 0.019 0.11
182 V 0.059 0.022 0.015 0.016 0.017 0.016 0.021 0.023 0.008 0.143 0.217 0.025 0.036 0.04 0.015 0.029 0.042 0.006 0.02 0.229
183 P 0.055 0.025 0.022 0.03 0.01 0.02 0.035 0.035 0.012 0.025 0.035 0.04 0.01 0.012 0.513 0.042 0.035 0.002 0.012 0.03
184 F 0.032 0.018 0.016 0.016 0.01 0.01 0.018 0.024 0.016 0.061 0.11 0.018 0.024 0.41 0.01 0.024 0.024 0.016 0.085 0.053
185 L 0.043 0.023 0.014 0.015 0.016 0.016 0.019 0.02 0.01 0.111 0.4 0.024 0.048 0.053 0.014 0.023 0.032 0.007 0.021 0.092
186 L 0.039 0.022 0.015 0.015 0.014 0.014 0.019 0.022 0.012 0.094 0.303 0.022 0.04 0.172 0.012 0.024 0.03 0.01 0.043 0.079
187 S 0.106 0.039 0.052 0.047 0.017 0.032 0.05 0.064 0.018 0.029 0.04 0.052 0.015 0.02 0.029 0.25 0.079 0.005 0.017 0.04
188 A 0.152 0.029 0.031 0.031 0.016 0.022 0.036 0.054 0.016 0.044 0.069 0.038 0.019 0.15 0.022 0.119 0.05 0.009 0.04 0.053
189 L 0.051 0.023 0.014 0.015 0.017 0.016 0.02 0.022 0.009 0.127 0.308 0.025 0.042 0.047 0.014 0.026 0.037 0.006 0.021 0.161
190 L 0.052 0.02 0.015 0.016 0.017 0.015 0.02 0.021 0.009 0.189 0.229 0.024 0.038 0.043 0.015 0.026 0.039 0.006 0.02 0.186
191 L 0.052 0.023 0.016 0.017 0.178 0.018 0.021 0.026 0.011 0.083 0.217 0.026 0.085 0.039 0.015 0.032 0.035 0.006 0.019 0.079
192 S 0.084 0.035 0.057 0.172 0.014 0.031 0.063 0.057 0.018 0.026 0.036 0.049 0.013 0.018 0.026 0.183 0.064 0.005 0.015 0.035
193 D 0.063 0.146 0.052 0.166 0.011 0.036 0.063 0.047 0.02 0.024 0.037 0.07 0.013 0.017 0.023 0.114 0.049 0.005 0.015 0.031
194 G 0.065 0.036 0.039 0.061 0.009 0.041 0.168 0.277 0.019 0.02 0.032 0.054 0.011 0.016 0.022 0.052 0.033 0.005 0.013 0.027
195 L 0.045 0.024 0.014 0.015 0.016 0.016 0.02 0.021 0.01 0.115 0.375 0.025 0.05 0.055 0.014 0.024 0.033 0.007 0.022 0.096
196 G 0.092 0.031 0.046 0.04 0.014 0.026 0.038 0.292 0.016 0.024 0.034 0.043 0.012 0.018 0.024 0.143 0.055 0.005 0.014 0.032
197 K 0.055 0.128 0.04 0.04 0.008 0.052 0.068 0.041 0.021 0.027 0.043 0.276 0.015 0.015 0.026 0.052 0.038 0.005 0.017 0.032
198 K 0.052 0.176 0.039 0.037 0.008 0.05 0.063 0.039 0.021 0.025 0.042 0.254 0.015 0.015 0.024 0.049 0.037 0.005 0.017 0.031
199 A 0.132 0.033 0.13 0.042 0.013 0.026 0.038 0.054 0.03 0.035 0.051 0.042 0.015 0.055 0.021 0.06 0.041 0.012 0.125 0.046
200 P 0.056 0.143 0.034 0.032 0.012 0.031 0.041 0.036 0.016 0.033 0.047 0.066 0.015 0.017 0.186 0.058 0.115 0.005 0.015 0.043
201 F 0.037 0.018 0.016 0.017 0.012 0.011 0.018 0.023 0.014 0.14 0.127 0.02 0.028 0.288 0.012 0.024 0.029 0.013 0.064 0.092
202 L 0.042 0.022 0.016 0.017 0.013 0.016 0.021 0.021 0.021 0.151 0.209 0.026 0.034 0.074 0.014 0.026 0.032 0.013 0.128 0.102
203 L 0.039 0.022 0.015 0.015 0.014 0.014 0.019 0.022 0.012 0.094 0.303 0.022 0.04 0.172 0.012 0.024 0.03 0.01 0.043 0.079
204 F 0.035 0.021 0.018 0.017 0.01 0.014 0.021 0.024 0.026 0.055 0.095 0.022 0.022 0.316 0.012 0.026 0.025 0.02 0.172 0.05
205 F 0.051 0.02 0.016 0.017 0.015 0.013 0.021 0.025 0.012 0.112 0.12 0.022 0.028 0.217 0.013 0.029 0.037 0.011 0.054 0.169
206 A 0.247 0.033 0.034 0.035 0.019 0.027 0.043 0.071 0.016 0.037 0.052 0.046 0.016 0.021 0.029 0.138 0.058 0.005 0.017 0.058
207 L 0.044 0.021 0.014 0.015 0.016 0.015 0.019 0.02 0.009 0.174 0.32 0.024 0.044 0.049 0.014 0.024 0.034 0.006 0.021 0.118
208 I 0.048 0.019 0.015 0.017 0.015 0.013 0.019 0.023 0.011 0.171 0.14 0.022 0.031 0.163 0.013 0.026 0.036 0.009 0.042 0.167
209 L 0.044 0.021 0.014 0.015 0.016 0.015 0.019 0.02 0.009 0.174 0.32 0.024 0.044 0.049 0.014 0.024 0.034 0.006 0.021 0.118
210 G 0.085 0.028 0.042 0.037 0.013 0.023 0.033 0.374 0.015 0.022 0.032 0.039 0.011 0.017 0.022 0.116 0.045 0.005 0.013 0.029
211 L 0.05 0.021 0.015 0.016 0.016 0.016 0.02 0.022 0.009 0.184 0.235 0.025 0.053 0.044 0.015 0.027 0.038 0.006 0.021 0.168
212 L 0.135 0.023 0.017 0.02 0.017 0.018 0.025 0.039 0.011 0.151 0.206 0.03 0.033 0.039 0.019 0.043 0.039 0.006 0.019 0.11
213 A 0.247 0.033 0.034 0.035 0.019 0.027 0.043 0.071 0.016 0.037 0.052 0.046 0.016 0.021 0.029 0.138 0.058 0.005 0.017 0.058
214 V 0.151 0.024 0.019 0.021 0.019 0.019 0.028 0.041 0.01 0.119 0.103 0.031 0.026 0.03 0.02 0.048 0.048 0.005 0.019 0.22
215 L 0.044 0.021 0.014 0.015 0.016 0.015 0.019 0.02 0.009 0.174 0.32 0.024 0.044 0.049 0.014 0.024 0.034 0.006 0.021 0.118
216 L 0.043 0.023 0.014 0.015 0.016 0.016 0.019 0.02 0.01 0.111 0.4 0.024 0.048 0.053 0.014 0.023 0.032 0.007 0.021 0.092
217 A 0.317 0.03 0.025 0.029 0.021 0.025 0.039 0.075 0.014 0.042 0.057 0.043 0.017 0.021 0.029 0.082 0.048 0.005 0.017 0.066
218 G 0.096 0.033 0.047 0.042 0.015 0.027 0.042 0.219 0.017 0.025 0.036 0.045 0.013 0.019 0.025 0.183 0.062 0.005 0.015 0.035
219 R 0.043 0.37 0.037 0.03 0.007 0.047 0.05 0.032 0.022 0.022 0.045 0.116 0.015 0.017 0.019 0.043 0.034 0.006 0.017 0.03
220 R 0.043 0.37 0.037 0.03 0.007 0.047 0.05 0.032 0.022 0.022 0.045 0.116 0.015 0.017 0.019 0.043 0.034 0.006 0.017 0.03
221 I 0.136 0.021 0.018 0.021 0.017 0.017 0.024 0.038 0.01 0.213 0.127 0.029 0.029 0.035 0.019 0.043 0.042 0.006 0.019 0.135
222 L 0.044 0.019 0.014 0.016 0.016 0.014 0.018 0.02 0.009 0.236 0.241 0.023 0.039 0.046 0.014 0.024 0.036 0.006 0.02 0.144
223 L 0.053 0.025 0.016 0.017 0.017 0.019 0.023 0.024 0.011 0.122 0.238 0.028 0.09 0.044 0.015 0.03 0.039 0.007 0.021 0.159
224 L 0.039 0.022 0.015 0.015 0.014 0.014 0.019 0.022 0.012 0.094 0.303 0.022 0.04 0.172 0.012 0.024 0.03 0.01 0.043 0.079
225 L 0.044 0.021 0.014 0.015 0.016 0.015 0.019 0.02 0.009 0.174 0.32 0.024 0.044 0.049 0.014 0.024 0.034 0.006 0.021 0.118
226 L 0.04 0.02 0.015 0.016 0.014 0.013 0.018 0.022 0.011 0.157 0.224 0.022 0.036 0.169 0.013 0.024 0.032 0.01 0.042 0.105
227 L 0.053 0.025 0.016 0.017 0.017 0.019 0.023 0.024 0.011 0.122 0.238 0.028 0.09 0.044 0.015 0.03 0.039 0.007 0.021 0.159
228 L 0.045 0.026 0.016 0.016 0.016 0.019 0.022 0.023 0.012 0.106 0.329 0.028 0.096 0.051 0.014 0.027 0.034 0.007 0.022 0.091
229 V 0.068 0.025 0.024 0.023 0.018 0.019 0.028 0.03 0.01 0.123 0.104 0.031 0.027 0.03 0.019 0.051 0.123 0.005 0.019 0.221
230 P 0.055 0.025 0.022 0.03 0.01 0.02 0.035 0.035 0.012 0.025 0.035 0.04 0.01 0.012 0.513 0.042 0.035 0.002 0.012 0.03
231 F 0.036 0.02 0.015 0.016 0.012 0.012 0.019 0.023 0.014 0.078 0.206 0.02 0.032 0.291 0.011 0.024 0.027 0.013 0.064 0.066
232 L 0.044 0.021 0.014 0.015 0.016 0.015 0.019 0.02 0.009 0.174 0.32 0.024 0.044 0.049 0.014 0.024 0.034 0.006 0.021 0.118
233 C 0.15 0.027 0.027 0.027 0.18 0.021 0.031 0.049 0.012 0.045 0.061 0.035 0.017 0.021 0.024 0.07 0.12 0.005 0.015 0.063
234 L 0.057 0.021 0.015 0.016 0.017 0.015 0.021 0.022 0.009 0.155 0.22 0.025 0.037 0.041 0.015 0.028 0.042 0.006 0.02 0.217
235 V 0.048 0.019 0.015 0.017 0.015 0.013 0.019 0.023 0.011 0.173 0.132 0.022 0.03 0.162 0.013 0.027 0.037 0.009 0.042 0.173
236 V 0.048 0.019 0.015 0.017 0.015 0.013 0.019 0.023 0.011 0.173 0.132 0.022 0.03 0.162 0.013 0.027 0.037 0.009 0.042 0.173
237 D 0.041 0.147 0.149 0.177 0.008 0.036 0.062 0.046 0.024 0.022 0.034 0.07 0.012 0.016 0.02 0.053 0.038 0.004 0.014 0.026
238 W 0.038 0.138 0.022 0.02 0.01 0.026 0.031 0.027 0.016 0.054 0.165 0.054 0.026 0.043 0.013 0.029 0.029 0.175 0.035 0.05
239 F 0.034 0.019 0.017 0.017 0.011 0.011 0.019 0.025 0.017 0.063 0.114 0.019 0.025 0.387 0.011 0.025 0.025 0.017 0.089 0.055
240 I 0.044 0.018 0.015 0.017 0.014 0.012 0.018 0.022 0.011 0.203 0.14 0.022 0.031 0.164 0.013 0.025 0.035 0.009 0.042 0.146
241 T 0.09 0.037 0.048 0.042 0.017 0.03 0.045 0.054 0.016 0.041 0.052 0.049 0.017 0.022 0.028 0.163 0.171 0.005 0.017 0.055
242 G 0.074 0.029 0.04 0.035 0.014 0.023 0.032 0.281 0.013 0.035 0.046 0.039 0.014 0.02 0.023 0.071 0.145 0.006 0.014 0.047
243 K 0.062 0.063 0.028 0.029 0.014 0.034 0.046 0.033 0.014 0.094 0.085 0.159 0.023 0.025 0.022 0.042 0.044 0.005 0.019 0.158
244 L 0.076 0.032 0.033 0.031 0.017 0.024 0.036 0.043 0.014 0.071 0.214 0.039 0.032 0.037 0.022 0.13 0.057 0.006 0.02 0.068
245 N 0.075 0.042 0.192 0.065 0.013 0.033 0.05 0.064 0.025 0.026 0.036 0.053 0.013 0.019 0.024 0.152 0.064 0.005 0.016 0.034
246 I 0.053 0.018 0.015 0.017 0.017 0.014 0.019 0.021 0.008 0.252 0.149 0.023 0.034 0.04 0.015 0.027 0.041 0.006 0.02 0.212
247 N 0.048 0.041 0.134 0.062 0.01 0.04 0.133 0.041 0.024 0.046 0.085 0.053 0.072 0.027 0.02 0.052 0.041 0.006 0.018 0.048
248 G 0.054 0.139 0.03 0.026 0.011 0.027 0.031 0.194 0.015 0.051 0.157 0.057 0.024 0.028 0.017 0.039 0.031 0.006 0.016 0.049
249 G 0.064 0.028 0.031 0.045 0.174 0.031 0.121 0.198 0.015 0.027 0.042 0.042 0.012 0.017 0.02 0.047 0.033 0.005 0.013 0.036
250 R 0.138 0.157 0.035 0.035 0.012 0.105 0.063 0.049 0.022 0.03 0.049 0.082 0.017 0.017 0.023 0.059 0.04 0.005 0.018 0.043
251 G 0.079 0.055 0.043 0.04 0.012 0.034 0.048 0.211 0.017 0.024 0.036 0.13 0.013 0.017 0.024 0.117 0.049 0.005 0.015 0.032
252 V 0.059 0.022 0.015 0.016 0.017 0.016 0.021 0.023 0.008 0.143 0.217 0.025 0.036 0.04 0.015 0.029 0.042 0.006 0.02 0.229
253 G 0.063 0.027 0.031 0.028 0.014 0.02 0.027 0.197 0.012 0.06 0.163 0.033 0.025 0.03 0.019 0.054 0.112 0.006 0.016 0.061
254 K 0.055 0.103 0.04 0.04 0.008 0.051 0.068 0.042 0.02 0.027 0.042 0.306 0.015 0.015 0.027 0.051 0.038 0.005 0.017 0.032
255 I 0.053 0.018 0.015 0.017 0.017 0.014 0.019 0.021 0.008 0.252 0.149 0.023 0.034 0.04 0.015 0.027 0.041 0.006 0.02 0.212
256 V 0.051 0.022 0.017 0.017 0.014 0.017 0.022 0.022 0.02 0.166 0.118 0.026 0.028 0.068 0.015 0.029 0.038 0.013 0.128 0.171
257 L 0.048 0.021 0.015 0.016 0.015 0.014 0.02 0.023 0.011 0.11 0.212 0.023 0.034 0.166 0.013 0.026 0.035 0.009 0.042 0.147
258 V 0.151 0.024 0.019 0.021 0.019 0.019 0.028 0.041 0.01 0.119 0.103 0.031 0.026 0.03 0.02 0.048 0.048 0.005 0.019 0.22
259 F 0.032 0.018 0.016 0.016 0.01 0.01 0.018 0.024 0.016 0.061 0.11 0.018 0.024 0.41 0.01 0.024 0.024 0.016 0.085 0.053
260 F 0.047 0.026 0.026 0.023 0.012 0.019 0.028 0.03 0.025 0.051 0.079 0.031 0.02 0.186 0.017 0.048 0.109 0.016 0.149 0.055
261 F 0.068 0.026 0.028 0.027 0.015 0.019 0.03 0.037 0.014 0.083 0.092 0.032 0.023 0.155 0.018 0.102 0.05 0.009 0.041 0.13
262 L 0.04 0.02 0.015 0.016 0.014 0.013 0.018 0.022 0.011 0.157 0.224 0.022 0.036 0.169 0.013 0.024 0.032 0.01 0.042 0.105
263 L 0.135 0.023 0.017 0.02 0.017 0.018 0.025 0.039 0.011 0.151 0.206 0.03 0.033 0.039 0.019 0.043 0.039 0.006 0.019 0.11
264 L 0.052 0.02 0.015 0.016 0.017 0.015 0.02 0.021 0.009 0.189 0.229 0.024 0.038 0.043 0.015 0.026 0.039 0.006 0.02 0.186
265 C 0.057 0.016 0.015 0.016 0.341 0.012 0.016 0.027 0.008 0.128 0.095 0.021 0.022 0.027 0.015 0.034 0.036 0.005 0.014 0.093
266 L 0.052 0.02 0.015 0.016 0.017 0.015 0.02 0.021 0.009 0.189 0.229 0.024 0.038 0.043 0.015 0.026 0.039 0.006 0.02 0.186
267 G 0.145 0.025 0.025 0.025 0.016 0.019 0.028 0.208 0.012 0.057 0.161 0.033 0.025 0.03 0.02 0.051 0.036 0.006 0.016 0.061
268 G 0.166 0.03 0.038 0.036 0.016 0.025 0.038 0.223 0.015 0.029 0.042 0.042 0.014 0.019 0.025 0.127 0.052 0.005 0.015 0.043
269 C 0.058 0.018 0.015 0.017 0.179 0.013 0.018 0.025 0.008 0.167 0.116 0.022 0.027 0.032 0.015 0.032 0.04 0.005 0.017 0.174
270 N 0.043 0.045 0.317 0.083 0.009 0.034 0.049 0.065 0.032 0.022 0.032 0.054 0.011 0.018 0.02 0.07 0.049 0.004 0.016 0.027
271 Y 0.052 0.026 0.026 0.024 0.014 0.02 0.027 0.029 0.022 0.126 0.096 0.032 0.024 0.063 0.019 0.048 0.114 0.013 0.127 0.098
272 L 0.044 0.027 0.018 0.017 0.013 0.021 0.024 0.024 0.023 0.083 0.218 0.03 0.086 0.075 0.015 0.029 0.033 0.014 0.13 0.075
273 L 0.045 0.026 0.016 0.016 0.016 0.019 0.022 0.023 0.012 0.106 0.329 0.028 0.096 0.051 0.014 0.027 0.034 0.007 0.022 0.091
274 D 0.132 0.028 0.037 0.156 0.012 0.025 0.051 0.048 0.026 0.035 0.05 0.039 0.015 0.054 0.022 0.054 0.036 0.012 0.124 0.045
275 L 0.054 0.023 0.022 0.021 0.014 0.016 0.021 0.19 0.011 0.08 0.275 0.027 0.035 0.04 0.015 0.032 0.031 0.006 0.018 0.069
276 F 0.036 0.02 0.015 0.016 0.012 0.012 0.019 0.023 0.014 0.078 0.206 0.02 0.032 0.291 0.011 0.024 0.027 0.013 0.064 0.066
277 D 0.049 0.031 0.142 0.173 0.011 0.026 0.053 0.044 0.019 0.067 0.061 0.04 0.017 0.022 0.019 0.05 0.043 0.004 0.015 0.115
278 E 0.055 0.05 0.04 0.09 0.007 0.064 0.296 0.035 0.026 0.022 0.037 0.076 0.013 0.017 0.026 0.055 0.037 0.006 0.017 0.031
279 H 0.042 0.046 0.053 0.038 0.008 0.038 0.053 0.038 0.355 0.023 0.038 0.046 0.015 0.03 0.019 0.042 0.027 0.008 0.057 0.023
280 R 0.045 0.345 0.039 0.031 0.008 0.048 0.052 0.033 0.023 0.023 0.047 0.12 0.016 0.017 0.019 0.045 0.035 0.006 0.017 0.031
281 P 0.057 0.026 0.023 0.031 0.01 0.021 0.036 0.036 0.013 0.026 0.036 0.041 0.01 0.013 0.494 0.044 0.036 0.003 0.013 0.031
282 V 0.07 0.022 0.016 0.018 0.019 0.016 0.023 0.025 0.008 0.165 0.13 0.026 0.032 0.036 0.016 0.033 0.049 0.006 0.021 0.269
283 L 0.048 0.021 0.015 0.016 0.015 0.014 0.02 0.023 0.011 0.11 0.212 0.023 0.034 0.166 0.013 0.026 0.035 0.009 0.042 0.147
284 D 0.045 0.058 0.15 0.18 0.008 0.038 0.068 0.05 0.023 0.023 0.033 0.134 0.012 0.016 0.022 0.056 0.04 0.004 0.014 0.027
285 G 0.068 0.038 0.039 0.037 0.01 0.094 0.049 0.366 0.018 0.021 0.033 0.051 0.013 0.015 0.02 0.051 0.032 0.005 0.014 0.027
286 F 0.139 0.023 0.019 0.021 0.016 0.017 0.027 0.041 0.013 0.087 0.097 0.029 0.024 0.155 0.018 0.046 0.04 0.009 0.041 0.139
287 F 0.14 0.027 0.028 0.027 0.016 0.02 0.032 0.047 0.015 0.051 0.077 0.035 0.02 0.151 0.022 0.065 0.116 0.009 0.04 0.062
288 E 0.049 0.046 0.14 0.084 0.008 0.052 0.232 0.043 0.027 0.021 0.034 0.066 0.012 0.016 0.023 0.058 0.039 0.005 0.016 0.029
289 R 0.043 0.37 0.037 0.03 0.007 0.047 0.05 0.032 0.022 0.022 0.045 0.116 0.015 0.017 0.019 0.043 0.034 0.006 0.017 0.03
290 L 0.044 0.019 0.014 0.016 0.016 0.014 0.018 0.02 0.009 0.236 0.241 0.023 0.039 0.046 0.014 0.024 0.036 0.006 0.02 0.144
291 L 0.055 0.035 0.031 0.046 0.013 0.035 0.127 0.032 0.016 0.061 0.166 0.047 0.026 0.03 0.022 0.055 0.114 0.006 0.018 0.064
292 G 0.073 0.03 0.052 0.167 0.011 0.026 0.054 0.212 0.016 0.023 0.031 0.042 0.011 0.017 0.023 0.116 0.047 0.005 0.013 0.029
293 A 0.234 0.027 0.022 0.025 0.02 0.022 0.033 0.058 0.012 0.08 0.08 0.037 0.021 0.025 0.024 0.065 0.048 0.005 0.018 0.143
294 F 0.036 0.02 0.015 0.016 0.012 0.012 0.019 0.023 0.014 0.078 0.206 0.02 0.032 0.291 0.011 0.024 0.027 0.013 0.064 0.066
295 A 0.227 0.026 0.021 0.025 0.019 0.021 0.032 0.057 0.012 0.127 0.092 0.036 0.023 0.028 0.024 0.062 0.045 0.005 0.018 0.101
296 G 0.061 0.023 0.025 0.023 0.013 0.018 0.025 0.192 0.022 0.073 0.073 0.029 0.019 0.059 0.016 0.037 0.034 0.012 0.125 0.122
297 D 0.039 0.029 0.066 0.421 0.007 0.029 0.088 0.045 0.018 0.022 0.027 0.043 0.009 0.014 0.022 0.05 0.034 0.004 0.011 0.023
298 D 0.047 0.039 0.054 0.249 0.007 0.046 0.2 0.04 0.022 0.022 0.032 0.059 0.011 0.015 0.024 0.053 0.035 0.005 0.014 0.027
299 G 0.06 0.19 0.038 0.032 0.009 0.033 0.038 0.276 0.018 0.021 0.037 0.075 0.012 0.016 0.019 0.047 0.032 0.005 0.014 0.027
300 S 0.106 0.039 0.052 0.047 0.017 0.032 0.05 0.064 0.018 0.029 0.04 0.052 0.015 0.02 0.029 0.25 0.079 0.005 0.017 0.04
301 L 0.143 0.025 0.018 0.02 0.018 0.019 0.027 0.04 0.011 0.104 0.194 0.031 0.032 0.036 0.019 0.046 0.043 0.006 0.019 0.152
302 R 0.043 0.37 0.037 0.03 0.007 0.047 0.05 0.032 0.022 0.022 0.045 0.116 0.015 0.017 0.019 0.043 0.034 0.006 0.017 0.03
303 Y 0.053 0.04 0.026 0.027 0.012 0.094 0.049 0.029 0.027 0.075 0.079 0.048 0.023 0.058 0.018 0.038 0.038 0.013 0.128 0.125
304 L 0.051 0.029 0.041 0.157 0.013 0.024 0.048 0.036 0.014 0.061 0.163 0.037 0.025 0.03 0.021 0.054 0.114 0.005 0.016 0.061
305 Q 0.054 0.071 0.042 0.045 0.008 0.245 0.099 0.04 0.028 0.025 0.045 0.088 0.02 0.014 0.023 0.054 0.04 0.006 0.02 0.034
306 F 0.035 0.027 0.028 0.023 0.009 0.019 0.029 0.029 0.137 0.048 0.085 0.027 0.021 0.283 0.013 0.03 0.025 0.013 0.075 0.043
307 L 0.052 0.02 0.015 0.016 0.017 0.015 0.02 0.021 0.009 0.189 0.229 0.024 0.038 0.043 0.015 0.026 0.039 0.006 0.02 0.186
308 S 0.176 0.036 0.043 0.041 0.018 0.029 0.047 0.068 0.017 0.033 0.046 0.049 0.016 0.02 0.029 0.194 0.069 0.005 0.017 0.049
309 L 0.043 0.023 0.014 0.015 0.016 0.016 0.019 0.02 0.01 0.111 0.4 0.024 0.048 0.053 0.014 0.023 0.032 0.007 0.021 0.092
310 I 0.04 0.019 0.014 0.016 0.013 0.013 0.019 0.023 0.011 0.209 0.125 0.022 0.028 0.048 0.012 0.023 0.033 0.174 0.035 0.123
311 D 0.045 0.058 0.15 0.18 0.008 0.038 0.068 0.05 0.023 0.023 0.033 0.134 0.012 0.016 0.022 0.056 0.04 0.004 0.014 0.027
312 G 0.075 0.022 0.038 0.032 0.01 0.018 0.025 0.529 0.013 0.018 0.027 0.032 0.009 0.016 0.018 0.049 0.029 0.005 0.01 0.023
313 F 0.032 0.018 0.016 0.016 0.01 0.01 0.018 0.024 0.016 0.061 0.11 0.018 0.024 0.41 0.01 0.024 0.024 0.016 0.085 0.053
314 F 0.047 0.026 0.026 0.023 0.012 0.019 0.028 0.03 0.025 0.051 0.079 0.031 0.02 0.186 0.017 0.048 0.109 0.016 0.149 0.055
315 E 0.049 0.041 0.048 0.198 0.007 0.051 0.245 0.037 0.023 0.021 0.033 0.063 0.011 0.015 0.024 0.052 0.035 0.005 0.014 0.028
316 N 0.06 0.036 0.138 0.047 0.011 0.028 0.041 0.049 0.032 0.031 0.046 0.044 0.015 0.058 0.021 0.109 0.05 0.013 0.135 0.037
317 P 0.054 0.04 0.029 0.035 0.009 0.095 0.056 0.036 0.018 0.025 0.038 0.056 0.013 0.013 0.35 0.046 0.036 0.004 0.015 0.031
318 L 0.04 0.02 0.015 0.016 0.014 0.013 0.018 0.022 0.011 0.157 0.224 0.022 0.036 0.169 0.013 0.024 0.032 0.01 0.042 0.105
319 L 0.039 0.022 0.015 0.015 0.014 0.014 0.019 0.022 0.012 0.094 0.303 0.022 0.04 0.172 0.012 0.024 0.03 0.01 0.043 0.079
320 G 0.075 0.022 0.038 0.032 0.01 0.018 0.025 0.529 0.013 0.018 0.027 0.032 0.009 0.016 0.018 0.049 0.029 0.005 0.01 0.023
