#Seq2Logo.py -f /work3/idamei/ssn-clusterings/clustering/2205181315/clusters/0021_267/sequences.afa -o /work3/idamei/ssn-clusterings/clustering/2205181315/clusters/0021_267/sequences.logo
#Position Specific Frequency Matrix
A R N D C Q E G H I L K M F P S T W Y V
0 L 0.051 0.031 0.02 0.02 0.016 0.027 0.027 0.027 0.016 0.098 0.191 0.035 0.184 0.047 0.016 0.035 0.039 0.008 0.023 0.09
1 L 0.042 0.022 0.014 0.015 0.015 0.014 0.019 0.021 0.011 0.132 0.314 0.023 0.043 0.106 0.013 0.024 0.032 0.008 0.031 0.099
2 Y 0.053 0.025 0.026 0.069 0.01 0.02 0.034 0.029 0.033 0.062 0.075 0.03 0.019 0.143 0.016 0.034 0.03 0.02 0.216 0.055
3 V 0.055 0.019 0.015 0.017 0.017 0.014 0.02 0.022 0.009 0.213 0.142 0.024 0.033 0.067 0.015 0.028 0.042 0.006 0.025 0.217
4 L 0.094 0.026 0.019 0.02 0.017 0.019 0.026 0.034 0.011 0.102 0.265 0.03 0.038 0.042 0.018 0.054 0.042 0.006 0.02 0.117
5 I 0.045 0.018 0.014 0.017 0.016 0.013 0.018 0.02 0.009 0.264 0.199 0.023 0.038 0.045 0.014 0.024 0.038 0.006 0.02 0.16
6 W 0.031 0.022 0.016 0.015 0.008 0.015 0.022 0.048 0.015 0.029 0.051 0.022 0.015 0.057 0.008 0.023 0.022 0.487 0.064 0.029
7 L 0.042 0.019 0.015 0.016 0.014 0.013 0.018 0.021 0.011 0.182 0.215 0.022 0.036 0.138 0.013 0.024 0.033 0.009 0.038 0.119
8 L 0.127 0.024 0.019 0.021 0.017 0.018 0.026 0.039 0.012 0.15 0.157 0.031 0.034 0.065 0.019 0.046 0.052 0.007 0.024 0.113
9 V 0.07 0.028 0.03 0.028 0.018 0.022 0.031 0.034 0.011 0.102 0.093 0.035 0.024 0.028 0.022 0.063 0.166 0.006 0.019 0.171
10 L 0.045 0.023 0.016 0.016 0.015 0.015 0.021 0.023 0.011 0.104 0.308 0.025 0.041 0.109 0.014 0.028 0.044 0.008 0.032 0.101
11 I 0.089 0.022 0.017 0.019 0.016 0.017 0.023 0.031 0.011 0.157 0.145 0.027 0.046 0.099 0.016 0.036 0.04 0.008 0.031 0.149
12 L 0.137 0.024 0.021 0.023 0.018 0.019 0.027 0.041 0.011 0.149 0.151 0.032 0.029 0.035 0.02 0.051 0.065 0.006 0.019 0.12
13 S 0.107 0.039 0.053 0.048 0.017 0.032 0.051 0.064 0.019 0.029 0.041 0.053 0.015 0.02 0.029 0.241 0.08 0.005 0.017 0.041
14 I 0.059 0.024 0.025 0.025 0.017 0.019 0.026 0.029 0.01 0.179 0.119 0.031 0.029 0.034 0.019 0.051 0.128 0.006 0.019 0.15
15 Y 0.05 0.027 0.021 0.02 0.012 0.021 0.027 0.033 0.03 0.084 0.136 0.031 0.049 0.088 0.016 0.041 0.034 0.018 0.191 0.071
16 L 0.043 0.024 0.015 0.016 0.015 0.016 0.02 0.022 0.012 0.103 0.324 0.025 0.062 0.106 0.014 0.025 0.032 0.008 0.032 0.087
17 F 0.033 0.018 0.016 0.016 0.01 0.01 0.018 0.025 0.016 0.062 0.111 0.018 0.025 0.404 0.01 0.025 0.025 0.016 0.086 0.053
18 K 0.051 0.13 0.04 0.038 0.008 0.077 0.067 0.039 0.05 0.026 0.044 0.205 0.016 0.022 0.024 0.049 0.037 0.007 0.037 0.032
19 K 0.048 0.08 0.03 0.029 0.01 0.036 0.047 0.033 0.026 0.072 0.068 0.164 0.019 0.054 0.021 0.041 0.035 0.012 0.116 0.057
20 V 0.141 0.026 0.024 0.025 0.019 0.021 0.031 0.045 0.011 0.113 0.096 0.034 0.025 0.029 0.022 0.078 0.053 0.005 0.019 0.182
21 A 0.195 0.035 0.041 0.039 0.019 0.029 0.046 0.07 0.017 0.035 0.048 0.049 0.016 0.021 0.029 0.172 0.066 0.005 0.017 0.052
22 G 0.076 0.022 0.038 0.033 0.011 0.018 0.025 0.524 0.013 0.018 0.028 0.033 0.009 0.016 0.018 0.05 0.029 0.005 0.011 0.024
23 S 0.097 0.038 0.05 0.044 0.017 0.031 0.047 0.058 0.017 0.035 0.047 0.05 0.016 0.021 0.028 0.199 0.133 0.005 0.017 0.049
24 L 0.043 0.024 0.014 0.015 0.016 0.016 0.02 0.021 0.01 0.112 0.393 0.025 0.048 0.053 0.014 0.024 0.032 0.007 0.022 0.094
25 S 0.107 0.039 0.053 0.048 0.017 0.032 0.051 0.064 0.019 0.029 0.041 0.053 0.015 0.02 0.029 0.241 0.08 0.005 0.017 0.041
26 L 0.045 0.021 0.015 0.018 0.014 0.015 0.021 0.023 0.01 0.168 0.207 0.026 0.034 0.043 0.089 0.027 0.035 0.051 0.024 0.114
27 L 0.053 0.029 0.022 0.021 0.016 0.02 0.026 0.027 0.011 0.097 0.257 0.04 0.037 0.06 0.018 0.042 0.091 0.007 0.024 0.103
28 K 0.088 0.095 0.038 0.039 0.01 0.049 0.065 0.046 0.019 0.029 0.044 0.265 0.015 0.016 0.027 0.056 0.04 0.005 0.017 0.036
29 P 0.055 0.025 0.023 0.03 0.01 0.02 0.035 0.035 0.013 0.025 0.035 0.04 0.01 0.013 0.507 0.043 0.035 0.003 0.013 0.03
30 N 0.042 0.044 0.336 0.081 0.009 0.033 0.048 0.063 0.031 0.022 0.031 0.052 0.011 0.018 0.02 0.068 0.048 0.004 0.015 0.026
31 L 0.046 0.027 0.016 0.017 0.016 0.021 0.023 0.024 0.012 0.106 0.307 0.029 0.107 0.05 0.015 0.029 0.035 0.007 0.022 0.092
32 V 0.05 0.027 0.066 0.029 0.014 0.02 0.028 0.03 0.064 0.151 0.149 0.031 0.03 0.036 0.016 0.035 0.04 0.006 0.025 0.152
33 S 0.107 0.039 0.053 0.047 0.017 0.032 0.051 0.064 0.019 0.029 0.041 0.053 0.015 0.02 0.029 0.243 0.08 0.005 0.017 0.041
34 I 0.045 0.019 0.014 0.017 0.016 0.014 0.018 0.02 0.009 0.253 0.21 0.023 0.04 0.045 0.014 0.024 0.037 0.006 0.02 0.155
35 I 0.061 0.023 0.021 0.022 0.017 0.019 0.025 0.029 0.011 0.189 0.139 0.03 0.053 0.038 0.017 0.059 0.047 0.006 0.02 0.175
36 F 0.036 0.022 0.018 0.017 0.01 0.015 0.022 0.024 0.029 0.053 0.092 0.024 0.022 0.286 0.012 0.027 0.026 0.021 0.194 0.05
37 Y 0.039 0.027 0.021 0.018 0.009 0.021 0.027 0.024 0.045 0.042 0.067 0.03 0.018 0.127 0.015 0.03 0.027 0.027 0.338 0.045
38 Y 0.039 0.027 0.021 0.018 0.009 0.021 0.027 0.024 0.045 0.042 0.067 0.03 0.018 0.127 0.015 0.03 0.027 0.027 0.338 0.045
39 S 0.107 0.039 0.053 0.047 0.017 0.032 0.051 0.064 0.019 0.029 0.041 0.053 0.015 0.02 0.029 0.243 0.08 0.005 0.017 0.041
40 L 0.04 0.022 0.014 0.015 0.014 0.014 0.019 0.022 0.012 0.099 0.32 0.023 0.042 0.145 0.013 0.024 0.03 0.009 0.039 0.083
41 L 0.043 0.023 0.014 0.015 0.015 0.015 0.02 0.021 0.01 0.11 0.38 0.024 0.047 0.07 0.014 0.024 0.032 0.007 0.025 0.091
42 L 0.055 0.021 0.015 0.017 0.017 0.015 0.02 0.022 0.009 0.187 0.207 0.024 0.037 0.042 0.015 0.027 0.041 0.006 0.02 0.203
43 S 0.102 0.038 0.051 0.046 0.017 0.031 0.049 0.061 0.018 0.032 0.044 0.051 0.016 0.021 0.029 0.221 0.107 0.005 0.017 0.045
44 S 0.105 0.038 0.051 0.046 0.04 0.031 0.049 0.063 0.018 0.03 0.042 0.051 0.015 0.02 0.028 0.233 0.078 0.005 0.017 0.041
45 F 0.034 0.02 0.017 0.017 0.01 0.012 0.02 0.025 0.022 0.058 0.102 0.021 0.023 0.352 0.011 0.026 0.025 0.018 0.134 0.052
46 I 0.046 0.017 0.014 0.017 0.016 0.013 0.017 0.02 0.009 0.292 0.163 0.023 0.036 0.043 0.014 0.024 0.039 0.006 0.02 0.172
47 G 0.076 0.022 0.038 0.033 0.01 0.018 0.025 0.524 0.013 0.018 0.027 0.033 0.009 0.016 0.018 0.05 0.029 0.005 0.01 0.024
48 A 0.143 0.031 0.036 0.036 0.015 0.025 0.04 0.126 0.015 0.03 0.042 0.044 0.014 0.018 0.141 0.126 0.054 0.005 0.015 0.043
49 L 0.044 0.022 0.014 0.015 0.016 0.015 0.019 0.021 0.01 0.146 0.35 0.024 0.046 0.051 0.014 0.024 0.034 0.007 0.021 0.108
50 L 0.039 0.022 0.015 0.015 0.014 0.014 0.019 0.022 0.012 0.093 0.286 0.022 0.039 0.187 0.012 0.024 0.029 0.011 0.046 0.078
51 I 0.046 0.017 0.014 0.017 0.016 0.013 0.017 0.02 0.009 0.292 0.163 0.023 0.036 0.043 0.014 0.024 0.039 0.006 0.02 0.172
52 V 0.146 0.024 0.019 0.021 0.019 0.019 0.028 0.041 0.01 0.122 0.104 0.031 0.026 0.03 0.02 0.048 0.048 0.005 0.019 0.218
53 L 0.047 0.025 0.018 0.018 0.016 0.017 0.022 0.024 0.01 0.103 0.346 0.027 0.044 0.049 0.016 0.033 0.066 0.007 0.021 0.09
54 G 0.056 0.041 0.129 0.12 0.009 0.029 0.05 0.232 0.02 0.021 0.03 0.078 0.01 0.016 0.021 0.055 0.037 0.005 0.013 0.026
55 I 0.051 0.029 0.021 0.022 0.015 0.02 0.026 0.026 0.011 0.21 0.14 0.054 0.047 0.038 0.017 0.038 0.072 0.006 0.02 0.136
56 D 0.04 0.029 0.067 0.415 0.007 0.029 0.089 0.045 0.018 0.022 0.027 0.043 0.009 0.014 0.022 0.051 0.034 0.004 0.011 0.024
57 H 0.047 0.038 0.079 0.142 0.008 0.036 0.095 0.111 0.151 0.021 0.032 0.047 0.012 0.021 0.02 0.049 0.032 0.006 0.029 0.024
58 Y 0.04 0.034 0.075 0.032 0.009 0.027 0.037 0.033 0.137 0.034 0.053 0.037 0.016 0.084 0.017 0.039 0.03 0.018 0.211 0.036
59 Y 0.039 0.027 0.021 0.018 0.009 0.021 0.027 0.024 0.045 0.042 0.067 0.03 0.018 0.127 0.015 0.03 0.027 0.027 0.338 0.045
60 L 0.051 0.031 0.02 0.02 0.016 0.027 0.027 0.027 0.016 0.097 0.191 0.035 0.185 0.047 0.016 0.035 0.039 0.008 0.023 0.09
61 I 0.046 0.019 0.015 0.017 0.016 0.014 0.018 0.021 0.009 0.235 0.227 0.024 0.039 0.045 0.014 0.026 0.042 0.006 0.02 0.147
62 D 0.048 0.131 0.09 0.155 0.009 0.038 0.066 0.043 0.021 0.027 0.04 0.101 0.013 0.017 0.022 0.057 0.07 0.005 0.015 0.033
63 R 0.048 0.253 0.039 0.034 0.008 0.049 0.058 0.036 0.022 0.024 0.044 0.195 0.015 0.016 0.022 0.047 0.036 0.005 0.017 0.031
64 L 0.045 0.024 0.015 0.016 0.016 0.017 0.02 0.022 0.01 0.136 0.332 0.026 0.066 0.051 0.014 0.025 0.034 0.007 0.022 0.104
65 D 0.073 0.044 0.042 0.113 0.011 0.035 0.091 0.042 0.069 0.034 0.052 0.081 0.016 0.075 0.022 0.055 0.067 0.007 0.031 0.04
66 R 0.044 0.357 0.038 0.03 0.008 0.047 0.051 0.032 0.023 0.023 0.046 0.118 0.015 0.017 0.019 0.044 0.034 0.006 0.017 0.03
67 H 0.043 0.039 0.131 0.103 0.008 0.032 0.054 0.045 0.173 0.022 0.034 0.046 0.012 0.022 0.089 0.05 0.035 0.005 0.032 0.025
68 E 0.049 0.045 0.049 0.195 0.007 0.076 0.207 0.039 0.023 0.022 0.034 0.065 0.012 0.015 0.024 0.053 0.036 0.005 0.015 0.029
69 E 0.062 0.044 0.047 0.174 0.008 0.068 0.218 0.04 0.023 0.023 0.035 0.065 0.012 0.016 0.024 0.054 0.036 0.005 0.015 0.031
70 Y 0.043 0.026 0.02 0.018 0.01 0.02 0.027 0.024 0.04 0.059 0.075 0.03 0.02 0.114 0.015 0.031 0.03 0.024 0.292 0.08
71 R 0.043 0.364 0.038 0.03 0.008 0.047 0.051 0.032 0.023 0.023 0.045 0.117 0.015 0.017 0.019 0.043 0.034 0.006 0.017 0.03
72 V 0.057 0.045 0.025 0.034 0.013 0.051 0.078 0.03 0.015 0.135 0.098 0.079 0.025 0.03 0.019 0.038 0.04 0.029 0.021 0.137
73 I 0.046 0.017 0.014 0.017 0.016 0.013 0.017 0.02 0.009 0.292 0.163 0.023 0.036 0.043 0.014 0.024 0.039 0.006 0.02 0.172
74 G 0.076 0.022 0.038 0.033 0.01 0.018 0.025 0.524 0.013 0.018 0.027 0.033 0.009 0.016 0.018 0.05 0.029 0.005 0.01 0.024
75 F 0.033 0.018 0.016 0.016 0.01 0.01 0.018 0.025 0.016 0.062 0.111 0.018 0.025 0.405 0.01 0.025 0.025 0.016 0.086 0.053
76 F 0.066 0.023 0.019 0.019 0.013 0.017 0.023 0.052 0.018 0.09 0.14 0.027 0.049 0.173 0.015 0.033 0.033 0.013 0.087 0.089
77 W 0.058 0.023 0.016 0.017 0.013 0.016 0.023 0.027 0.016 0.112 0.137 0.025 0.027 0.058 0.013 0.029 0.034 0.152 0.079 0.125
78 I 0.05 0.019 0.015 0.017 0.016 0.014 0.019 0.021 0.009 0.241 0.189 0.024 0.037 0.043 0.015 0.026 0.04 0.006 0.02 0.183
79 C 0.068 0.021 0.023 0.022 0.384 0.016 0.022 0.036 0.01 0.043 0.061 0.026 0.016 0.02 0.019 0.066 0.073 0.004 0.013 0.056
80 F 0.077 0.024 0.019 0.019 0.012 0.017 0.025 0.031 0.027 0.083 0.092 0.028 0.022 0.179 0.016 0.035 0.031 0.018 0.175 0.069
81 V 0.055 0.02 0.015 0.017 0.017 0.015 0.02 0.022 0.008 0.21 0.18 0.024 0.035 0.041 0.015 0.027 0.042 0.006 0.02 0.211
82 L 0.051 0.031 0.02 0.02 0.016 0.027 0.027 0.027 0.016 0.097 0.191 0.035 0.185 0.047 0.016 0.035 0.039 0.008 0.023 0.09
83 I 0.05 0.018 0.015 0.017 0.016 0.013 0.019 0.022 0.01 0.225 0.146 0.023 0.033 0.092 0.014 0.026 0.039 0.007 0.029 0.186
84 F 0.041 0.02 0.016 0.016 0.019 0.013 0.019 0.024 0.013 0.114 0.167 0.022 0.038 0.237 0.012 0.026 0.031 0.012 0.056 0.104
85 L 0.042 0.023 0.015 0.016 0.014 0.016 0.02 0.023 0.012 0.097 0.291 0.024 0.062 0.144 0.013 0.026 0.031 0.01 0.039 0.082
86 P 0.055 0.025 0.023 0.03 0.01 0.02 0.035 0.035 0.013 0.025 0.035 0.04 0.01 0.013 0.508 0.043 0.035 0.003 0.013 0.03
87 L 0.043 0.024 0.014 0.015 0.016 0.016 0.02 0.021 0.01 0.112 0.394 0.025 0.048 0.053 0.014 0.024 0.032 0.007 0.022 0.093
88 T 0.114 0.032 0.036 0.033 0.018 0.025 0.037 0.047 0.013 0.082 0.074 0.042 0.021 0.025 0.026 0.096 0.176 0.006 0.018 0.08
89 L 0.051 0.037 0.023 0.023 0.015 0.057 0.038 0.029 0.017 0.087 0.17 0.043 0.161 0.042 0.017 0.038 0.039 0.007 0.023 0.082
90 L 0.058 0.026 0.021 0.021 0.016 0.019 0.026 0.028 0.016 0.103 0.227 0.03 0.035 0.054 0.017 0.058 0.042 0.009 0.066 0.131
91 L 0.055 0.021 0.015 0.017 0.017 0.015 0.02 0.022 0.009 0.175 0.211 0.024 0.037 0.051 0.015 0.028 0.041 0.006 0.022 0.2
92 V 0.065 0.021 0.016 0.017 0.018 0.016 0.022 0.024 0.008 0.157 0.152 0.025 0.032 0.037 0.016 0.031 0.046 0.005 0.02 0.27
93 S 0.097 0.036 0.049 0.044 0.016 0.029 0.045 0.127 0.017 0.031 0.042 0.048 0.015 0.02 0.027 0.193 0.099 0.005 0.016 0.042
94 R 0.049 0.226 0.039 0.036 0.008 0.076 0.064 0.037 0.023 0.025 0.044 0.18 0.016 0.016 0.022 0.048 0.036 0.005 0.017 0.031
95 L 0.046 0.022 0.014 0.015 0.085 0.015 0.019 0.022 0.01 0.103 0.343 0.024 0.043 0.048 0.014 0.026 0.033 0.006 0.02 0.09
96 F 0.1 0.022 0.017 0.019 0.079 0.015 0.023 0.035 0.012 0.086 0.139 0.026 0.027 0.143 0.016 0.039 0.037 0.009 0.038 0.118
97 G 0.076 0.022 0.038 0.033 0.01 0.018 0.025 0.524 0.013 0.018 0.027 0.033 0.009 0.016 0.018 0.05 0.029 0.005 0.01 0.024
98 F 0.033 0.018 0.016 0.016 0.01 0.01 0.018 0.025 0.016 0.062 0.111 0.018 0.025 0.405 0.01 0.025 0.025 0.016 0.086 0.053
99 N 0.045 0.051 0.173 0.117 0.008 0.04 0.093 0.05 0.08 0.023 0.033 0.088 0.012 0.018 0.021 0.057 0.04 0.005 0.021 0.027
100 A 0.298 0.03 0.026 0.03 0.021 0.025 0.04 0.075 0.015 0.041 0.057 0.044 0.017 0.021 0.035 0.09 0.05 0.005 0.017 0.065
101 K 0.054 0.105 0.042 0.053 0.008 0.078 0.139 0.038 0.073 0.024 0.041 0.143 0.015 0.018 0.024 0.05 0.036 0.006 0.023 0.031
102 K 0.056 0.073 0.037 0.036 0.01 0.063 0.058 0.107 0.04 0.038 0.091 0.179 0.02 0.021 0.023 0.048 0.038 0.006 0.019 0.04
103 E 0.054 0.048 0.039 0.088 0.007 0.063 0.317 0.034 0.025 0.021 0.036 0.073 0.013 0.016 0.025 0.054 0.036 0.005 0.016 0.03
104 F 0.033 0.019 0.017 0.017 0.01 0.011 0.019 0.025 0.018 0.06 0.108 0.019 0.024 0.385 0.011 0.025 0.025 0.017 0.104 0.053
105 H 0.045 0.082 0.116 0.087 0.008 0.043 0.123 0.043 0.129 0.022 0.035 0.063 0.013 0.02 0.021 0.054 0.036 0.006 0.027 0.027
106 N 0.099 0.093 0.125 0.073 0.012 0.037 0.087 0.077 0.023 0.026 0.039 0.063 0.013 0.018 0.023 0.087 0.047 0.005 0.016 0.036
107 Y 0.039 0.027 0.021 0.018 0.009 0.021 0.027 0.024 0.045 0.042 0.067 0.03 0.018 0.127 0.015 0.03 0.027 0.027 0.338 0.045
108 L 0.043 0.023 0.014 0.015 0.016 0.016 0.02 0.021 0.01 0.12 0.38 0.025 0.049 0.053 0.014 0.024 0.033 0.007 0.022 0.097
109 K 0.056 0.072 0.085 0.046 0.01 0.065 0.065 0.045 0.072 0.029 0.043 0.149 0.016 0.019 0.024 0.067 0.073 0.005 0.023 0.036
110 K 0.1 0.075 0.04 0.047 0.011 0.046 0.097 0.049 0.02 0.029 0.043 0.189 0.015 0.017 0.027 0.088 0.046 0.005 0.017 0.038
111 P 0.053 0.085 0.027 0.032 0.009 0.028 0.042 0.036 0.015 0.025 0.038 0.088 0.011 0.014 0.37 0.044 0.035 0.003 0.014 0.03
112 V 0.061 0.021 0.015 0.017 0.018 0.015 0.021 0.023 0.008 0.181 0.166 0.025 0.034 0.039 0.015 0.029 0.044 0.006 0.02 0.243
113 D 0.064 0.087 0.086 0.101 0.012 0.04 0.079 0.047 0.02 0.044 0.05 0.071 0.016 0.02 0.023 0.1 0.05 0.005 0.016 0.069
114 L 0.05 0.024 0.02 0.022 0.015 0.018 0.026 0.027 0.011 0.117 0.217 0.031 0.033 0.037 0.133 0.038 0.068 0.005 0.019 0.09
115 S 0.075 0.031 0.037 0.052 0.015 0.025 0.04 0.045 0.015 0.084 0.104 0.041 0.022 0.027 0.093 0.128 0.077 0.005 0.017 0.069
116 F 0.102 0.024 0.022 0.023 0.015 0.017 0.027 0.049 0.014 0.079 0.096 0.029 0.024 0.186 0.018 0.058 0.045 0.01 0.047 0.114
117 G 0.096 0.028 0.038 0.093 0.011 0.027 0.078 0.223 0.016 0.03 0.046 0.041 0.013 0.072 0.021 0.061 0.038 0.007 0.023 0.036
118 K 0.092 0.058 0.032 0.032 0.012 0.033 0.045 0.133 0.019 0.078 0.067 0.146 0.019 0.022 0.023 0.05 0.039 0.005 0.017 0.079
119 N 0.049 0.11 0.184 0.058 0.01 0.038 0.052 0.051 0.025 0.027 0.04 0.114 0.014 0.018 0.022 0.063 0.073 0.005 0.016 0.034
120 K 0.07 0.088 0.047 0.094 0.011 0.038 0.059 0.111 0.019 0.025 0.038 0.137 0.013 0.017 0.025 0.107 0.048 0.005 0.015 0.032
121 R 0.052 0.156 0.151 0.06 0.01 0.037 0.049 0.048 0.024 0.028 0.042 0.074 0.014 0.018 0.021 0.077 0.082 0.005 0.016 0.036
122 D 0.048 0.039 0.048 0.213 0.009 0.062 0.151 0.038 0.02 0.051 0.049 0.055 0.015 0.018 0.022 0.049 0.037 0.005 0.015 0.057
123 F 0.039 0.019 0.016 0.017 0.012 0.011 0.019 0.024 0.014 0.106 0.12 0.02 0.027 0.309 0.012 0.025 0.029 0.014 0.069 0.098
124 F 0.041 0.05 0.024 0.023 0.011 0.033 0.031 0.029 0.021 0.052 0.088 0.036 0.022 0.255 0.015 0.038 0.062 0.015 0.103 0.051
125 L 0.041 0.021 0.016 0.016 0.013 0.014 0.02 0.022 0.016 0.142 0.214 0.023 0.035 0.144 0.013 0.025 0.032 0.012 0.082 0.099
126 L 0.11 0.024 0.017 0.019 0.016 0.017 0.024 0.035 0.011 0.122 0.231 0.029 0.035 0.076 0.017 0.041 0.037 0.013 0.027 0.096
127 F 0.037 0.02 0.017 0.017 0.012 0.013 0.02 0.024 0.015 0.1 0.13 0.021 0.049 0.302 0.012 0.026 0.029 0.014 0.068 0.075
128 L 0.093 0.031 0.032 0.03 0.017 0.024 0.034 0.043 0.014 0.069 0.187 0.039 0.029 0.034 0.022 0.106 0.098 0.006 0.019 0.073
129 A 0.185 0.029 0.03 0.03 0.018 0.023 0.035 0.125 0.013 0.058 0.065 0.039 0.018 0.023 0.025 0.072 0.098 0.005 0.017 0.093
130 L 0.043 0.024 0.014 0.015 0.016 0.016 0.02 0.021 0.01 0.112 0.394 0.025 0.048 0.053 0.014 0.024 0.032 0.007 0.022 0.093
131 S 0.131 0.038 0.049 0.045 0.017 0.031 0.049 0.066 0.018 0.03 0.043 0.051 0.015 0.02 0.029 0.224 0.076 0.005 0.017 0.044
132 L 0.063 0.022 0.017 0.018 0.014 0.015 0.021 0.068 0.012 0.098 0.232 0.025 0.034 0.147 0.014 0.031 0.032 0.009 0.039 0.088
133 L 0.045 0.02 0.014 0.016 0.016 0.014 0.018 0.02 0.009 0.215 0.256 0.024 0.042 0.047 0.014 0.024 0.036 0.006 0.021 0.14
134 C 0.092 0.031 0.04 0.037 0.178 0.025 0.039 0.053 0.015 0.034 0.048 0.042 0.015 0.02 0.024 0.175 0.065 0.005 0.015 0.046
135 L 0.05 0.022 0.016 0.017 0.015 0.016 0.021 0.024 0.012 0.137 0.175 0.024 0.054 0.137 0.014 0.028 0.037 0.009 0.038 0.154
136 L 0.111 0.026 0.017 0.019 0.017 0.02 0.026 0.035 0.012 0.093 0.278 0.031 0.06 0.044 0.018 0.04 0.038 0.007 0.021 0.089
137 A 0.252 0.033 0.033 0.034 0.02 0.027 0.043 0.073 0.016 0.038 0.053 0.046 0.016 0.021 0.029 0.128 0.057 0.005 0.017 0.059
138 V 0.057 0.019 0.015 0.017 0.017 0.014 0.02 0.022 0.008 0.226 0.145 0.024 0.033 0.039 0.015 0.028 0.043 0.006 0.02 0.231
139 A 0.184 0.027 0.02 0.023 0.019 0.021 0.031 0.05 0.012 0.09 0.14 0.035 0.034 0.031 0.022 0.056 0.045 0.006 0.019 0.136
140 Y 0.039 0.027 0.021 0.018 0.009 0.021 0.027 0.024 0.045 0.042 0.067 0.03 0.018 0.127 0.015 0.03 0.027 0.027 0.338 0.045
141 T 0.066 0.034 0.036 0.032 0.017 0.027 0.035 0.038 0.014 0.064 0.097 0.042 0.063 0.029 0.024 0.076 0.208 0.006 0.019 0.074
142 L 0.045 0.024 0.017 0.018 0.015 0.018 0.022 0.024 0.013 0.147 0.19 0.027 0.092 0.123 0.014 0.028 0.035 0.009 0.036 0.106
143 L 0.04 0.022 0.014 0.015 0.014 0.014 0.019 0.022 0.011 0.119 0.271 0.023 0.038 0.103 0.012 0.024 0.031 0.08 0.037 0.09
144 K 0.09 0.081 0.034 0.035 0.011 0.042 0.057 0.044 0.018 0.067 0.061 0.223 0.018 0.02 0.025 0.052 0.04 0.005 0.017 0.057
145 L 0.055 0.028 0.026 0.024 0.016 0.02 0.028 0.03 0.011 0.086 0.252 0.033 0.036 0.04 0.019 0.052 0.134 0.006 0.02 0.083
146 D 0.05 0.034 0.078 0.209 0.009 0.033 0.101 0.044 0.044 0.029 0.036 0.048 0.012 0.017 0.092 0.064 0.039 0.004 0.016 0.04
147 K 0.057 0.072 0.065 0.044 0.01 0.073 0.065 0.044 0.076 0.029 0.043 0.162 0.016 0.019 0.025 0.07 0.068 0.006 0.023 0.035
148 I 0.049 0.018 0.014 0.017 0.016 0.014 0.018 0.021 0.009 0.26 0.174 0.023 0.036 0.042 0.014 0.025 0.04 0.006 0.02 0.183
149 P 0.055 0.025 0.023 0.03 0.01 0.02 0.035 0.035 0.013 0.025 0.035 0.04 0.01 0.013 0.508 0.043 0.035 0.003 0.013 0.03
150 I 0.048 0.02 0.014 0.017 0.016 0.014 0.019 0.021 0.009 0.225 0.225 0.024 0.039 0.045 0.014 0.025 0.038 0.006 0.02 0.163
151 L 0.045 0.021 0.015 0.016 0.015 0.014 0.019 0.022 0.011 0.151 0.24 0.023 0.038 0.123 0.013 0.025 0.034 0.008 0.035 0.132
152 E 0.09 0.046 0.037 0.079 0.009 0.057 0.277 0.04 0.024 0.024 0.039 0.069 0.013 0.017 0.026 0.058 0.038 0.005 0.016 0.036
153 L 0.044 0.025 0.015 0.015 0.016 0.017 0.021 0.022 0.011 0.11 0.365 0.026 0.068 0.052 0.014 0.025 0.033 0.007 0.022 0.093
154 L 0.04 0.022 0.015 0.015 0.014 0.014 0.019 0.022 0.012 0.099 0.307 0.023 0.041 0.158 0.013 0.024 0.03 0.01 0.041 0.082
155 K 0.054 0.168 0.039 0.037 0.009 0.047 0.059 0.039 0.02 0.03 0.047 0.21 0.016 0.017 0.024 0.054 0.067 0.005 0.017 0.039
156 G 0.076 0.022 0.038 0.033 0.01 0.018 0.025 0.524 0.013 0.018 0.027 0.033 0.009 0.016 0.018 0.05 0.029 0.005 0.01 0.024
157 A 0.141 0.037 0.125 0.05 0.016 0.03 0.045 0.064 0.029 0.033 0.045 0.049 0.015 0.02 0.026 0.124 0.083 0.005 0.017 0.047
158 G 0.079 0.023 0.039 0.034 0.011 0.019 0.026 0.508 0.014 0.019 0.028 0.034 0.009 0.016 0.019 0.052 0.03 0.005 0.011 0.024
159 T 0.057 0.031 0.048 0.159 0.013 0.026 0.053 0.041 0.015 0.043 0.057 0.041 0.016 0.062 0.023 0.07 0.161 0.006 0.023 0.052
160 S 0.115 0.04 0.047 0.053 0.015 0.037 0.1 0.059 0.019 0.03 0.043 0.055 0.017 0.02 0.028 0.187 0.07 0.005 0.017 0.042
161 D 0.053 0.039 0.136 0.197 0.009 0.038 0.121 0.051 0.023 0.023 0.032 0.054 0.011 0.017 0.023 0.084 0.045 0.004 0.014 0.028
162 L 0.043 0.024 0.014 0.015 0.016 0.016 0.02 0.021 0.01 0.112 0.394 0.025 0.048 0.053 0.014 0.024 0.032 0.007 0.022 0.093
163 G 0.16 0.026 0.037 0.086 0.014 0.022 0.039 0.285 0.014 0.028 0.039 0.038 0.012 0.018 0.023 0.062 0.037 0.005 0.013 0.04
164 K 0.085 0.078 0.038 0.054 0.009 0.052 0.142 0.044 0.021 0.027 0.042 0.199 0.014 0.016 0.026 0.056 0.039 0.005 0.017 0.036
165 L 0.044 0.025 0.015 0.015 0.016 0.017 0.021 0.022 0.011 0.11 0.365 0.026 0.068 0.052 0.014 0.025 0.033 0.007 0.022 0.093
166 R 0.043 0.364 0.038 0.03 0.008 0.047 0.051 0.032 0.023 0.023 0.045 0.117 0.015 0.017 0.019 0.043 0.034 0.006 0.017 0.03
167 I 0.046 0.017 0.014 0.017 0.016 0.013 0.017 0.02 0.009 0.289 0.162 0.023 0.036 0.043 0.014 0.024 0.039 0.006 0.02 0.174
168 E 0.053 0.045 0.086 0.132 0.008 0.055 0.24 0.04 0.025 0.022 0.034 0.066 0.012 0.016 0.024 0.056 0.037 0.005 0.015 0.029
169 A 0.311 0.03 0.025 0.029 0.021 0.025 0.039 0.076 0.014 0.042 0.058 0.043 0.017 0.021 0.029 0.083 0.048 0.005 0.017 0.067
170 S 0.131 0.035 0.046 0.043 0.017 0.029 0.046 0.132 0.017 0.029 0.041 0.048 0.015 0.02 0.027 0.192 0.068 0.005 0.016 0.042
171 R 0.043 0.31 0.039 0.031 0.008 0.045 0.05 0.032 0.073 0.025 0.05 0.104 0.017 0.019 0.019 0.043 0.033 0.006 0.023 0.03
172 G 0.061 0.032 0.125 0.047 0.01 0.025 0.035 0.323 0.07 0.02 0.03 0.04 0.01 0.018 0.019 0.054 0.034 0.005 0.018 0.024
173 F 0.034 0.018 0.016 0.016 0.011 0.01 0.018 0.024 0.016 0.078 0.115 0.019 0.025 0.379 0.011 0.025 0.026 0.016 0.081 0.062
174 K 0.092 0.08 0.04 0.044 0.012 0.04 0.088 0.121 0.018 0.029 0.043 0.132 0.014 0.017 0.025 0.081 0.064 0.005 0.016 0.039
175 G 0.076 0.022 0.038 0.033 0.01 0.018 0.025 0.524 0.013 0.018 0.027 0.033 0.009 0.016 0.018 0.05 0.029 0.005 0.01 0.024
176 N 0.042 0.042 0.314 0.076 0.009 0.031 0.046 0.06 0.029 0.041 0.04 0.05 0.013 0.019 0.019 0.065 0.047 0.004 0.016 0.037
177 A 0.288 0.031 0.026 0.03 0.022 0.026 0.041 0.079 0.015 0.043 0.06 0.045 0.018 0.022 0.03 0.085 0.05 0.005 0.018 0.069
178 V 0.06 0.026 0.02 0.028 0.016 0.024 0.065 0.025 0.012 0.15 0.128 0.033 0.051 0.035 0.017 0.034 0.044 0.006 0.02 0.207
179 L 0.042 0.023 0.017 0.016 0.012 0.017 0.023 0.024 0.023 0.077 0.157 0.025 0.028 0.126 0.013 0.027 0.03 0.086 0.142 0.091
180 I 0.052 0.019 0.015 0.017 0.016 0.014 0.02 0.022 0.01 0.199 0.139 0.023 0.032 0.104 0.014 0.027 0.04 0.007 0.032 0.197
181 R 0.045 0.327 0.038 0.032 0.008 0.048 0.053 0.033 0.022 0.023 0.045 0.143 0.015 0.017 0.02 0.045 0.035 0.006 0.017 0.03
182 N 0.041 0.044 0.337 0.081 0.009 0.033 0.048 0.063 0.031 0.022 0.031 0.052 0.011 0.017 0.02 0.068 0.048 0.004 0.015 0.026
183 I 0.046 0.017 0.014 0.017 0.016 0.013 0.017 0.02 0.009 0.292 0.163 0.023 0.036 0.043 0.014 0.024 0.039 0.006 0.02 0.172
184 F 0.033 0.018 0.016 0.016 0.01 0.01 0.018 0.025 0.016 0.062 0.111 0.018 0.025 0.405 0.01 0.025 0.025 0.016 0.086 0.053
185 A 0.294 0.03 0.026 0.029 0.02 0.024 0.038 0.108 0.014 0.04 0.056 0.042 0.016 0.021 0.028 0.08 0.047 0.005 0.017 0.064
186 L 0.048 0.02 0.014 0.016 0.016 0.014 0.019 0.021 0.009 0.218 0.229 0.024 0.039 0.045 0.014 0.025 0.038 0.006 0.021 0.164
187 G 0.177 0.027 0.033 0.032 0.016 0.022 0.033 0.264 0.014 0.033 0.045 0.039 0.014 0.019 0.024 0.073 0.067 0.005 0.014 0.048
188 L 0.043 0.024 0.014 0.015 0.016 0.016 0.02 0.021 0.01 0.112 0.394 0.025 0.048 0.053 0.014 0.024 0.032 0.007 0.022 0.093
189 T 0.069 0.033 0.039 0.036 0.016 0.026 0.038 0.041 0.013 0.048 0.059 0.044 0.018 0.022 0.096 0.083 0.235 0.005 0.017 0.063
190 P 0.055 0.025 0.023 0.03 0.01 0.02 0.035 0.035 0.013 0.025 0.035 0.04 0.01 0.013 0.508 0.043 0.035 0.003 0.013 0.03
191 L 0.051 0.021 0.015 0.016 0.017 0.015 0.02 0.021 0.009 0.177 0.251 0.024 0.04 0.045 0.015 0.026 0.039 0.006 0.021 0.172
192 L 0.043 0.024 0.014 0.015 0.016 0.016 0.02 0.021 0.01 0.112 0.394 0.025 0.048 0.053 0.014 0.024 0.032 0.007 0.022 0.093
193 S 0.136 0.038 0.049 0.045 0.018 0.031 0.049 0.066 0.018 0.031 0.043 0.051 0.015 0.02 0.029 0.22 0.075 0.005 0.017 0.044
194 L 0.041 0.021 0.015 0.016 0.014 0.014 0.019 0.022 0.011 0.125 0.29 0.023 0.041 0.14 0.013 0.024 0.031 0.009 0.038 0.095
195 I 0.052 0.018 0.015 0.017 0.016 0.013 0.018 0.021 0.009 0.27 0.157 0.024 0.035 0.041 0.015 0.026 0.04 0.006 0.02 0.187
196 A 0.301 0.031 0.026 0.03 0.021 0.025 0.04 0.075 0.015 0.041 0.057 0.044 0.017 0.021 0.029 0.09 0.05 0.005 0.017 0.066
197 Y 0.039 0.027 0.021 0.018 0.009 0.021 0.027 0.024 0.045 0.042 0.067 0.03 0.018 0.127 0.015 0.03 0.027 0.027 0.338 0.045
198 V 0.094 0.022 0.02 0.021 0.017 0.017 0.023 0.101 0.01 0.158 0.146 0.028 0.029 0.035 0.017 0.038 0.041 0.006 0.018 0.16
199 Y 0.038 0.026 0.02 0.018 0.009 0.02 0.026 0.024 0.041 0.045 0.073 0.029 0.019 0.167 0.014 0.029 0.027 0.026 0.302 0.046
200 A 0.187 0.033 0.034 0.033 0.018 0.026 0.04 0.061 0.02 0.04 0.055 0.044 0.017 0.036 0.027 0.116 0.085 0.008 0.063 0.058
201 I 0.083 0.025 0.02 0.026 0.015 0.022 0.055 0.03 0.016 0.161 0.113 0.032 0.027 0.047 0.018 0.037 0.04 0.009 0.065 0.158
202 K 0.052 0.107 0.075 0.038 0.011 0.051 0.052 0.038 0.019 0.057 0.103 0.144 0.022 0.024 0.021 0.046 0.04 0.005 0.018 0.077
203 T 0.071 0.034 0.042 0.036 0.017 0.027 0.038 0.042 0.013 0.052 0.063 0.044 0.019 0.023 0.027 0.09 0.268 0.006 0.017 0.069
204 R 0.047 0.174 0.093 0.048 0.008 0.046 0.08 0.041 0.061 0.023 0.04 0.141 0.014 0.018 0.022 0.051 0.037 0.005 0.021 0.029
205 E 0.104 0.047 0.043 0.055 0.012 0.079 0.135 0.05 0.056 0.027 0.042 0.063 0.016 0.019 0.026 0.111 0.05 0.006 0.021 0.038
206 L 0.046 0.071 0.019 0.02 0.012 0.02 0.026 0.026 0.013 0.097 0.185 0.039 0.029 0.079 0.084 0.03 0.032 0.066 0.032 0.074
207 R 0.045 0.183 0.035 0.031 0.008 0.037 0.047 0.034 0.07 0.029 0.051 0.107 0.016 0.073 0.089 0.041 0.032 0.007 0.032 0.033
208 W 0.029 0.022 0.015 0.015 0.007 0.015 0.022 0.029 0.015 0.029 0.051 0.022 0.015 0.059 0.007 0.022 0.022 0.507 0.066 0.029
209 K 0.046 0.154 0.036 0.032 0.008 0.041 0.052 0.036 0.07 0.038 0.049 0.158 0.016 0.025 0.02 0.042 0.033 0.077 0.03 0.036
210 L 0.082 0.023 0.016 0.018 0.016 0.019 0.023 0.029 0.011 0.144 0.27 0.027 0.039 0.062 0.016 0.033 0.036 0.007 0.024 0.107
211 L 0.043 0.024 0.014 0.015 0.016 0.016 0.02 0.021 0.01 0.112 0.394 0.025 0.048 0.053 0.014 0.024 0.032 0.007 0.022 0.093
212 F 0.033 0.018 0.016 0.016 0.01 0.01 0.018 0.025 0.016 0.062 0.111 0.018 0.025 0.405 0.01 0.025 0.025 0.016 0.086 0.053
213 L 0.043 0.021 0.015 0.016 0.015 0.014 0.019 0.021 0.011 0.175 0.253 0.024 0.046 0.099 0.014 0.025 0.034 0.008 0.03 0.118
214 V 0.109 0.024 0.022 0.023 0.069 0.019 0.026 0.089 0.011 0.114 0.106 0.031 0.046 0.031 0.019 0.048 0.058 0.006 0.018 0.131
215 L 0.043 0.024 0.014 0.015 0.016 0.016 0.02 0.021 0.01 0.112 0.394 0.025 0.048 0.053 0.014 0.024 0.032 0.007 0.022 0.093
216 F 0.033 0.019 0.016 0.016 0.01 0.01 0.018 0.025 0.016 0.062 0.114 0.019 0.025 0.401 0.01 0.025 0.025 0.016 0.085 0.054
217 G 0.105 0.022 0.026 0.025 0.015 0.017 0.025 0.223 0.012 0.082 0.078 0.03 0.02 0.079 0.018 0.046 0.037 0.007 0.025 0.109
218 G 0.102 0.026 0.029 0.027 0.061 0.021 0.029 0.181 0.014 0.052 0.117 0.034 0.043 0.046 0.02 0.074 0.041 0.006 0.02 0.056
219 S 0.175 0.036 0.043 0.041 0.018 0.03 0.047 0.068 0.017 0.033 0.046 0.049 0.016 0.021 0.029 0.189 0.069 0.005 0.017 0.049
220 V 0.055 0.02 0.015 0.017 0.017 0.015 0.02 0.022 0.008 0.21 0.18 0.024 0.035 0.041 0.015 0.027 0.042 0.006 0.02 0.211
221 L 0.039 0.021 0.015 0.015 0.013 0.013 0.019 0.022 0.013 0.09 0.272 0.022 0.038 0.204 0.012 0.024 0.029 0.011 0.049 0.076
222 I 0.053 0.02 0.016 0.018 0.017 0.016 0.02 0.022 0.009 0.227 0.157 0.025 0.056 0.041 0.015 0.028 0.041 0.006 0.02 0.194
223 S 0.078 0.039 0.125 0.052 0.015 0.031 0.046 0.057 0.021 0.038 0.061 0.049 0.039 0.024 0.024 0.154 0.079 0.005 0.017 0.046
224 V 0.069 0.025 0.023 0.023 0.018 0.019 0.027 0.029 0.01 0.131 0.109 0.031 0.027 0.031 0.019 0.048 0.111 0.005 0.019 0.226
225 Y 0.039 0.027 0.021 0.018 0.009 0.021 0.027 0.024 0.045 0.042 0.067 0.03 0.018 0.127 0.015 0.03 0.027 0.027 0.338 0.045
226 D 0.04 0.029 0.067 0.415 0.007 0.029 0.089 0.045 0.018 0.022 0.027 0.043 0.009 0.014 0.022 0.051 0.034 0.004 0.011 0.024
227 L 0.043 0.024 0.014 0.015 0.016 0.016 0.02 0.021 0.01 0.112 0.394 0.025 0.048 0.053 0.014 0.024 0.032 0.007 0.022 0.093
228 A 0.201 0.048 0.033 0.036 0.016 0.116 0.065 0.061 0.02 0.035 0.053 0.063 0.018 0.018 0.026 0.07 0.045 0.005 0.018 0.053
229 K 0.055 0.104 0.04 0.04 0.008 0.052 0.069 0.042 0.02 0.027 0.042 0.299 0.015 0.015 0.027 0.052 0.039 0.005 0.017 0.032
230 A 0.194 0.035 0.041 0.039 0.019 0.029 0.046 0.069 0.017 0.034 0.048 0.049 0.016 0.021 0.029 0.174 0.066 0.005 0.017 0.052
231 P 0.055 0.025 0.023 0.03 0.01 0.02 0.035 0.035 0.013 0.025 0.035 0.04 0.01 0.013 0.508 0.043 0.035 0.003 0.013 0.03
232 I 0.052 0.018 0.015 0.017 0.017 0.014 0.019 0.021 0.008 0.254 0.153 0.024 0.034 0.041 0.015 0.026 0.041 0.006 0.02 0.205
233 F 0.035 0.019 0.016 0.016 0.011 0.011 0.019 0.024 0.015 0.08 0.154 0.02 0.029 0.337 0.011 0.024 0.026 0.015 0.074 0.065
234 F 0.033 0.018 0.016 0.016 0.01 0.01 0.018 0.025 0.016 0.062 0.111 0.018 0.025 0.405 0.01 0.025 0.025 0.016 0.086 0.053
235 Y 0.038 0.026 0.02 0.018 0.009 0.02 0.026 0.024 0.041 0.045 0.073 0.029 0.019 0.167 0.014 0.029 0.027 0.026 0.302 0.046
236 V 0.064 0.021 0.016 0.017 0.016 0.014 0.021 0.026 0.011 0.14 0.149 0.024 0.031 0.143 0.015 0.03 0.039 0.009 0.039 0.176
237 L 0.045 0.022 0.015 0.016 0.016 0.016 0.019 0.021 0.01 0.192 0.265 0.025 0.059 0.048 0.014 0.025 0.036 0.006 0.021 0.128
238 L 0.059 0.032 0.024 0.024 0.016 0.028 0.031 0.033 0.016 0.088 0.17 0.038 0.161 0.043 0.018 0.065 0.045 0.007 0.022 0.083
239 F 0.034 0.019 0.016 0.016 0.011 0.011 0.019 0.024 0.015 0.069 0.151 0.019 0.028 0.355 0.011 0.025 0.026 0.015 0.077 0.059
240 I 0.048 0.019 0.015 0.017 0.016 0.014 0.018 0.021 0.009 0.227 0.196 0.023 0.037 0.065 0.014 0.025 0.038 0.007 0.024 0.168
241 L 0.043 0.023 0.014 0.015 0.015 0.015 0.02 0.021 0.01 0.11 0.38 0.024 0.047 0.07 0.014 0.024 0.032 0.007 0.025 0.091
242 L 0.076 0.023 0.018 0.019 0.018 0.017 0.023 0.028 0.009 0.144 0.2 0.027 0.035 0.039 0.017 0.036 0.058 0.006 0.02 0.187
243 N 0.051 0.135 0.166 0.054 0.01 0.039 0.05 0.05 0.025 0.029 0.048 0.103 0.025 0.019 0.021 0.073 0.045 0.005 0.017 0.034
244 I 0.049 0.018 0.015 0.017 0.016 0.013 0.018 0.021 0.008 0.273 0.158 0.023 0.035 0.042 0.015 0.025 0.04 0.006 0.02 0.189
245 Y 0.038 0.025 0.02 0.018 0.009 0.019 0.025 0.024 0.039 0.046 0.076 0.028 0.02 0.187 0.014 0.029 0.027 0.025 0.284 0.047
246 I 0.06 0.023 0.022 0.023 0.016 0.017 0.025 0.029 0.011 0.196 0.167 0.029 0.033 0.039 0.017 0.067 0.047 0.006 0.02 0.154
247 G 0.071 0.025 0.081 0.04 0.01 0.02 0.028 0.459 0.016 0.019 0.028 0.036 0.009 0.016 0.019 0.052 0.032 0.005 0.011 0.024
248 K 0.059 0.119 0.062 0.041 0.011 0.044 0.058 0.044 0.02 0.031 0.046 0.189 0.016 0.017 0.025 0.073 0.085 0.005 0.017 0.039
249 L 0.048 0.025 0.021 0.02 0.015 0.017 0.024 0.026 0.012 0.091 0.279 0.028 0.038 0.097 0.016 0.039 0.085 0.008 0.03 0.082
250 K 0.058 0.143 0.039 0.035 0.012 0.04 0.051 0.039 0.018 0.041 0.054 0.147 0.017 0.019 0.024 0.062 0.12 0.005 0.017 0.057
251 L 0.041 0.022 0.014 0.015 0.014 0.014 0.019 0.022 0.011 0.1 0.326 0.023 0.043 0.137 0.013 0.024 0.031 0.009 0.037 0.084
252 N 0.058 0.041 0.226 0.065 0.012 0.031 0.046 0.058 0.025 0.03 0.04 0.05 0.013 0.019 0.023 0.098 0.105 0.005 0.016 0.038
253 W 0.072 0.038 0.018 0.019 0.011 0.017 0.026 0.034 0.014 0.073 0.079 0.031 0.019 0.095 0.06 0.034 0.03 0.222 0.048 0.059
254 K 0.069 0.119 0.035 0.034 0.01 0.043 0.055 0.052 0.018 0.039 0.057 0.197 0.024 0.021 0.023 0.051 0.049 0.029 0.02 0.053
255 K 0.046 0.155 0.032 0.03 0.009 0.04 0.05 0.034 0.019 0.038 0.094 0.168 0.02 0.027 0.02 0.041 0.034 0.077 0.025 0.04
256 V 0.058 0.02 0.015 0.017 0.017 0.015 0.02 0.022 0.008 0.198 0.17 0.024 0.034 0.04 0.015 0.028 0.043 0.006 0.02 0.227
257 F 0.098 0.029 0.033 0.031 0.015 0.022 0.035 0.048 0.018 0.046 0.076 0.037 0.02 0.172 0.021 0.125 0.052 0.01 0.059 0.052
258 L 0.063 0.023 0.022 0.022 0.016 0.017 0.024 0.098 0.01 0.132 0.191 0.029 0.032 0.037 0.017 0.04 0.07 0.006 0.019 0.132
259 Y 0.043 0.023 0.017 0.017 0.018 0.017 0.022 0.022 0.026 0.148 0.15 0.027 0.029 0.083 0.015 0.027 0.032 0.016 0.168 0.1
260 G 0.072 0.023 0.035 0.03 0.011 0.018 0.024 0.447 0.013 0.032 0.08 0.032 0.015 0.021 0.018 0.048 0.03 0.005 0.012 0.034
261 G 0.059 0.021 0.024 0.023 0.014 0.016 0.023 0.157 0.011 0.141 0.107 0.028 0.025 0.084 0.016 0.046 0.048 0.007 0.027 0.122
262 L 0.091 0.025 0.022 0.022 0.016 0.018 0.026 0.035 0.012 0.116 0.171 0.03 0.03 0.089 0.018 0.053 0.073 0.007 0.029 0.116
263 G 0.132 0.024 0.035 0.032 0.013 0.02 0.028 0.418 0.013 0.024 0.035 0.035 0.011 0.017 0.021 0.058 0.034 0.005 0.012 0.034
264 S 0.103 0.029 0.034 0.032 0.016 0.023 0.035 0.075 0.014 0.076 0.077 0.038 0.021 0.079 0.022 0.11 0.089 0.007 0.027 0.094
265 V 0.122 0.028 0.029 0.029 0.017 0.022 0.034 0.047 0.014 0.082 0.087 0.037 0.022 0.081 0.022 0.104 0.064 0.007 0.028 0.124
266 L 0.048 0.023 0.015 0.015 0.015 0.015 0.02 0.022 0.011 0.11 0.314 0.024 0.042 0.101 0.014 0.026 0.034 0.008 0.031 0.113
267 L 0.045 0.023 0.014 0.015 0.016 0.015 0.019 0.021 0.01 0.14 0.348 0.024 0.046 0.051 0.014 0.024 0.034 0.007 0.021 0.114
268 L 0.054 0.02 0.015 0.017 0.017 0.015 0.02 0.022 0.009 0.194 0.203 0.024 0.037 0.042 0.015 0.027 0.041 0.006 0.02 0.202
269 L 0.058 0.021 0.018 0.018 0.085 0.015 0.02 0.095 0.009 0.123 0.197 0.025 0.032 0.037 0.015 0.032 0.037 0.006 0.018 0.139
270 L 0.05 0.03 0.019 0.019 0.016 0.026 0.026 0.026 0.015 0.1 0.22 0.034 0.165 0.048 0.015 0.033 0.038 0.008 0.023 0.09
271 Y 0.039 0.027 0.021 0.018 0.009 0.021 0.027 0.024 0.045 0.042 0.067 0.03 0.018 0.127 0.015 0.03 0.027 0.027 0.338 0.045
272 V 0.059 0.032 0.019 0.021 0.016 0.02 0.028 0.025 0.01 0.181 0.126 0.064 0.032 0.035 0.017 0.032 0.044 0.005 0.02 0.214
273 F 0.068 0.022 0.019 0.02 0.014 0.015 0.023 0.031 0.014 0.086 0.107 0.025 0.025 0.244 0.015 0.046 0.037 0.012 0.057 0.121
274 I 0.049 0.018 0.015 0.017 0.016 0.013 0.018 0.021 0.008 0.273 0.158 0.023 0.035 0.042 0.015 0.025 0.04 0.006 0.02 0.189
275 Q 0.054 0.071 0.043 0.046 0.009 0.237 0.1 0.04 0.029 0.026 0.046 0.089 0.02 0.014 0.023 0.054 0.04 0.006 0.02 0.034
276 G 0.071 0.025 0.081 0.04 0.01 0.02 0.028 0.459 0.016 0.019 0.028 0.036 0.009 0.016 0.019 0.052 0.032 0.005 0.011 0.024
277 V 0.099 0.026 0.063 0.028 0.018 0.02 0.029 0.037 0.012 0.123 0.103 0.032 0.026 0.03 0.018 0.044 0.048 0.005 0.019 0.221
278 T 0.056 0.094 0.082 0.058 0.013 0.054 0.049 0.041 0.024 0.045 0.07 0.061 0.041 0.023 0.022 0.065 0.127 0.006 0.018 0.053
279 S 0.075 0.04 0.079 0.122 0.013 0.048 0.079 0.054 0.02 0.029 0.04 0.054 0.014 0.019 0.026 0.141 0.089 0.005 0.016 0.039
280 L 0.072 0.023 0.016 0.019 0.016 0.017 0.024 0.028 0.01 0.122 0.239 0.028 0.035 0.04 0.086 0.033 0.038 0.006 0.019 0.128
281 D 0.097 0.033 0.041 0.157 0.012 0.034 0.12 0.073 0.017 0.04 0.09 0.048 0.018 0.022 0.023 0.056 0.053 0.005 0.015 0.046
282 S 0.107 0.044 0.085 0.054 0.014 0.064 0.092 0.055 0.021 0.031 0.044 0.058 0.016 0.019 0.026 0.123 0.081 0.005 0.017 0.043
283 F 0.035 0.02 0.017 0.016 0.011 0.013 0.02 0.024 0.02 0.066 0.145 0.021 0.027 0.315 0.011 0.025 0.026 0.017 0.113 0.058
284 L 0.043 0.023 0.014 0.015 0.015 0.015 0.02 0.021 0.01 0.11 0.38 0.024 0.047 0.07 0.014 0.024 0.032 0.007 0.025 0.091
285 S 0.131 0.035 0.046 0.043 0.017 0.029 0.046 0.132 0.017 0.029 0.041 0.048 0.015 0.02 0.027 0.192 0.068 0.005 0.016 0.042
286 Y 0.04 0.026 0.021 0.018 0.01 0.02 0.026 0.024 0.042 0.066 0.076 0.03 0.02 0.119 0.015 0.03 0.028 0.025 0.307 0.057
287 N 0.053 0.052 0.254 0.07 0.01 0.035 0.051 0.06 0.027 0.024 0.034 0.088 0.012 0.018 0.022 0.09 0.051 0.005 0.016 0.029
288 T 0.073 0.055 0.044 0.04 0.015 0.035 0.049 0.046 0.016 0.04 0.053 0.119 0.017 0.02 0.027 0.108 0.167 0.005 0.017 0.053
289 G 0.076 0.022 0.038 0.033 0.01 0.018 0.025 0.524 0.013 0.018 0.027 0.033 0.009 0.016 0.018 0.05 0.029 0.005 0.01 0.024
290 P 0.055 0.025 0.023 0.03 0.01 0.02 0.035 0.035 0.013 0.025 0.035 0.04 0.01 0.013 0.508 0.043 0.035 0.003 0.013 0.03
291 I 0.046 0.017 0.014 0.017 0.016 0.013 0.017 0.02 0.009 0.292 0.163 0.023 0.036 0.043 0.014 0.024 0.039 0.006 0.02 0.172
292 G 0.076 0.022 0.038 0.033 0.01 0.018 0.025 0.524 0.013 0.018 0.027 0.033 0.009 0.016 0.018 0.05 0.029 0.005 0.01 0.024
293 R 0.043 0.364 0.038 0.03 0.008 0.047 0.051 0.032 0.023 0.023 0.045 0.117 0.015 0.017 0.019 0.043 0.034 0.006 0.017 0.03
294 L 0.046 0.023 0.016 0.017 0.016 0.018 0.021 0.022 0.011 0.17 0.259 0.027 0.081 0.048 0.014 0.027 0.036 0.007 0.022 0.119
295 I 0.046 0.017 0.014 0.017 0.016 0.013 0.017 0.02 0.009 0.292 0.163 0.023 0.036 0.043 0.014 0.024 0.039 0.006 0.02 0.172
296 L 0.04 0.022 0.015 0.015 0.014 0.014 0.019 0.022 0.012 0.098 0.313 0.023 0.041 0.154 0.013 0.024 0.03 0.01 0.04 0.082
297 A 0.223 0.034 0.037 0.037 0.019 0.028 0.044 0.071 0.016 0.036 0.05 0.047 0.016 0.021 0.029 0.151 0.062 0.005 0.017 0.056
298 Q 0.054 0.071 0.043 0.046 0.009 0.238 0.1 0.04 0.029 0.026 0.046 0.089 0.02 0.014 0.023 0.054 0.04 0.006 0.02 0.034
299 I 0.046 0.017 0.014 0.017 0.016 0.013 0.017 0.02 0.009 0.292 0.163 0.023 0.036 0.043 0.014 0.024 0.039 0.006 0.02 0.172
300 A 0.189 0.035 0.041 0.04 0.019 0.029 0.046 0.069 0.017 0.034 0.048 0.049 0.016 0.021 0.029 0.178 0.067 0.005 0.017 0.051
301 P 0.055 0.025 0.023 0.03 0.01 0.02 0.035 0.035 0.013 0.025 0.035 0.04 0.01 0.013 0.508 0.043 0.035 0.003 0.013 0.03
302 F 0.049 0.025 0.027 0.025 0.013 0.017 0.027 0.032 0.015 0.058 0.092 0.029 0.024 0.241 0.017 0.052 0.126 0.012 0.057 0.06
303 F 0.035 0.021 0.018 0.017 0.01 0.013 0.021 0.025 0.025 0.056 0.098 0.022 0.023 0.325 0.012 0.026 0.025 0.019 0.158 0.051
304 L 0.044 0.025 0.015 0.015 0.016 0.017 0.021 0.022 0.011 0.11 0.365 0.026 0.068 0.052 0.014 0.025 0.033 0.007 0.022 0.093
305 H 0.041 0.044 0.052 0.037 0.007 0.037 0.052 0.037 0.374 0.022 0.037 0.044 0.015 0.03 0.019 0.041 0.026 0.007 0.056 0.022
306 L 0.043 0.024 0.014 0.015 0.016 0.016 0.02 0.021 0.01 0.112 0.394 0.025 0.048 0.053 0.014 0.024 0.032 0.007 0.022 0.093
307 D 0.042 0.036 0.14 0.273 0.008 0.035 0.11 0.049 0.023 0.022 0.029 0.05 0.01 0.016 0.022 0.056 0.038 0.004 0.013 0.025
308 L 0.047 0.025 0.019 0.019 0.015 0.018 0.023 0.024 0.015 0.119 0.264 0.028 0.04 0.058 0.016 0.034 0.066 0.009 0.066 0.094
309 F 0.033 0.018 0.016 0.016 0.01 0.01 0.018 0.025 0.016 0.062 0.111 0.018 0.025 0.405 0.01 0.025 0.025 0.016 0.086 0.053
310 G 0.08 0.025 0.04 0.035 0.011 0.02 0.029 0.459 0.014 0.02 0.029 0.036 0.01 0.016 0.02 0.077 0.036 0.005 0.011 0.026
311 D 0.046 0.045 0.092 0.167 0.008 0.07 0.144 0.043 0.074 0.022 0.034 0.06 0.013 0.018 0.022 0.053 0.036 0.005 0.021 0.027
312 K 0.108 0.058 0.038 0.038 0.014 0.064 0.057 0.05 0.018 0.048 0.056 0.123 0.018 0.02 0.026 0.108 0.053 0.005 0.018 0.077
313 L 0.048 0.021 0.014 0.016 0.016 0.015 0.019 0.021 0.009 0.179 0.279 0.024 0.042 0.047 0.014 0.025 0.037 0.006 0.021 0.148
314 P 0.054 0.027 0.037 0.141 0.01 0.024 0.052 0.04 0.015 0.024 0.033 0.042 0.01 0.014 0.335 0.059 0.038 0.003 0.012 0.029
315 F 0.038 0.021 0.018 0.018 0.011 0.014 0.022 0.026 0.019 0.061 0.134 0.024 0.025 0.259 0.083 0.028 0.028 0.015 0.102 0.055
316 L 0.043 0.024 0.014 0.015 0.016 0.016 0.02 0.021 0.01 0.112 0.394 0.025 0.048 0.053 0.014 0.024 0.032 0.007 0.022 0.093
317 Y 0.045 0.041 0.091 0.046 0.009 0.053 0.084 0.037 0.089 0.038 0.066 0.049 0.039 0.052 0.019 0.045 0.035 0.012 0.108 0.041
318 G 0.11 0.023 0.036 0.032 0.012 0.019 0.027 0.46 0.013 0.022 0.032 0.034 0.01 0.016 0.02 0.054 0.032 0.005 0.011 0.03
319 K 0.055 0.146 0.041 0.039 0.009 0.077 0.069 0.041 0.022 0.026 0.043 0.223 0.016 0.016 0.025 0.06 0.04 0.005 0.017 0.032
320 S 0.102 0.037 0.05 0.045 0.016 0.03 0.047 0.13 0.018 0.027 0.039 0.05 0.014 0.02 0.027 0.215 0.072 0.005 0.016 0.038
