#Seq2Logo.py -f /work3/idamei/ssn-clusterings/2206011120/clusters/0006_152/sequences.afa -m 0.0001 -b 50 -o /work3/idamei/ssn-clusterings/2206011120/clusters/0006_152/sequences.logo
#Position Specific Frequency Matrix
A R N D C Q E G H I L K M F P S T W Y V
0 M 0.048 0.03 0.019 0.019 0.015 0.026 0.026 0.026 0.015 0.093 0.182 0.033 0.223 0.045 0.015 0.033 0.037 0.007 0.022 0.086
1 N 0.048 0.029 0.109 0.037 0.012 0.023 0.031 0.036 0.024 0.108 0.078 0.036 0.02 0.051 0.018 0.051 0.101 0.01 0.103 0.075
2 A 0.119 0.042 0.111 0.042 0.013 0.087 0.052 0.05 0.021 0.045 0.078 0.053 0.065 0.024 0.021 0.058 0.042 0.006 0.018 0.052
3 P 0.047 0.134 0.028 0.028 0.01 0.032 0.042 0.031 0.016 0.045 0.134 0.125 0.021 0.023 0.146 0.039 0.034 0.005 0.016 0.045
4 L 0.059 0.051 0.038 0.034 0.012 0.033 0.046 0.039 0.111 0.046 0.133 0.111 0.022 0.028 0.021 0.096 0.042 0.006 0.027 0.045
5 K 0.05 0.072 0.142 0.055 0.008 0.11 0.072 0.048 0.026 0.025 0.039 0.148 0.015 0.015 0.023 0.057 0.042 0.005 0.017 0.03
6 E 0.049 0.041 0.048 0.198 0.007 0.051 0.245 0.037 0.023 0.021 0.033 0.063 0.011 0.015 0.024 0.052 0.035 0.005 0.014 0.028
7 R 0.068 0.171 0.043 0.039 0.011 0.043 0.056 0.046 0.02 0.026 0.042 0.158 0.015 0.017 0.025 0.115 0.05 0.005 0.017 0.034
8 F 0.048 0.137 0.023 0.021 0.012 0.024 0.03 0.027 0.016 0.081 0.093 0.053 0.023 0.154 0.015 0.033 0.035 0.009 0.041 0.127
9 D 0.041 0.03 0.069 0.397 0.008 0.03 0.091 0.047 0.019 0.022 0.028 0.045 0.009 0.015 0.022 0.052 0.035 0.004 0.011 0.024
10 L 0.045 0.024 0.014 0.015 0.016 0.016 0.02 0.021 0.01 0.115 0.375 0.025 0.05 0.055 0.014 0.024 0.033 0.007 0.022 0.096
11 Y 0.04 0.028 0.022 0.019 0.009 0.022 0.028 0.025 0.047 0.044 0.068 0.031 0.019 0.131 0.016 0.031 0.028 0.028 0.318 0.047
12 Y 0.04 0.028 0.022 0.019 0.009 0.022 0.028 0.025 0.047 0.044 0.068 0.031 0.019 0.131 0.016 0.031 0.028 0.028 0.318 0.047
13 L 0.043 0.126 0.028 0.026 0.01 0.087 0.048 0.028 0.026 0.049 0.142 0.063 0.024 0.051 0.017 0.036 0.032 0.011 0.105 0.049
14 A 0.199 0.031 0.031 0.043 0.014 0.031 0.111 0.18 0.016 0.03 0.043 0.046 0.013 0.018 0.024 0.065 0.039 0.005 0.015 0.045
15 H 0.042 0.046 0.053 0.038 0.008 0.038 0.053 0.038 0.355 0.023 0.038 0.046 0.015 0.03 0.019 0.042 0.027 0.008 0.057 0.023
16 G 0.136 0.026 0.029 0.028 0.016 0.021 0.03 0.17 0.012 0.065 0.066 0.035 0.018 0.023 0.022 0.061 0.104 0.005 0.016 0.118
17 K 0.05 0.126 0.033 0.03 0.009 0.034 0.044 0.136 0.018 0.03 0.051 0.165 0.015 0.098 0.019 0.042 0.031 0.007 0.028 0.033
18 S 0.07 0.031 0.035 0.031 0.014 0.024 0.036 0.041 0.02 0.05 0.125 0.039 0.022 0.046 0.022 0.139 0.102 0.01 0.088 0.055
19 C 0.054 0.017 0.015 0.016 0.218 0.012 0.017 0.024 0.008 0.177 0.11 0.021 0.026 0.031 0.015 0.03 0.037 0.005 0.016 0.151
20 L 0.039 0.021 0.015 0.015 0.013 0.014 0.019 0.021 0.017 0.128 0.234 0.023 0.033 0.139 0.013 0.024 0.03 0.012 0.102 0.087
21 L 0.046 0.024 0.021 0.019 0.011 0.018 0.023 0.126 0.024 0.062 0.199 0.027 0.027 0.072 0.015 0.03 0.028 0.014 0.158 0.057
22 I 0.049 0.019 0.018 0.019 0.014 0.014 0.018 0.125 0.009 0.22 0.183 0.024 0.031 0.038 0.014 0.028 0.034 0.006 0.018 0.12
23 F 0.031 0.018 0.016 0.016 0.01 0.01 0.018 0.024 0.016 0.059 0.106 0.018 0.024 0.432 0.01 0.024 0.024 0.016 0.082 0.051
24 I 0.047 0.018 0.014 0.016 0.016 0.013 0.018 0.02 0.008 0.247 0.202 0.023 0.035 0.041 0.014 0.024 0.037 0.006 0.019 0.181
25 G 0.063 0.025 0.031 0.029 0.014 0.019 0.029 0.138 0.013 0.096 0.077 0.033 0.02 0.106 0.019 0.092 0.093 0.007 0.029 0.068
26 A 0.231 0.027 0.025 0.026 0.12 0.022 0.033 0.058 0.012 0.042 0.057 0.037 0.016 0.02 0.025 0.072 0.095 0.005 0.015 0.062
27 A 0.288 0.03 0.027 0.029 0.019 0.024 0.037 0.066 0.014 0.042 0.056 0.041 0.017 0.02 0.027 0.08 0.097 0.005 0.016 0.064
28 I 0.045 0.017 0.014 0.016 0.015 0.012 0.018 0.021 0.01 0.237 0.139 0.021 0.031 0.118 0.013 0.025 0.036 0.007 0.032 0.173
29 L 0.047 0.02 0.014 0.015 0.016 0.014 0.018 0.02 0.009 0.203 0.255 0.023 0.038 0.043 0.014 0.024 0.036 0.006 0.02 0.166
30 S 0.093 0.033 0.043 0.039 0.117 0.027 0.042 0.055 0.016 0.03 0.043 0.044 0.015 0.019 0.025 0.23 0.068 0.005 0.015 0.042
31 Y 0.04 0.023 0.018 0.016 0.111 0.017 0.023 0.025 0.03 0.038 0.06 0.025 0.016 0.088 0.013 0.029 0.027 0.122 0.236 0.042
32 L 0.042 0.021 0.013 0.015 0.015 0.014 0.018 0.02 0.009 0.15 0.368 0.023 0.044 0.049 0.013 0.023 0.032 0.006 0.02 0.104
33 Y 0.038 0.029 0.09 0.029 0.009 0.022 0.03 0.031 0.04 0.036 0.057 0.033 0.016 0.1 0.015 0.036 0.03 0.022 0.298 0.04
34 T 0.121 0.026 0.027 0.026 0.119 0.02 0.029 0.041 0.011 0.066 0.071 0.034 0.019 0.023 0.022 0.064 0.146 0.005 0.016 0.114
35 V 0.056 0.028 0.09 0.032 0.015 0.02 0.029 0.033 0.013 0.096 0.151 0.033 0.027 0.031 0.018 0.047 0.094 0.005 0.018 0.165
36 L 0.048 0.018 0.015 0.016 0.116 0.013 0.018 0.023 0.01 0.137 0.173 0.021 0.03 0.115 0.013 0.027 0.034 0.007 0.03 0.136
37 T 0.065 0.03 0.035 0.031 0.015 0.024 0.032 0.139 0.013 0.052 0.078 0.038 0.057 0.025 0.022 0.068 0.194 0.006 0.016 0.061
38 G 0.062 0.038 0.042 0.115 0.009 0.026 0.044 0.344 0.015 0.02 0.029 0.093 0.01 0.015 0.02 0.048 0.03 0.005 0.011 0.024
39 K 0.05 0.078 0.034 0.035 0.009 0.087 0.062 0.036 0.019 0.042 0.117 0.221 0.022 0.021 0.022 0.045 0.036 0.005 0.018 0.043
40 F 0.036 0.022 0.017 0.016 0.01 0.015 0.021 0.023 0.025 0.061 0.152 0.023 0.026 0.232 0.012 0.025 0.026 0.018 0.184 0.055
41 N 0.04 0.042 0.368 0.077 0.008 0.031 0.046 0.06 0.029 0.021 0.029 0.05 0.01 0.017 0.019 0.065 0.046 0.004 0.015 0.025
42 G 0.072 0.021 0.036 0.031 0.01 0.018 0.024 0.546 0.012 0.018 0.026 0.031 0.009 0.015 0.018 0.048 0.028 0.005 0.01 0.022
43 D 0.038 0.028 0.064 0.442 0.007 0.028 0.085 0.043 0.017 0.021 0.026 0.041 0.009 0.014 0.021 0.048 0.033 0.003 0.01 0.022
44 F 0.031 0.018 0.016 0.016 0.01 0.01 0.018 0.024 0.016 0.059 0.106 0.018 0.024 0.432 0.01 0.024 0.024 0.016 0.082 0.051
45 G 0.064 0.025 0.027 0.025 0.014 0.02 0.027 0.136 0.014 0.07 0.095 0.031 0.06 0.109 0.017 0.083 0.042 0.008 0.03 0.104
46 G 0.123 0.023 0.031 0.03 0.012 0.019 0.028 0.349 0.013 0.023 0.033 0.035 0.01 0.015 0.122 0.052 0.032 0.004 0.012 0.032
47 V 0.059 0.035 0.025 0.035 0.014 0.076 0.102 0.028 0.015 0.1 0.088 0.045 0.024 0.026 0.018 0.039 0.042 0.005 0.018 0.206
48 D 0.057 0.046 0.108 0.126 0.01 0.032 0.056 0.048 0.019 0.024 0.033 0.102 0.011 0.015 0.125 0.096 0.045 0.004 0.014 0.029
49 V 0.059 0.032 0.025 0.026 0.015 0.068 0.038 0.029 0.013 0.141 0.1 0.039 0.026 0.029 0.018 0.044 0.094 0.005 0.019 0.182
50 E 0.045 0.039 0.099 0.069 0.008 0.044 0.222 0.036 0.023 0.028 0.047 0.055 0.014 0.099 0.02 0.048 0.034 0.007 0.029 0.033
51 L 0.041 0.022 0.013 0.014 0.015 0.015 0.019 0.02 0.009 0.107 0.422 0.023 0.046 0.051 0.013 0.022 0.031 0.007 0.021 0.089
52 G 0.073 0.029 0.044 0.118 0.012 0.025 0.048 0.149 0.015 0.023 0.033 0.042 0.011 0.016 0.125 0.138 0.049 0.004 0.013 0.03
53 V 0.062 0.103 0.097 0.037 0.013 0.027 0.037 0.04 0.017 0.075 0.07 0.052 0.02 0.024 0.019 0.089 0.049 0.005 0.017 0.148
54 L 0.046 0.021 0.016 0.018 0.013 0.015 0.022 0.025 0.01 0.127 0.156 0.026 0.027 0.039 0.116 0.028 0.034 0.11 0.027 0.126
55 L 0.06 0.035 0.037 0.112 0.013 0.072 0.054 0.037 0.016 0.066 0.13 0.045 0.023 0.026 0.02 0.086 0.045 0.005 0.017 0.101
56 L 0.041 0.022 0.013 0.014 0.015 0.015 0.019 0.02 0.009 0.107 0.422 0.023 0.046 0.051 0.013 0.022 0.031 0.007 0.021 0.089
57 L 0.107 0.026 0.021 0.021 0.016 0.019 0.026 0.034 0.011 0.082 0.276 0.031 0.034 0.039 0.019 0.046 0.088 0.006 0.019 0.079
58 I 0.054 0.018 0.018 0.019 0.015 0.014 0.019 0.125 0.009 0.229 0.123 0.024 0.028 0.034 0.015 0.029 0.037 0.005 0.017 0.167
59 V 0.067 0.028 0.093 0.034 0.016 0.022 0.032 0.038 0.014 0.101 0.086 0.034 0.023 0.027 0.018 0.087 0.052 0.005 0.018 0.207
60 L 0.042 0.024 0.016 0.016 0.014 0.018 0.021 0.023 0.013 0.092 0.263 0.026 0.112 0.125 0.013 0.027 0.032 0.009 0.034 0.08
61 I 0.043 0.018 0.014 0.016 0.015 0.013 0.017 0.019 0.008 0.281 0.209 0.022 0.036 0.043 0.014 0.023 0.036 0.006 0.019 0.149
62 L 0.108 0.022 0.02 0.021 0.015 0.017 0.023 0.135 0.011 0.119 0.216 0.028 0.03 0.035 0.017 0.039 0.034 0.006 0.017 0.086
63 T 0.066 0.029 0.035 0.031 0.118 0.023 0.032 0.038 0.012 0.048 0.06 0.037 0.018 0.021 0.023 0.076 0.249 0.005 0.015 0.063
64 L 0.05 0.021 0.014 0.015 0.117 0.014 0.019 0.022 0.009 0.103 0.289 0.023 0.036 0.041 0.014 0.027 0.034 0.006 0.018 0.129
65 L 0.106 0.023 0.016 0.017 0.017 0.017 0.023 0.031 0.01 0.103 0.288 0.027 0.037 0.041 0.016 0.035 0.037 0.006 0.019 0.131
66 P 0.053 0.024 0.022 0.029 0.01 0.019 0.034 0.034 0.012 0.024 0.034 0.038 0.01 0.012 0.531 0.041 0.034 0.002 0.012 0.029
67 Y 0.035 0.023 0.018 0.017 0.009 0.016 0.023 0.023 0.032 0.048 0.08 0.024 0.02 0.246 0.013 0.027 0.025 0.022 0.254 0.046
68 L 0.044 0.02 0.014 0.015 0.015 0.013 0.019 0.021 0.01 0.15 0.245 0.022 0.036 0.122 0.013 0.024 0.034 0.008 0.032 0.143
69 F 0.107 0.021 0.017 0.018 0.015 0.015 0.023 0.033 0.012 0.092 0.102 0.025 0.024 0.19 0.016 0.037 0.037 0.009 0.044 0.162
70 L 0.046 0.025 0.019 0.018 0.015 0.017 0.022 0.024 0.01 0.095 0.349 0.027 0.04 0.045 0.016 0.035 0.085 0.006 0.02 0.084
71 W 0.034 0.035 0.02 0.02 0.008 0.019 0.029 0.029 0.016 0.04 0.07 0.082 0.018 0.198 0.012 0.028 0.025 0.219 0.061 0.038
72 K 0.047 0.051 0.026 0.025 0.111 0.028 0.038 0.031 0.021 0.038 0.062 0.146 0.017 0.12 0.018 0.038 0.031 0.011 0.099 0.042
73 L 0.049 0.023 0.019 0.019 0.015 0.016 0.023 0.025 0.011 0.095 0.226 0.026 0.033 0.118 0.015 0.037 0.087 0.008 0.032 0.124
74 Y 0.099 0.026 0.021 0.019 0.011 0.021 0.028 0.033 0.037 0.04 0.062 0.031 0.017 0.101 0.017 0.039 0.03 0.022 0.298 0.047
75 G 0.082 0.03 0.038 0.035 0.015 0.024 0.036 0.146 0.014 0.055 0.057 0.04 0.017 0.022 0.023 0.144 0.105 0.005 0.016 0.098
76 F 0.097 0.022 0.018 0.018 0.013 0.016 0.023 0.032 0.02 0.061 0.15 0.026 0.025 0.211 0.015 0.035 0.03 0.014 0.114 0.06
77 F 0.033 0.019 0.015 0.015 0.011 0.011 0.018 0.023 0.014 0.068 0.169 0.019 0.028 0.356 0.01 0.023 0.025 0.014 0.07 0.059
78 K 0.06 0.065 0.106 0.057 0.009 0.044 0.115 0.047 0.022 0.024 0.036 0.167 0.013 0.016 0.024 0.098 0.046 0.005 0.016 0.031
79 R 0.06 0.226 0.041 0.036 0.01 0.043 0.054 0.041 0.02 0.025 0.042 0.149 0.015 0.017 0.023 0.1 0.045 0.005 0.016 0.032
80 I 0.043 0.093 0.018 0.018 0.013 0.019 0.023 0.021 0.011 0.221 0.186 0.04 0.032 0.038 0.014 0.027 0.035 0.006 0.019 0.122
81 P 0.062 0.057 0.034 0.036 0.01 0.034 0.049 0.042 0.016 0.025 0.037 0.158 0.012 0.014 0.228 0.092 0.043 0.004 0.014 0.031
82 S 0.066 0.028 0.03 0.03 0.013 0.021 0.033 0.04 0.014 0.049 0.128 0.036 0.022 0.107 0.122 0.128 0.048 0.007 0.029 0.049
83 K 0.056 0.151 0.038 0.035 0.008 0.041 0.052 0.163 0.018 0.023 0.038 0.196 0.013 0.015 0.022 0.048 0.034 0.005 0.015 0.029
84 W 0.044 0.053 0.112 0.054 0.008 0.039 0.118 0.041 0.022 0.024 0.039 0.116 0.013 0.026 0.019 0.047 0.035 0.134 0.028 0.029
85 L 0.049 0.028 0.02 0.029 0.014 0.026 0.087 0.024 0.013 0.096 0.236 0.035 0.071 0.039 0.016 0.032 0.036 0.006 0.02 0.123
86 R 0.06 0.137 0.048 0.137 0.01 0.039 0.063 0.045 0.019 0.024 0.038 0.131 0.013 0.016 0.023 0.101 0.045 0.005 0.015 0.031
87 A 0.192 0.065 0.032 0.034 0.014 0.037 0.053 0.057 0.017 0.033 0.048 0.18 0.016 0.017 0.027 0.065 0.042 0.005 0.016 0.048
88 G 0.056 0.022 0.024 0.023 0.014 0.016 0.023 0.13 0.011 0.121 0.094 0.027 0.023 0.109 0.016 0.042 0.087 0.007 0.029 0.125
89 I 0.048 0.018 0.015 0.018 0.016 0.013 0.018 0.021 0.009 0.264 0.17 0.024 0.037 0.045 0.015 0.025 0.04 0.006 0.021 0.178
90 I 0.048 0.018 0.015 0.018 0.016 0.013 0.018 0.021 0.009 0.264 0.17 0.024 0.037 0.045 0.015 0.025 0.04 0.006 0.021 0.178
91 T 0.068 0.043 0.042 0.048 0.013 0.083 0.113 0.042 0.019 0.034 0.047 0.058 0.016 0.018 0.025 0.11 0.151 0.005 0.017 0.046
92 L 0.054 0.023 0.021 0.022 0.015 0.017 0.025 0.027 0.01 0.132 0.158 0.03 0.027 0.032 0.12 0.041 0.09 0.005 0.017 0.134
93 G 0.074 0.047 0.108 0.047 0.012 0.032 0.046 0.154 0.019 0.024 0.035 0.103 0.012 0.017 0.023 0.143 0.052 0.005 0.015 0.031
94 R 0.042 0.107 0.095 0.036 0.01 0.074 0.045 0.034 0.02 0.09 0.075 0.057 0.02 0.104 0.016 0.041 0.035 0.007 0.03 0.06
95 R 0.065 0.251 0.042 0.035 0.011 0.039 0.048 0.043 0.02 0.024 0.041 0.087 0.014 0.017 0.022 0.136 0.05 0.005 0.016 0.033
96 F 0.069 0.03 0.037 0.033 0.015 0.023 0.036 0.043 0.016 0.047 0.071 0.038 0.019 0.151 0.022 0.121 0.126 0.009 0.04 0.054
97 V 0.049 0.019 0.015 0.016 0.015 0.014 0.019 0.022 0.01 0.159 0.185 0.022 0.032 0.118 0.013 0.026 0.037 0.008 0.032 0.19
98 T 0.076 0.032 0.039 0.035 0.016 0.026 0.038 0.045 0.014 0.052 0.124 0.042 0.022 0.027 0.024 0.15 0.157 0.005 0.017 0.06
99 V 0.047 0.034 0.091 0.034 0.012 0.07 0.041 0.033 0.023 0.113 0.082 0.042 0.022 0.045 0.017 0.04 0.038 0.009 0.088 0.118
100 F 0.035 0.02 0.015 0.015 0.012 0.012 0.018 0.022 0.013 0.078 0.232 0.02 0.032 0.28 0.011 0.023 0.026 0.012 0.058 0.066
101 F 0.039 0.025 0.023 0.02 0.011 0.019 0.025 0.026 0.091 0.111 0.117 0.027 0.064 0.196 0.013 0.028 0.029 0.01 0.052 0.074
102 L 0.045 0.036 0.02 0.02 0.113 0.021 0.029 0.027 0.019 0.055 0.138 0.084 0.023 0.127 0.016 0.032 0.03 0.011 0.1 0.053
103 L 0.098 0.022 0.016 0.017 0.014 0.015 0.022 0.032 0.013 0.074 0.222 0.025 0.031 0.197 0.015 0.034 0.031 0.01 0.044 0.069
104 L 0.106 0.021 0.02 0.021 0.014 0.016 0.023 0.136 0.012 0.11 0.153 0.027 0.026 0.112 0.016 0.039 0.033 0.008 0.03 0.078
105 L 0.046 0.021 0.015 0.016 0.014 0.016 0.02 0.022 0.011 0.147 0.197 0.024 0.071 0.12 0.013 0.027 0.035 0.008 0.033 0.142
106 A 0.161 0.022 0.018 0.021 0.016 0.016 0.025 0.041 0.012 0.158 0.105 0.029 0.025 0.111 0.018 0.045 0.038 0.007 0.031 0.101
107 W 0.031 0.021 0.014 0.014 0.009 0.014 0.021 0.026 0.013 0.044 0.124 0.022 0.02 0.055 0.008 0.021 0.023 0.425 0.055 0.04
108 H 0.05 0.033 0.037 0.03 0.01 0.026 0.038 0.036 0.176 0.034 0.056 0.036 0.017 0.126 0.017 0.082 0.035 0.012 0.115 0.035
109 I 0.041 0.018 0.014 0.016 0.014 0.012 0.017 0.02 0.01 0.228 0.199 0.021 0.034 0.121 0.013 0.023 0.033 0.008 0.032 0.126
110 F 0.094 0.02 0.017 0.018 0.012 0.013 0.022 0.033 0.015 0.055 0.096 0.022 0.022 0.35 0.013 0.035 0.028 0.014 0.069 0.053
111 V 0.116 0.021 0.017 0.019 0.018 0.016 0.024 0.032 0.009 0.164 0.114 0.027 0.028 0.032 0.017 0.039 0.044 0.005 0.019 0.239
112 T 0.068 0.033 0.04 0.035 0.016 0.026 0.036 0.04 0.013 0.049 0.06 0.042 0.018 0.022 0.026 0.086 0.302 0.005 0.016 0.066
113 I 0.045 0.017 0.014 0.016 0.015 0.012 0.018 0.021 0.01 0.237 0.139 0.021 0.031 0.118 0.013 0.025 0.036 0.007 0.032 0.173
114 L 0.047 0.042 0.091 0.033 0.012 0.026 0.036 0.033 0.022 0.069 0.135 0.092 0.023 0.047 0.017 0.039 0.037 0.009 0.088 0.102
115 F 0.033 0.022 0.017 0.016 0.009 0.015 0.022 0.024 0.026 0.045 0.077 0.023 0.019 0.233 0.011 0.025 0.024 0.123 0.193 0.043
116 G 0.072 0.021 0.036 0.031 0.01 0.018 0.024 0.546 0.012 0.018 0.026 0.031 0.009 0.015 0.018 0.048 0.028 0.005 0.01 0.022
117 V 0.12 0.022 0.017 0.019 0.018 0.017 0.025 0.033 0.009 0.13 0.108 0.028 0.027 0.03 0.018 0.04 0.046 0.005 0.019 0.271
118 G 0.072 0.021 0.036 0.031 0.01 0.018 0.024 0.546 0.012 0.018 0.026 0.031 0.009 0.015 0.018 0.048 0.028 0.005 0.01 0.022
119 I 0.049 0.035 0.019 0.02 0.014 0.021 0.028 0.024 0.01 0.187 0.179 0.085 0.032 0.036 0.016 0.03 0.037 0.005 0.019 0.154
120 L 0.047 0.028 0.018 0.018 0.015 0.024 0.025 0.025 0.014 0.096 0.23 0.031 0.187 0.046 0.015 0.031 0.036 0.007 0.022 0.086
121 G 0.12 0.024 0.039 0.113 0.011 0.021 0.039 0.351 0.014 0.023 0.032 0.035 0.01 0.016 0.02 0.054 0.032 0.005 0.011 0.031
122 R 0.058 0.192 0.041 0.038 0.009 0.133 0.067 0.04 0.023 0.024 0.042 0.088 0.016 0.016 0.021 0.093 0.043 0.005 0.017 0.032
123 P 0.066 0.03 0.033 0.043 0.01 0.029 0.098 0.141 0.016 0.023 0.033 0.046 0.011 0.015 0.226 0.092 0.041 0.004 0.013 0.03
124 L 0.042 0.029 0.03 0.115 0.011 0.028 0.099 0.029 0.016 0.06 0.154 0.037 0.063 0.111 0.016 0.036 0.032 0.008 0.03 0.055
125 Y 0.043 0.025 0.019 0.017 0.01 0.019 0.025 0.023 0.036 0.063 0.075 0.028 0.02 0.104 0.015 0.029 0.03 0.022 0.298 0.099
126 G 0.073 0.037 0.108 0.056 0.012 0.034 0.103 0.152 0.02 0.023 0.033 0.05 0.012 0.017 0.023 0.144 0.052 0.005 0.014 0.031
127 A 0.174 0.024 0.02 0.023 0.017 0.019 0.03 0.045 0.011 0.082 0.077 0.034 0.02 0.024 0.123 0.052 0.043 0.005 0.016 0.16
128 P 0.053 0.024 0.022 0.029 0.01 0.019 0.034 0.034 0.012 0.024 0.034 0.038 0.01 0.012 0.531 0.041 0.034 0.002 0.012 0.029
129 P 0.178 0.028 0.028 0.032 0.015 0.023 0.038 0.055 0.014 0.031 0.043 0.042 0.013 0.017 0.229 0.103 0.047 0.004 0.014 0.045
130 L 0.1 0.02 0.016 0.018 0.015 0.015 0.021 0.031 0.011 0.171 0.179 0.025 0.031 0.117 0.016 0.034 0.035 0.008 0.031 0.106
131 I 0.052 0.018 0.014 0.016 0.016 0.014 0.018 0.021 0.008 0.256 0.142 0.023 0.032 0.038 0.014 0.026 0.04 0.005 0.019 0.227
132 G 0.076 0.028 0.033 0.03 0.015 0.022 0.032 0.142 0.013 0.066 0.129 0.036 0.023 0.027 0.02 0.131 0.051 0.005 0.016 0.102
133 P 0.05 0.024 0.021 0.026 0.009 0.019 0.032 0.031 0.018 0.027 0.04 0.036 0.011 0.034 0.428 0.038 0.032 0.007 0.083 0.032
134 F 0.036 0.018 0.015 0.015 0.012 0.011 0.018 0.022 0.013 0.122 0.179 0.02 0.03 0.278 0.011 0.023 0.028 0.012 0.057 0.081
135 I 0.044 0.016 0.014 0.016 0.015 0.012 0.016 0.019 0.008 0.325 0.155 0.022 0.034 0.041 0.014 0.023 0.037 0.005 0.019 0.164
136 Q 0.049 0.066 0.036 0.037 0.008 0.178 0.075 0.036 0.029 0.028 0.047 0.123 0.018 0.035 0.021 0.047 0.035 0.009 0.088 0.034
137 F 0.046 0.017 0.015 0.016 0.115 0.012 0.018 0.024 0.011 0.127 0.11 0.02 0.025 0.191 0.013 0.028 0.033 0.009 0.043 0.128
138 L 0.045 0.022 0.019 0.019 0.014 0.016 0.022 0.024 0.011 0.129 0.233 0.026 0.034 0.119 0.015 0.036 0.085 0.008 0.032 0.092
139 N 0.04 0.042 0.368 0.077 0.008 0.031 0.046 0.06 0.029 0.021 0.029 0.05 0.01 0.017 0.019 0.065 0.046 0.004 0.015 0.025
140 R 0.041 0.394 0.036 0.029 0.007 0.045 0.048 0.03 0.022 0.022 0.043 0.111 0.014 0.016 0.018 0.041 0.032 0.005 0.016 0.029
141 L 0.043 0.019 0.013 0.015 0.015 0.013 0.017 0.019 0.009 0.238 0.262 0.022 0.039 0.045 0.013 0.023 0.034 0.006 0.02 0.134
142 N 0.039 0.036 0.246 0.223 0.008 0.03 0.061 0.053 0.024 0.021 0.028 0.047 0.01 0.016 0.02 0.058 0.041 0.004 0.013 0.024
143 P 0.055 0.023 0.02 0.026 0.011 0.018 0.031 0.031 0.011 0.05 0.051 0.035 0.013 0.016 0.428 0.039 0.036 0.003 0.013 0.088
144 F 0.095 0.021 0.018 0.018 0.012 0.015 0.023 0.033 0.021 0.051 0.087 0.025 0.021 0.288 0.014 0.036 0.029 0.016 0.126 0.052
145 Y 0.039 0.024 0.019 0.017 0.01 0.019 0.024 0.022 0.036 0.097 0.082 0.027 0.021 0.105 0.014 0.028 0.028 0.022 0.298 0.067
146 L 0.046 0.021 0.014 0.015 0.016 0.015 0.019 0.02 0.009 0.16 0.308 0.023 0.04 0.045 0.014 0.024 0.035 0.006 0.02 0.151
147 G 0.072 0.021 0.036 0.031 0.01 0.018 0.024 0.546 0.012 0.018 0.026 0.031 0.009 0.015 0.018 0.048 0.028 0.005 0.01 0.022
148 V 0.061 0.02 0.015 0.016 0.017 0.015 0.021 0.022 0.008 0.187 0.128 0.024 0.03 0.035 0.015 0.029 0.044 0.005 0.019 0.291
149 L 0.04 0.02 0.014 0.015 0.014 0.013 0.018 0.02 0.01 0.141 0.305 0.022 0.039 0.125 0.013 0.023 0.031 0.008 0.033 0.096
150 F 0.033 0.019 0.017 0.016 0.01 0.012 0.019 0.023 0.021 0.055 0.097 0.02 0.022 0.37 0.011 0.025 0.024 0.018 0.139 0.049
151 I 0.044 0.016 0.014 0.016 0.015 0.012 0.016 0.019 0.008 0.325 0.155 0.022 0.034 0.041 0.014 0.023 0.037 0.005 0.019 0.164
152 L 0.039 0.022 0.014 0.014 0.014 0.014 0.018 0.02 0.011 0.097 0.359 0.022 0.041 0.127 0.012 0.023 0.029 0.008 0.033 0.081
153 L 0.111 0.021 0.016 0.018 0.118 0.016 0.022 0.033 0.009 0.133 0.163 0.026 0.028 0.033 0.017 0.039 0.039 0.005 0.017 0.138
154 Y 0.048 0.028 0.029 0.024 0.113 0.023 0.031 0.03 0.102 0.039 0.057 0.032 0.016 0.062 0.017 0.044 0.083 0.014 0.164 0.045
155 K 0.052 0.067 0.035 0.047 0.008 0.09 0.122 0.037 0.02 0.024 0.038 0.171 0.014 0.014 0.126 0.049 0.036 0.005 0.016 0.03
156 G 0.074 0.04 0.039 0.035 0.011 0.027 0.037 0.348 0.015 0.021 0.031 0.095 0.011 0.016 0.021 0.094 0.039 0.005 0.012 0.027
157 R 0.058 0.189 0.036 0.034 0.01 0.038 0.049 0.039 0.018 0.024 0.04 0.129 0.013 0.016 0.124 0.09 0.042 0.005 0.015 0.031
158 K 0.056 0.129 0.034 0.031 0.011 0.037 0.048 0.035 0.016 0.055 0.061 0.168 0.018 0.02 0.022 0.051 0.091 0.005 0.017 0.096
159 L 0.058 0.045 0.03 0.039 0.012 0.034 0.1 0.035 0.016 0.057 0.191 0.1 0.027 0.03 0.021 0.085 0.042 0.006 0.018 0.055
160 T 0.063 0.026 0.028 0.026 0.017 0.02 0.029 0.031 0.011 0.141 0.102 0.033 0.026 0.03 0.021 0.058 0.162 0.006 0.018 0.152
161 L 0.039 0.023 0.027 0.118 0.012 0.017 0.036 0.027 0.013 0.075 0.236 0.027 0.032 0.134 0.015 0.03 0.03 0.008 0.034 0.065
162 F 0.055 0.026 0.027 0.025 0.013 0.018 0.028 0.034 0.014 0.06 0.146 0.03 0.025 0.191 0.017 0.087 0.091 0.01 0.044 0.059
163 F 0.044 0.023 0.022 0.02 0.013 0.015 0.023 0.027 0.014 0.07 0.172 0.026 0.028 0.229 0.015 0.04 0.092 0.011 0.051 0.065
164 G 0.11 0.022 0.021 0.021 0.014 0.017 0.024 0.138 0.011 0.113 0.081 0.028 0.02 0.033 0.016 0.04 0.035 0.11 0.026 0.12
165 I 0.051 0.017 0.014 0.016 0.117 0.013 0.017 0.022 0.008 0.234 0.129 0.022 0.029 0.035 0.014 0.028 0.038 0.005 0.018 0.173
166 I 0.057 0.022 0.022 0.022 0.015 0.016 0.024 0.029 0.011 0.178 0.115 0.027 0.027 0.113 0.016 0.076 0.044 0.007 0.031 0.148
167 L 0.102 0.023 0.015 0.017 0.016 0.016 0.022 0.03 0.01 0.137 0.295 0.027 0.038 0.043 0.016 0.034 0.035 0.006 0.019 0.099
168 L 0.043 0.023 0.014 0.015 0.015 0.017 0.02 0.021 0.01 0.148 0.321 0.025 0.079 0.048 0.014 0.025 0.033 0.007 0.021 0.103
169 I 0.108 0.021 0.017 0.019 0.117 0.017 0.022 0.033 0.01 0.165 0.122 0.027 0.064 0.033 0.017 0.039 0.038 0.005 0.018 0.106
170 V 0.115 0.02 0.017 0.018 0.118 0.016 0.022 0.033 0.009 0.142 0.102 0.026 0.025 0.029 0.017 0.04 0.042 0.005 0.017 0.185
171 L 0.046 0.025 0.019 0.018 0.015 0.017 0.022 0.024 0.01 0.095 0.349 0.027 0.04 0.045 0.016 0.035 0.085 0.006 0.02 0.084
172 G 0.072 0.021 0.036 0.031 0.01 0.018 0.024 0.546 0.012 0.018 0.026 0.031 0.009 0.015 0.018 0.048 0.028 0.005 0.01 0.022
173 L 0.051 0.02 0.014 0.016 0.016 0.015 0.019 0.021 0.008 0.169 0.248 0.023 0.037 0.042 0.014 0.026 0.038 0.006 0.02 0.198
174 L 0.054 0.024 0.021 0.021 0.015 0.018 0.024 0.028 0.011 0.135 0.292 0.028 0.037 0.042 0.016 0.074 0.041 0.006 0.019 0.094
175 R 0.041 0.394 0.036 0.029 0.007 0.045 0.048 0.03 0.022 0.022 0.043 0.111 0.014 0.016 0.018 0.041 0.032 0.005 0.016 0.029
176 G 0.235 0.026 0.029 0.029 0.016 0.021 0.032 0.262 0.013 0.031 0.043 0.037 0.013 0.018 0.023 0.066 0.039 0.005 0.014 0.047
177 G 0.072 0.021 0.036 0.031 0.01 0.018 0.024 0.546 0.012 0.018 0.026 0.031 0.009 0.015 0.018 0.048 0.028 0.005 0.01 0.022
178 L 0.047 0.02 0.014 0.015 0.016 0.014 0.018 0.02 0.009 0.203 0.255 0.023 0.038 0.043 0.014 0.024 0.036 0.006 0.02 0.166
179 G 0.072 0.021 0.036 0.031 0.01 0.018 0.024 0.546 0.012 0.018 0.026 0.031 0.009 0.015 0.018 0.048 0.028 0.005 0.01 0.022
180 V 0.128 0.025 0.024 0.024 0.018 0.02 0.03 0.041 0.011 0.105 0.091 0.033 0.024 0.028 0.02 0.09 0.052 0.005 0.018 0.214
181 F 0.031 0.018 0.016 0.016 0.01 0.01 0.018 0.024 0.016 0.059 0.106 0.018 0.024 0.432 0.01 0.024 0.024 0.016 0.082 0.051
182 L 0.046 0.021 0.014 0.015 0.016 0.015 0.019 0.02 0.009 0.16 0.308 0.023 0.04 0.045 0.014 0.024 0.035 0.006 0.02 0.151
183 Y 0.036 0.024 0.019 0.017 0.009 0.018 0.024 0.023 0.038 0.044 0.072 0.027 0.019 0.183 0.014 0.028 0.025 0.024 0.311 0.045
184 I 0.052 0.018 0.014 0.016 0.016 0.014 0.018 0.021 0.008 0.256 0.142 0.023 0.032 0.038 0.014 0.026 0.04 0.005 0.019 0.227
185 I 0.121 0.024 0.027 0.027 0.015 0.019 0.028 0.144 0.012 0.147 0.086 0.033 0.022 0.027 0.02 0.09 0.045 0.005 0.016 0.09
186 I 0.05 0.025 0.021 0.021 0.015 0.02 0.024 0.026 0.012 0.177 0.147 0.031 0.106 0.039 0.017 0.04 0.09 0.006 0.02 0.113
187 A 0.239 0.031 0.032 0.032 0.019 0.025 0.04 0.064 0.014 0.039 0.053 0.043 0.016 0.02 0.027 0.12 0.103 0.005 0.016 0.059
188 L 0.039 0.022 0.014 0.014 0.014 0.014 0.018 0.02 0.011 0.097 0.359 0.022 0.041 0.127 0.012 0.023 0.029 0.008 0.033 0.081
189 F 0.103 0.023 0.022 0.022 0.014 0.016 0.025 0.036 0.013 0.106 0.096 0.028 0.023 0.19 0.017 0.047 0.086 0.009 0.043 0.079
190 V 0.052 0.019 0.014 0.016 0.016 0.014 0.019 0.021 0.008 0.212 0.195 0.023 0.035 0.04 0.014 0.026 0.039 0.006 0.019 0.212
191 R 0.046 0.276 0.037 0.033 0.008 0.047 0.055 0.034 0.021 0.023 0.042 0.199 0.014 0.015 0.021 0.045 0.034 0.005 0.016 0.029
192 Y 0.038 0.025 0.019 0.017 0.01 0.019 0.024 0.022 0.036 0.054 0.135 0.028 0.023 0.107 0.014 0.028 0.027 0.022 0.299 0.052
193 N 0.039 0.109 0.232 0.055 0.008 0.032 0.042 0.047 0.03 0.025 0.039 0.058 0.013 0.037 0.018 0.053 0.039 0.009 0.086 0.029
194 F 0.04 0.035 0.019 0.02 0.012 0.019 0.027 0.025 0.014 0.115 0.166 0.082 0.028 0.194 0.014 0.028 0.03 0.01 0.044 0.077
195 D 0.062 0.034 0.043 0.127 0.011 0.033 0.11 0.042 0.017 0.028 0.039 0.048 0.013 0.016 0.126 0.101 0.096 0.004 0.014 0.037
196 L 0.044 0.022 0.015 0.017 0.014 0.015 0.021 0.022 0.01 0.134 0.291 0.026 0.036 0.041 0.117 0.026 0.033 0.006 0.019 0.092
197 L 0.053 0.023 0.023 0.022 0.014 0.017 0.023 0.129 0.01 0.121 0.217 0.028 0.031 0.036 0.017 0.04 0.086 0.006 0.017 0.086
198 A 0.115 0.046 0.1 0.041 0.012 0.031 0.045 0.051 0.025 0.031 0.045 0.1 0.015 0.038 0.023 0.1 0.046 0.009 0.086 0.04
199 F 0.036 0.022 0.017 0.016 0.01 0.015 0.021 0.023 0.025 0.061 0.152 0.023 0.026 0.232 0.012 0.025 0.026 0.018 0.184 0.055
200 L 0.048 0.018 0.015 0.016 0.116 0.013 0.018 0.023 0.01 0.137 0.173 0.021 0.03 0.115 0.013 0.027 0.034 0.007 0.03 0.136
201 K 0.046 0.142 0.033 0.032 0.008 0.041 0.053 0.035 0.019 0.031 0.054 0.225 0.016 0.098 0.021 0.043 0.033 0.007 0.029 0.034
202 K 0.048 0.217 0.037 0.035 0.008 0.048 0.059 0.036 0.02 0.024 0.041 0.243 0.014 0.015 0.023 0.046 0.035 0.005 0.016 0.03
203 R 0.042 0.177 0.096 0.034 0.009 0.033 0.039 0.034 0.026 0.039 0.072 0.067 0.056 0.043 0.017 0.042 0.035 0.01 0.087 0.042
204 P 0.053 0.054 0.028 0.033 0.009 0.031 0.046 0.036 0.015 0.025 0.036 0.156 0.011 0.013 0.329 0.044 0.035 0.003 0.014 0.029
205 I 0.04 0.019 0.014 0.015 0.013 0.013 0.018 0.021 0.01 0.222 0.187 0.022 0.032 0.046 0.012 0.023 0.033 0.111 0.028 0.122
206 L 0.065 0.103 0.032 0.029 0.014 0.027 0.037 0.039 0.015 0.058 0.193 0.052 0.027 0.031 0.02 0.128 0.049 0.006 0.018 0.057
207 C 0.045 0.016 0.015 0.016 0.216 0.011 0.016 0.025 0.011 0.105 0.097 0.019 0.022 0.189 0.013 0.029 0.03 0.009 0.041 0.074
208 L 0.044 0.02 0.014 0.015 0.015 0.013 0.019 0.021 0.01 0.15 0.245 0.022 0.036 0.122 0.013 0.024 0.034 0.008 0.032 0.143
209 L 0.046 0.02 0.018 0.018 0.013 0.014 0.019 0.126 0.011 0.123 0.226 0.024 0.032 0.118 0.013 0.028 0.03 0.008 0.031 0.083
210 A 0.223 0.025 0.02 0.023 0.018 0.02 0.03 0.051 0.012 0.11 0.148 0.034 0.026 0.03 0.022 0.056 0.041 0.005 0.018 0.089
211 L 0.107 0.022 0.016 0.018 0.017 0.016 0.023 0.031 0.01 0.146 0.235 0.027 0.034 0.039 0.017 0.035 0.038 0.006 0.019 0.146
212 F 0.044 0.02 0.016 0.017 0.013 0.015 0.02 0.023 0.012 0.138 0.134 0.023 0.067 0.197 0.013 0.027 0.033 0.01 0.045 0.135
213 I 0.108 0.02 0.016 0.019 0.017 0.015 0.022 0.031 0.009 0.233 0.128 0.026 0.03 0.035 0.017 0.036 0.041 0.005 0.018 0.176
214 F 0.05 0.022 0.022 0.021 0.013 0.016 0.024 0.029 0.013 0.115 0.166 0.026 0.028 0.195 0.015 0.074 0.038 0.01 0.044 0.079
215 P 0.053 0.024 0.022 0.029 0.01 0.019 0.034 0.034 0.012 0.024 0.034 0.038 0.01 0.012 0.531 0.041 0.034 0.002 0.012 0.029
216 F 0.06 0.028 0.032 0.029 0.014 0.02 0.031 0.038 0.015 0.049 0.074 0.034 0.02 0.186 0.02 0.099 0.146 0.009 0.043 0.054
217 F 0.047 0.018 0.015 0.016 0.014 0.012 0.019 0.022 0.011 0.149 0.122 0.021 0.028 0.194 0.013 0.026 0.035 0.009 0.044 0.182
218 V 0.061 0.02 0.015 0.016 0.017 0.015 0.021 0.022 0.008 0.187 0.128 0.024 0.03 0.035 0.015 0.029 0.044 0.005 0.019 0.291
219 G 0.073 0.038 0.048 0.121 0.012 0.076 0.06 0.15 0.019 0.024 0.035 0.051 0.013 0.016 0.023 0.141 0.05 0.005 0.014 0.031
220 I 0.12 0.026 0.028 0.028 0.017 0.021 0.031 0.042 0.012 0.153 0.093 0.035 0.023 0.029 0.022 0.098 0.1 0.005 0.017 0.099
221 L 0.043 0.023 0.014 0.015 0.015 0.017 0.02 0.021 0.01 0.148 0.321 0.025 0.079 0.048 0.014 0.025 0.033 0.007 0.021 0.103
222 Y 0.035 0.023 0.018 0.017 0.009 0.016 0.023 0.023 0.032 0.048 0.08 0.024 0.02 0.246 0.013 0.027 0.025 0.022 0.254 0.046
223 D 0.059 0.034 0.042 0.125 0.011 0.033 0.109 0.04 0.023 0.032 0.045 0.046 0.014 0.038 0.022 0.098 0.094 0.009 0.085 0.04
224 I 0.046 0.02 0.015 0.016 0.014 0.015 0.02 0.021 0.015 0.19 0.183 0.024 0.032 0.057 0.014 0.026 0.035 0.01 0.089 0.157
225 R 0.041 0.394 0.036 0.029 0.007 0.045 0.048 0.03 0.022 0.022 0.043 0.111 0.014 0.016 0.018 0.041 0.032 0.005 0.016 0.029
226 G 0.061 0.035 0.111 0.136 0.01 0.033 0.11 0.149 0.02 0.021 0.031 0.049 0.011 0.016 0.022 0.098 0.043 0.005 0.013 0.028
227 E 0.045 0.11 0.098 0.057 0.009 0.042 0.162 0.035 0.022 0.038 0.112 0.065 0.019 0.023 0.02 0.046 0.035 0.005 0.016 0.04
228 L 0.039 0.022 0.014 0.014 0.014 0.014 0.018 0.02 0.011 0.097 0.359 0.022 0.041 0.127 0.012 0.023 0.029 0.008 0.033 0.081
229 R 0.041 0.394 0.036 0.029 0.007 0.045 0.048 0.03 0.022 0.022 0.043 0.111 0.014 0.016 0.018 0.041 0.032 0.005 0.016 0.029
230 G 0.071 0.026 0.045 0.116 0.011 0.022 0.041 0.349 0.015 0.02 0.029 0.037 0.01 0.016 0.02 0.094 0.038 0.005 0.011 0.026
231 D 0.049 0.036 0.049 0.217 0.009 0.04 0.181 0.038 0.019 0.026 0.036 0.053 0.012 0.016 0.023 0.057 0.087 0.004 0.014 0.034
232 V 0.106 0.027 0.088 0.031 0.014 0.021 0.029 0.04 0.02 0.116 0.085 0.033 0.021 0.046 0.018 0.045 0.04 0.009 0.087 0.124
233 L 0.065 0.028 0.029 0.028 0.014 0.022 0.032 0.037 0.019 0.105 0.144 0.035 0.025 0.05 0.019 0.126 0.049 0.01 0.088 0.075
234 V 0.062 0.026 0.106 0.036 0.014 0.02 0.029 0.161 0.014 0.087 0.076 0.033 0.02 0.025 0.017 0.044 0.042 0.005 0.016 0.167
235 D 0.04 0.029 0.068 0.409 0.007 0.029 0.09 0.046 0.018 0.022 0.027 0.044 0.009 0.015 0.022 0.051 0.035 0.004 0.011 0.024
236 L 0.076 0.032 0.033 0.031 0.017 0.024 0.036 0.043 0.014 0.071 0.214 0.039 0.032 0.037 0.022 0.13 0.057 0.006 0.02 0.068
237 E 0.117 0.037 0.034 0.051 0.012 0.039 0.162 0.044 0.025 0.03 0.045 0.052 0.014 0.038 0.023 0.097 0.043 0.009 0.086 0.041
238 E 0.059 0.048 0.107 0.067 0.009 0.091 0.177 0.045 0.024 0.023 0.036 0.065 0.014 0.016 0.023 0.099 0.046 0.005 0.016 0.031
239 Y 0.04 0.023 0.018 0.019 0.01 0.017 0.024 0.025 0.025 0.054 0.138 0.027 0.023 0.147 0.117 0.029 0.028 0.015 0.17 0.051
240 S 0.095 0.036 0.048 0.043 0.016 0.03 0.046 0.057 0.017 0.032 0.043 0.048 0.015 0.02 0.027 0.239 0.121 0.005 0.016 0.044
241 V 0.049 0.019 0.015 0.016 0.015 0.014 0.019 0.022 0.01 0.159 0.185 0.022 0.032 0.118 0.013 0.026 0.037 0.008 0.032 0.19
242 F 0.053 0.024 0.023 0.022 0.012 0.017 0.026 0.031 0.02 0.068 0.087 0.028 0.022 0.208 0.015 0.077 0.039 0.013 0.114 0.101
243 E 0.055 0.048 0.039 0.066 0.009 0.096 0.236 0.035 0.022 0.027 0.041 0.067 0.015 0.016 0.024 0.058 0.089 0.005 0.016 0.037
244 L 0.044 0.025 0.015 0.016 0.015 0.019 0.022 0.022 0.012 0.101 0.326 0.027 0.117 0.048 0.014 0.027 0.033 0.007 0.021 0.088
245 L 0.048 0.021 0.015 0.016 0.016 0.016 0.02 0.021 0.01 0.2 0.207 0.025 0.073 0.042 0.014 0.027 0.038 0.006 0.02 0.165
246 L 0.046 0.019 0.018 0.019 0.013 0.013 0.019 0.126 0.011 0.167 0.173 0.023 0.029 0.116 0.014 0.028 0.031 0.008 0.03 0.098
247 G 0.061 0.019 0.027 0.025 0.012 0.015 0.021 0.335 0.011 0.141 0.078 0.027 0.019 0.025 0.016 0.038 0.031 0.005 0.014 0.079
248 K 0.048 0.217 0.037 0.035 0.008 0.048 0.059 0.036 0.02 0.024 0.041 0.243 0.014 0.015 0.023 0.046 0.035 0.005 0.016 0.03
249 L 0.037 0.021 0.014 0.015 0.013 0.013 0.018 0.021 0.012 0.088 0.295 0.021 0.037 0.203 0.012 0.023 0.028 0.01 0.045 0.074
250 I 0.048 0.017 0.014 0.016 0.016 0.013 0.017 0.02 0.008 0.29 0.148 0.022 0.033 0.039 0.014 0.025 0.039 0.005 0.019 0.196
251 G 0.072 0.021 0.036 0.031 0.01 0.018 0.024 0.546 0.012 0.018 0.026 0.031 0.009 0.015 0.018 0.048 0.028 0.005 0.01 0.022
252 R 0.041 0.394 0.036 0.029 0.007 0.045 0.048 0.03 0.022 0.022 0.043 0.111 0.014 0.016 0.018 0.041 0.032 0.005 0.016 0.029
253 L 0.037 0.021 0.014 0.015 0.013 0.013 0.018 0.021 0.012 0.088 0.295 0.021 0.037 0.203 0.012 0.023 0.028 0.01 0.045 0.074
254 S 0.102 0.037 0.05 0.045 0.016 0.031 0.049 0.061 0.018 0.028 0.039 0.05 0.015 0.019 0.028 0.278 0.076 0.005 0.016 0.039
255 S 0.102 0.037 0.05 0.045 0.016 0.031 0.049 0.061 0.018 0.028 0.039 0.05 0.015 0.019 0.028 0.278 0.076 0.005 0.016 0.039
256 F 0.031 0.018 0.016 0.016 0.01 0.01 0.018 0.024 0.016 0.059 0.106 0.018 0.024 0.432 0.01 0.024 0.024 0.016 0.082 0.051
257 S 0.092 0.034 0.044 0.042 0.015 0.028 0.046 0.056 0.017 0.027 0.038 0.048 0.014 0.018 0.128 0.23 0.067 0.004 0.015 0.037
258 N 0.039 0.039 0.307 0.15 0.008 0.031 0.054 0.057 0.027 0.021 0.029 0.048 0.01 0.016 0.019 0.061 0.043 0.004 0.014 0.024
259 L 0.07 0.028 0.028 0.027 0.016 0.021 0.031 0.037 0.012 0.084 0.208 0.034 0.03 0.035 0.019 0.126 0.052 0.006 0.019 0.116
260 A 0.289 0.027 0.026 0.028 0.018 0.022 0.035 0.167 0.013 0.036 0.049 0.039 0.015 0.019 0.026 0.072 0.042 0.005 0.015 0.055
261 L 0.045 0.026 0.018 0.018 0.014 0.022 0.024 0.024 0.019 0.129 0.153 0.03 0.144 0.059 0.015 0.03 0.035 0.011 0.091 0.093
262 I 0.048 0.017 0.014 0.016 0.016 0.013 0.017 0.02 0.008 0.29 0.148 0.022 0.033 0.039 0.014 0.025 0.039 0.005 0.019 0.196
263 L 0.042 0.025 0.019 0.029 0.012 0.022 0.084 0.023 0.013 0.124 0.228 0.031 0.032 0.118 0.015 0.029 0.031 0.008 0.032 0.084
264 Q 0.052 0.068 0.041 0.044 0.008 0.273 0.095 0.038 0.027 0.025 0.044 0.084 0.019 0.014 0.022 0.052 0.038 0.005 0.019 0.033
265 N 0.053 0.037 0.168 0.06 0.01 0.033 0.101 0.048 0.023 0.03 0.047 0.047 0.014 0.1 0.02 0.096 0.045 0.007 0.029 0.034
266 P 0.057 0.034 0.098 0.05 0.011 0.031 0.099 0.041 0.018 0.04 0.111 0.046 0.018 0.023 0.123 0.091 0.044 0.005 0.016 0.042
267 G 0.11 0.032 0.036 0.112 0.012 0.071 0.052 0.144 0.016 0.086 0.061 0.044 0.017 0.021 0.02 0.05 0.036 0.005 0.015 0.061
268 Y 0.05 0.028 0.026 0.023 0.01 0.022 0.03 0.031 0.038 0.038 0.059 0.033 0.017 0.101 0.017 0.079 0.036 0.022 0.298 0.042
269 F 0.031 0.018 0.016 0.016 0.01 0.01 0.018 0.024 0.016 0.059 0.106 0.018 0.024 0.432 0.01 0.024 0.024 0.016 0.082 0.051
270 A 0.174 0.027 0.025 0.026 0.017 0.021 0.032 0.049 0.013 0.108 0.145 0.036 0.025 0.03 0.022 0.096 0.047 0.005 0.018 0.084
271 G 0.047 0.034 0.094 0.036 0.01 0.07 0.04 0.138 0.018 0.083 0.061 0.042 0.017 0.028 0.016 0.042 0.034 0.11 0.025 0.054
272 N 0.125 0.037 0.172 0.054 0.014 0.03 0.045 0.063 0.022 0.027 0.038 0.048 0.013 0.018 0.024 0.153 0.058 0.005 0.016 0.038
273 L 0.119 0.025 0.023 0.024 0.017 0.019 0.029 0.039 0.011 0.13 0.158 0.032 0.028 0.033 0.019 0.087 0.047 0.005 0.018 0.136
274 K 0.048 0.062 0.031 0.033 0.009 0.08 0.056 0.035 0.019 0.032 0.053 0.161 0.016 0.097 0.123 0.043 0.034 0.007 0.029 0.035
275 D 0.054 0.03 0.103 0.12 0.012 0.026 0.044 0.042 0.017 0.097 0.086 0.039 0.058 0.027 0.019 0.089 0.046 0.005 0.016 0.067
276 L 0.043 0.024 0.014 0.015 0.015 0.017 0.02 0.021 0.01 0.104 0.374 0.025 0.081 0.049 0.014 0.025 0.032 0.007 0.021 0.088
277 D 0.053 0.033 0.056 0.291 0.009 0.035 0.13 0.045 0.019 0.022 0.03 0.049 0.01 0.015 0.023 0.095 0.042 0.004 0.013 0.027
278 P 0.052 0.043 0.038 0.045 0.01 0.083 0.113 0.036 0.096 0.028 0.041 0.055 0.015 0.018 0.124 0.054 0.087 0.005 0.023 0.035
279 F 0.036 0.025 0.086 0.028 0.01 0.017 0.025 0.03 0.023 0.057 0.145 0.027 0.024 0.211 0.013 0.033 0.03 0.014 0.114 0.052
280 Y 0.038 0.026 0.02 0.017 0.009 0.02 0.026 0.023 0.043 0.04 0.063 0.029 0.017 0.121 0.014 0.029 0.026 0.026 0.368 0.043
281 F 0.033 0.019 0.017 0.016 0.01 0.012 0.019 0.023 0.021 0.055 0.097 0.02 0.022 0.37 0.011 0.025 0.024 0.018 0.139 0.049
282 L 0.11 0.034 0.022 0.024 0.015 0.071 0.04 0.036 0.015 0.083 0.165 0.041 0.067 0.032 0.019 0.043 0.04 0.006 0.019 0.119
283 K 0.05 0.084 0.033 0.034 0.009 0.043 0.056 0.036 0.017 0.042 0.116 0.27 0.021 0.022 0.023 0.044 0.036 0.005 0.017 0.042
284 Q 0.047 0.058 0.044 0.04 0.008 0.178 0.077 0.037 0.177 0.023 0.04 0.068 0.017 0.019 0.02 0.047 0.033 0.006 0.033 0.028
285 A 0.226 0.025 0.025 0.026 0.016 0.02 0.031 0.157 0.014 0.039 0.059 0.034 0.016 0.101 0.022 0.061 0.038 0.007 0.028 0.053
286 F 0.035 0.02 0.015 0.015 0.012 0.012 0.018 0.022 0.013 0.078 0.232 0.02 0.032 0.28 0.011 0.023 0.026 0.012 0.058 0.066
287 A 0.185 0.027 0.03 0.03 0.017 0.022 0.034 0.155 0.013 0.055 0.059 0.038 0.017 0.021 0.023 0.103 0.048 0.005 0.016 0.102
288 G 0.186 0.027 0.034 0.033 0.015 0.023 0.034 0.26 0.014 0.028 0.04 0.039 0.013 0.018 0.024 0.106 0.045 0.005 0.014 0.042
289 I 0.045 0.019 0.014 0.016 0.015 0.013 0.018 0.021 0.01 0.194 0.192 0.022 0.033 0.12 0.013 0.025 0.035 0.008 0.032 0.158
290 F 0.099 0.019 0.016 0.018 0.014 0.014 0.021 0.032 0.012 0.161 0.115 0.024 0.026 0.193 0.015 0.034 0.033 0.009 0.044 0.099
291 G 0.072 0.021 0.036 0.031 0.01 0.018 0.024 0.546 0.012 0.018 0.026 0.031 0.009 0.015 0.018 0.048 0.028 0.005 0.01 0.022
292 V 0.125 0.035 0.029 0.03 0.016 0.072 0.045 0.044 0.015 0.079 0.076 0.045 0.022 0.024 0.021 0.094 0.05 0.005 0.018 0.156
293 S 0.143 0.035 0.043 0.04 0.017 0.028 0.044 0.059 0.016 0.034 0.046 0.047 0.016 0.02 0.027 0.2 0.115 0.005 0.016 0.049
294 I 0.044 0.023 0.022 0.02 0.013 0.017 0.024 0.024 0.088 0.176 0.115 0.026 0.027 0.115 0.014 0.028 0.034 0.008 0.039 0.144
295 I 0.104 0.022 0.017 0.019 0.016 0.017 0.023 0.031 0.011 0.222 0.141 0.028 0.068 0.037 0.017 0.036 0.039 0.006 0.019 0.128
296 P 0.053 0.024 0.022 0.029 0.01 0.019 0.034 0.034 0.012 0.024 0.034 0.038 0.01 0.012 0.531 0.041 0.034 0.002 0.012 0.029
297 D 0.045 0.029 0.119 0.287 0.008 0.026 0.065 0.147 0.019 0.02 0.027 0.041 0.009 0.015 0.02 0.051 0.034 0.004 0.011 0.023
298 V 0.057 0.026 0.019 0.029 0.015 0.024 0.086 0.024 0.011 0.117 0.164 0.033 0.029 0.033 0.017 0.033 0.04 0.005 0.019 0.217
299 I 0.048 0.02 0.019 0.02 0.015 0.015 0.02 0.023 0.009 0.27 0.136 0.026 0.031 0.037 0.016 0.036 0.09 0.005 0.019 0.144
300 P 0.053 0.024 0.022 0.029 0.01 0.019 0.034 0.034 0.012 0.024 0.034 0.038 0.01 0.012 0.531 0.041 0.034 0.002 0.012 0.029
301 E 0.051 0.046 0.038 0.084 0.007 0.06 0.349 0.032 0.024 0.02 0.034 0.07 0.012 0.015 0.024 0.051 0.034 0.005 0.015 0.029
302 R 0.041 0.323 0.102 0.038 0.007 0.042 0.048 0.036 0.023 0.021 0.04 0.099 0.014 0.016 0.018 0.046 0.035 0.005 0.016 0.028
303 L 0.043 0.032 0.019 0.02 0.014 0.067 0.034 0.023 0.013 0.09 0.346 0.036 0.041 0.043 0.015 0.028 0.032 0.006 0.02 0.078
304 L 0.041 0.022 0.013 0.014 0.015 0.015 0.019 0.02 0.009 0.107 0.422 0.023 0.046 0.051 0.013 0.022 0.031 0.007 0.021 0.089
305 I 0.048 0.017 0.014 0.016 0.016 0.013 0.017 0.02 0.008 0.29 0.148 0.022 0.033 0.039 0.014 0.025 0.039 0.005 0.019 0.196
306 N 0.103 0.051 0.233 0.059 0.011 0.033 0.048 0.059 0.024 0.026 0.037 0.104 0.012 0.017 0.022 0.064 0.044 0.004 0.015 0.034
307 I 0.109 0.02 0.02 0.022 0.015 0.016 0.022 0.135 0.01 0.207 0.11 0.028 0.025 0.032 0.017 0.039 0.037 0.005 0.017 0.115
308 F 0.033 0.022 0.086 0.028 0.01 0.014 0.023 0.031 0.018 0.051 0.09 0.024 0.021 0.349 0.012 0.032 0.028 0.013 0.069 0.046
309 G 0.062 0.101 0.036 0.041 0.009 0.031 0.094 0.34 0.017 0.019 0.031 0.055 0.01 0.015 0.019 0.047 0.03 0.005 0.012 0.025
310 G 0.074 0.025 0.036 0.034 0.011 0.02 0.031 0.347 0.013 0.021 0.03 0.036 0.01 0.015 0.122 0.092 0.038 0.004 0.012 0.027
311 D 0.038 0.03 0.116 0.284 0.008 0.027 0.065 0.043 0.025 0.025 0.034 0.041 0.011 0.036 0.019 0.048 0.034 0.008 0.083 0.027
312 L 0.102 0.027 0.021 0.031 0.013 0.025 0.088 0.034 0.014 0.067 0.208 0.035 0.029 0.114 0.018 0.04 0.033 0.008 0.031 0.064
313 F 0.044 0.024 0.024 0.032 0.009 0.021 0.085 0.13 0.017 0.043 0.076 0.031 0.018 0.265 0.014 0.034 0.026 0.011 0.054 0.041
314 D 0.038 0.03 0.116 0.284 0.008 0.027 0.065 0.043 0.025 0.025 0.034 0.041 0.011 0.036 0.019 0.048 0.034 0.008 0.083 0.027
315 K 0.067 0.055 0.032 0.031 0.014 0.032 0.045 0.037 0.014 0.077 0.072 0.152 0.02 0.023 0.022 0.088 0.048 0.005 0.017 0.149
316 S 0.095 0.036 0.048 0.043 0.016 0.03 0.046 0.057 0.017 0.032 0.043 0.048 0.015 0.02 0.027 0.239 0.121 0.005 0.016 0.044
317 Y 0.035 0.023 0.018 0.017 0.009 0.016 0.023 0.023 0.032 0.048 0.08 0.024 0.02 0.246 0.013 0.027 0.025 0.022 0.254 0.046
318 M 0.048 0.03 0.019 0.019 0.015 0.026 0.026 0.026 0.015 0.093 0.182 0.033 0.223 0.045 0.015 0.033 0.037 0.007 0.022 0.086
319 V 0.116 0.025 0.022 0.022 0.017 0.019 0.027 0.036 0.01 0.1 0.156 0.031 0.028 0.032 0.019 0.05 0.094 0.005 0.018 0.173
320 G 0.072 0.021 0.036 0.031 0.01 0.018 0.024 0.546 0.012 0.018 0.026 0.031 0.009 0.015 0.018 0.048 0.028 0.005 0.01 0.022
