#Seq2Logo.py -f /work3/idamei/ssn-clusterings/clustering/2205111339/clusters/0008_104/sequences.afa -o /work3/idamei/ssn-clusterings/clustering/2205111339/clusters/0008_104/sequences.logo
#Position Specific Frequency Matrix
A R N D C Q E G H I L K M F P S T W Y V
0 L 0.051 0.031 0.02 0.02 0.016 0.028 0.028 0.028 0.016 0.098 0.193 0.035 0.177 0.047 0.016 0.035 0.039 0.008 0.024 0.091
1 I 0.066 0.043 0.033 0.032 0.015 0.028 0.039 0.038 0.014 0.136 0.095 0.087 0.024 0.029 0.022 0.086 0.092 0.006 0.018 0.098
2 D 0.051 0.042 0.074 0.114 0.011 0.07 0.062 0.041 0.09 0.047 0.064 0.051 0.033 0.024 0.021 0.052 0.06 0.006 0.025 0.063
3 S 0.11 0.04 0.054 0.049 0.017 0.033 0.052 0.066 0.019 0.03 0.042 0.054 0.016 0.021 0.03 0.222 0.082 0.005 0.017 0.042
4 L 0.052 0.032 0.02 0.02 0.016 0.028 0.028 0.028 0.016 0.1 0.196 0.036 0.163 0.048 0.016 0.036 0.04 0.008 0.024 0.092
5 S 0.11 0.04 0.054 0.049 0.017 0.033 0.052 0.066 0.019 0.03 0.042 0.054 0.016 0.021 0.03 0.222 0.082 0.005 0.017 0.042
6 R 0.065 0.146 0.14 0.054 0.011 0.038 0.051 0.054 0.024 0.025 0.039 0.075 0.014 0.018 0.023 0.115 0.055 0.005 0.017 0.033
7 D 0.061 0.04 0.122 0.157 0.01 0.04 0.125 0.052 0.023 0.024 0.034 0.056 0.012 0.017 0.024 0.102 0.05 0.005 0.015 0.031
8 K 0.051 0.085 0.136 0.055 0.009 0.046 0.063 0.05 0.024 0.026 0.039 0.21 0.014 0.016 0.025 0.058 0.042 0.005 0.017 0.03
9 K 0.051 0.146 0.034 0.032 0.01 0.041 0.052 0.034 0.018 0.09 0.074 0.181 0.02 0.023 0.022 0.043 0.038 0.005 0.018 0.067
10 G 0.051 0.042 0.036 0.103 0.01 0.028 0.046 0.131 0.022 0.045 0.11 0.085 0.02 0.046 0.019 0.042 0.033 0.01 0.078 0.044
11 L 0.047 0.021 0.015 0.017 0.016 0.017 0.02 0.022 0.01 0.213 0.215 0.026 0.067 0.046 0.015 0.027 0.038 0.006 0.021 0.141
12 D 0.062 0.055 0.122 0.144 0.011 0.037 0.065 0.055 0.022 0.025 0.036 0.109 0.013 0.017 0.025 0.101 0.051 0.005 0.015 0.031
13 A 0.153 0.046 0.029 0.041 0.015 0.036 0.095 0.05 0.017 0.084 0.072 0.095 0.02 0.023 0.025 0.06 0.042 0.005 0.018 0.074
14 E 0.052 0.041 0.104 0.141 0.01 0.043 0.159 0.044 0.023 0.028 0.039 0.058 0.013 0.018 0.024 0.064 0.083 0.005 0.015 0.036
15 K 0.054 0.065 0.134 0.127 0.009 0.04 0.065 0.052 0.023 0.025 0.036 0.147 0.013 0.016 0.024 0.075 0.045 0.005 0.015 0.03
16 L 0.044 0.023 0.014 0.015 0.016 0.015 0.019 0.021 0.01 0.148 0.343 0.024 0.046 0.052 0.014 0.024 0.034 0.007 0.022 0.11
17 F 0.034 0.02 0.018 0.017 0.01 0.013 0.02 0.025 0.022 0.058 0.103 0.021 0.024 0.345 0.011 0.026 0.025 0.019 0.136 0.052
18 C 0.06 0.018 0.016 0.016 0.398 0.013 0.017 0.03 0.008 0.058 0.129 0.021 0.023 0.027 0.016 0.037 0.035 0.005 0.014 0.063
19 L 0.081 0.026 0.021 0.021 0.017 0.019 0.026 0.031 0.011 0.121 0.216 0.031 0.035 0.04 0.019 0.045 0.084 0.006 0.02 0.132
20 G 0.213 0.027 0.03 0.031 0.017 0.022 0.034 0.254 0.014 0.033 0.046 0.039 0.014 0.019 0.025 0.07 0.041 0.005 0.015 0.05
21 Y 0.041 0.026 0.018 0.017 0.012 0.019 0.024 0.023 0.031 0.071 0.195 0.028 0.03 0.098 0.015 0.028 0.03 0.019 0.207 0.065
22 G 0.127 0.032 0.047 0.113 0.015 0.028 0.051 0.154 0.017 0.028 0.039 0.045 0.013 0.019 0.026 0.131 0.055 0.005 0.015 0.039
23 L 0.044 0.023 0.014 0.015 0.016 0.015 0.019 0.021 0.01 0.148 0.343 0.024 0.046 0.052 0.014 0.024 0.034 0.007 0.022 0.11
24 F 0.042 0.024 0.023 0.021 0.012 0.016 0.024 0.028 0.022 0.056 0.093 0.026 0.022 0.27 0.015 0.039 0.073 0.017 0.122 0.055
25 L 0.049 0.023 0.014 0.015 0.016 0.016 0.02 0.022 0.01 0.123 0.336 0.025 0.045 0.05 0.014 0.026 0.036 0.007 0.022 0.132
26 I 0.148 0.023 0.019 0.022 0.017 0.018 0.026 0.043 0.012 0.166 0.117 0.031 0.027 0.07 0.02 0.048 0.042 0.007 0.026 0.119
27 G 0.116 0.023 0.031 0.029 0.014 0.019 0.026 0.331 0.013 0.077 0.061 0.033 0.016 0.022 0.02 0.052 0.035 0.005 0.014 0.062
28 L 0.05 0.048 0.035 0.075 0.011 0.11 0.09 0.034 0.021 0.057 0.141 0.06 0.055 0.029 0.02 0.044 0.038 0.006 0.02 0.056
29 I 0.051 0.018 0.015 0.017 0.016 0.014 0.018 0.021 0.009 0.261 0.157 0.024 0.035 0.042 0.015 0.026 0.041 0.006 0.02 0.195
30 L 0.049 0.024 0.015 0.016 0.111 0.017 0.021 0.024 0.011 0.096 0.284 0.026 0.068 0.046 0.015 0.029 0.035 0.007 0.02 0.086
31 G 0.065 0.04 0.045 0.11 0.01 0.027 0.047 0.329 0.016 0.021 0.031 0.087 0.01 0.015 0.021 0.051 0.032 0.005 0.012 0.025
32 H 0.044 0.047 0.054 0.114 0.008 0.074 0.07 0.04 0.23 0.023 0.037 0.054 0.015 0.024 0.02 0.046 0.031 0.006 0.04 0.025
33 T 0.072 0.035 0.043 0.037 0.017 0.027 0.039 0.043 0.014 0.052 0.064 0.045 0.019 0.023 0.027 0.091 0.261 0.006 0.017 0.07
34 F 0.044 0.025 0.022 0.021 0.013 0.017 0.025 0.028 0.02 0.066 0.149 0.027 0.027 0.201 0.015 0.039 0.074 0.015 0.109 0.064
35 F 0.038 0.019 0.016 0.016 0.013 0.012 0.019 0.023 0.014 0.117 0.178 0.021 0.032 0.259 0.012 0.025 0.029 0.012 0.061 0.086
36 P 0.053 0.034 0.088 0.052 0.009 0.031 0.093 0.041 0.019 0.024 0.035 0.05 0.011 0.014 0.311 0.05 0.038 0.003 0.014 0.03
37 L 0.051 0.022 0.016 0.017 0.016 0.017 0.021 0.023 0.01 0.189 0.208 0.026 0.066 0.045 0.015 0.028 0.04 0.006 0.021 0.163
38 P 0.069 0.03 0.033 0.035 0.013 0.024 0.039 0.043 0.014 0.031 0.042 0.044 0.013 0.016 0.313 0.091 0.09 0.004 0.015 0.04
39 S 0.087 0.05 0.045 0.043 0.014 0.034 0.052 0.055 0.018 0.028 0.04 0.098 0.014 0.018 0.124 0.16 0.063 0.005 0.016 0.037
40 F 0.049 0.033 0.089 0.048 0.012 0.029 0.087 0.037 0.019 0.089 0.081 0.043 0.021 0.1 0.019 0.053 0.082 0.008 0.031 0.071
41 I 0.041 0.018 0.015 0.017 0.014 0.012 0.018 0.022 0.012 0.196 0.144 0.021 0.032 0.186 0.013 0.025 0.033 0.01 0.047 0.126
42 R 0.043 0.232 0.155 0.051 0.008 0.042 0.05 0.045 0.026 0.023 0.04 0.092 0.014 0.017 0.019 0.054 0.04 0.005 0.016 0.029
43 Y 0.04 0.034 0.089 0.035 0.009 0.027 0.037 0.035 0.107 0.035 0.054 0.038 0.016 0.086 0.017 0.04 0.031 0.019 0.213 0.037
44 A 0.114 0.031 0.031 0.03 0.016 0.025 0.035 0.047 0.016 0.057 0.094 0.039 0.051 0.102 0.022 0.094 0.091 0.008 0.032 0.065
45 L 0.101 0.028 0.023 0.023 0.017 0.021 0.028 0.037 0.013 0.08 0.21 0.033 0.047 0.075 0.019 0.05 0.082 0.007 0.027 0.08
46 I 0.048 0.029 0.02 0.027 0.014 0.022 0.052 0.024 0.011 0.233 0.14 0.055 0.032 0.038 0.017 0.03 0.039 0.006 0.019 0.145
47 G 0.053 0.021 0.025 0.023 0.012 0.015 0.021 0.222 0.014 0.055 0.133 0.026 0.023 0.177 0.014 0.035 0.028 0.01 0.043 0.05
48 L 0.045 0.02 0.014 0.016 0.016 0.014 0.018 0.02 0.009 0.216 0.254 0.024 0.041 0.047 0.014 0.024 0.037 0.006 0.021 0.142
49 G 0.128 0.027 0.039 0.035 0.014 0.023 0.033 0.34 0.015 0.025 0.037 0.039 0.012 0.018 0.023 0.094 0.043 0.005 0.013 0.036
50 I 0.052 0.018 0.016 0.017 0.111 0.013 0.018 0.024 0.01 0.168 0.127 0.022 0.029 0.108 0.014 0.029 0.037 0.008 0.032 0.148
51 G 0.067 0.024 0.027 0.025 0.015 0.018 0.025 0.224 0.011 0.084 0.133 0.03 0.025 0.03 0.018 0.044 0.059 0.006 0.016 0.12
52 L 0.044 0.023 0.014 0.015 0.016 0.016 0.02 0.021 0.01 0.13 0.365 0.025 0.047 0.053 0.014 0.024 0.033 0.007 0.022 0.102
53 V 0.055 0.02 0.015 0.017 0.017 0.015 0.02 0.022 0.009 0.201 0.194 0.024 0.037 0.042 0.015 0.027 0.042 0.006 0.021 0.201
54 L 0.054 0.024 0.016 0.018 0.017 0.019 0.023 0.024 0.011 0.158 0.207 0.028 0.079 0.044 0.015 0.03 0.041 0.007 0.022 0.166
55 L 0.045 0.025 0.017 0.018 0.015 0.019 0.022 0.024 0.013 0.131 0.21 0.027 0.093 0.118 0.014 0.029 0.035 0.009 0.035 0.101
56 K 0.056 0.105 0.041 0.041 0.008 0.052 0.069 0.042 0.02 0.027 0.042 0.292 0.015 0.015 0.027 0.052 0.039 0.005 0.017 0.032
57 I 0.053 0.024 0.017 0.018 0.016 0.019 0.023 0.024 0.011 0.186 0.169 0.029 0.091 0.043 0.015 0.03 0.041 0.007 0.022 0.162
58 L 0.15 0.027 0.02 0.022 0.018 0.021 0.029 0.044 0.013 0.116 0.172 0.034 0.059 0.037 0.02 0.05 0.042 0.006 0.02 0.099
59 L 0.041 0.023 0.016 0.016 0.013 0.016 0.021 0.023 0.018 0.117 0.212 0.025 0.033 0.068 0.013 0.025 0.031 0.11 0.092 0.087
60 F 0.037 0.024 0.037 0.174 0.009 0.019 0.048 0.033 0.02 0.044 0.074 0.03 0.018 0.218 0.016 0.036 0.029 0.012 0.081 0.041
61 D 0.04 0.028 0.073 0.219 0.01 0.023 0.057 0.038 0.018 0.048 0.117 0.036 0.02 0.1 0.018 0.042 0.034 0.007 0.029 0.044
62 S 0.091 0.062 0.049 0.046 0.014 0.039 0.058 0.058 0.019 0.029 0.042 0.132 0.015 0.019 0.029 0.172 0.067 0.005 0.017 0.038
63 V 0.055 0.02 0.015 0.017 0.017 0.015 0.02 0.022 0.009 0.201 0.194 0.024 0.037 0.042 0.015 0.027 0.042 0.006 0.021 0.201
64 K 0.056 0.068 0.099 0.058 0.01 0.046 0.107 0.045 0.022 0.03 0.043 0.151 0.015 0.018 0.025 0.064 0.085 0.005 0.017 0.038
65 L 0.051 0.035 0.032 0.038 0.013 0.032 0.088 0.031 0.085 0.065 0.183 0.043 0.029 0.035 0.02 0.047 0.078 0.007 0.027 0.062
66 N 0.061 0.041 0.217 0.066 0.012 0.032 0.047 0.06 0.025 0.03 0.04 0.051 0.014 0.019 0.023 0.106 0.097 0.005 0.016 0.038
67 K 0.057 0.107 0.042 0.042 0.009 0.054 0.071 0.043 0.021 0.028 0.043 0.276 0.016 0.016 0.028 0.054 0.04 0.005 0.017 0.033
68 L 0.045 0.024 0.014 0.015 0.016 0.016 0.02 0.021 0.01 0.116 0.374 0.025 0.05 0.055 0.014 0.024 0.033 0.007 0.022 0.096
69 S 0.11 0.04 0.054 0.049 0.018 0.033 0.053 0.066 0.019 0.03 0.042 0.054 0.016 0.021 0.03 0.218 0.082 0.005 0.018 0.042
70 I 0.071 0.022 0.018 0.019 0.014 0.017 0.023 0.028 0.021 0.154 0.116 0.027 0.027 0.101 0.016 0.033 0.036 0.013 0.12 0.123
71 K 0.062 0.058 0.033 0.032 0.013 0.033 0.045 0.038 0.016 0.096 0.136 0.137 0.026 0.03 0.022 0.078 0.046 0.006 0.019 0.075
72 S 0.092 0.101 0.049 0.043 0.015 0.034 0.049 0.104 0.019 0.027 0.041 0.064 0.015 0.019 0.026 0.178 0.066 0.005 0.016 0.037
73 L 0.051 0.02 0.015 0.017 0.017 0.015 0.019 0.021 0.009 0.211 0.211 0.024 0.038 0.044 0.015 0.026 0.04 0.006 0.021 0.181
74 F 0.119 0.027 0.028 0.028 0.015 0.02 0.032 0.048 0.017 0.049 0.081 0.034 0.021 0.209 0.02 0.092 0.045 0.011 0.052 0.054
75 K 0.072 0.068 0.038 0.037 0.013 0.039 0.053 0.044 0.017 0.061 0.064 0.165 0.019 0.022 0.025 0.093 0.052 0.005 0.018 0.097
76 L 0.048 0.022 0.021 0.02 0.012 0.016 0.022 0.122 0.019 0.104 0.152 0.026 0.027 0.128 0.015 0.031 0.031 0.012 0.094 0.078
77 I 0.046 0.019 0.014 0.017 0.016 0.014 0.018 0.02 0.009 0.251 0.209 0.023 0.039 0.045 0.014 0.024 0.038 0.006 0.021 0.157
78 F 0.053 0.024 0.023 0.023 0.014 0.016 0.025 0.031 0.014 0.11 0.163 0.028 0.03 0.183 0.016 0.067 0.04 0.01 0.047 0.083
79 L 0.062 0.027 0.028 0.026 0.014 0.021 0.028 0.132 0.015 0.064 0.152 0.033 0.055 0.107 0.018 0.074 0.041 0.008 0.032 0.061
80 I 0.053 0.023 0.02 0.021 0.016 0.017 0.023 0.025 0.01 0.192 0.185 0.028 0.035 0.041 0.017 0.038 0.083 0.006 0.02 0.148
81 L 0.045 0.019 0.015 0.017 0.015 0.013 0.019 0.022 0.01 0.194 0.195 0.023 0.036 0.116 0.014 0.025 0.036 0.008 0.034 0.145
82 F 0.037 0.021 0.017 0.017 0.011 0.014 0.02 0.025 0.016 0.069 0.128 0.022 0.055 0.329 0.011 0.027 0.028 0.015 0.074 0.061
83 L 0.042 0.021 0.015 0.016 0.015 0.014 0.019 0.022 0.011 0.137 0.288 0.023 0.041 0.121 0.013 0.024 0.032 0.009 0.035 0.102
84 I 0.075 0.027 0.03 0.03 0.017 0.021 0.032 0.039 0.013 0.158 0.108 0.036 0.027 0.033 0.021 0.11 0.057 0.005 0.019 0.142
85 L 0.054 0.021 0.015 0.017 0.017 0.015 0.02 0.022 0.009 0.184 0.217 0.025 0.038 0.043 0.015 0.027 0.041 0.006 0.021 0.194
86 S 0.147 0.038 0.047 0.044 0.018 0.031 0.049 0.067 0.018 0.032 0.045 0.051 0.016 0.021 0.029 0.205 0.074 0.005 0.017 0.046
87 I 0.097 0.021 0.016 0.019 0.017 0.016 0.022 0.032 0.01 0.202 0.188 0.028 0.035 0.041 0.017 0.036 0.04 0.006 0.02 0.136
88 V 0.055 0.02 0.015 0.017 0.017 0.015 0.02 0.022 0.009 0.201 0.194 0.024 0.037 0.042 0.015 0.027 0.042 0.006 0.021 0.201
89 S 0.108 0.039 0.053 0.048 0.017 0.033 0.051 0.065 0.019 0.029 0.041 0.053 0.015 0.02 0.029 0.235 0.08 0.005 0.017 0.041
90 A 0.186 0.026 0.023 0.025 0.115 0.021 0.031 0.054 0.012 0.067 0.074 0.035 0.02 0.024 0.024 0.065 0.067 0.005 0.017 0.108
91 R 0.048 0.147 0.029 0.028 0.011 0.036 0.044 0.031 0.017 0.095 0.137 0.133 0.026 0.029 0.019 0.039 0.036 0.006 0.019 0.072
92 N 0.061 0.064 0.159 0.059 0.01 0.058 0.061 0.055 0.025 0.025 0.038 0.128 0.014 0.017 0.024 0.096 0.051 0.005 0.017 0.032
93 S 0.072 0.032 0.093 0.042 0.015 0.025 0.038 0.047 0.017 0.118 0.085 0.041 0.022 0.028 0.022 0.118 0.058 0.005 0.018 0.102
94 G 0.078 0.023 0.039 0.034 0.011 0.019 0.026 0.509 0.014 0.019 0.028 0.034 0.009 0.016 0.019 0.051 0.03 0.005 0.011 0.024
95 R 0.059 0.17 0.037 0.034 0.011 0.075 0.055 0.038 0.021 0.043 0.113 0.081 0.023 0.025 0.021 0.08 0.044 0.006 0.019 0.046
96 G 0.078 0.039 0.103 0.06 0.012 0.036 0.097 0.15 0.021 0.024 0.035 0.053 0.013 0.018 0.024 0.129 0.055 0.005 0.015 0.033
97 I 0.048 0.023 0.023 0.059 0.013 0.018 0.031 0.027 0.018 0.146 0.102 0.03 0.024 0.05 0.113 0.033 0.037 0.009 0.08 0.115
98 I 0.056 0.036 0.03 0.04 0.012 0.068 0.094 0.127 0.017 0.127 0.088 0.049 0.023 0.027 0.019 0.042 0.037 0.006 0.017 0.087
99 P 0.049 0.023 0.018 0.022 0.014 0.017 0.026 0.027 0.011 0.112 0.202 0.031 0.031 0.035 0.21 0.032 0.035 0.005 0.018 0.085
100 L 0.05 0.021 0.015 0.016 0.016 0.015 0.019 0.021 0.009 0.192 0.246 0.024 0.04 0.046 0.015 0.026 0.038 0.006 0.021 0.164
101 L 0.103 0.022 0.021 0.022 0.016 0.017 0.024 0.132 0.011 0.149 0.161 0.03 0.029 0.035 0.018 0.041 0.038 0.006 0.018 0.106
102 T 0.073 0.03 0.034 0.031 0.017 0.023 0.034 0.039 0.013 0.116 0.092 0.038 0.024 0.029 0.023 0.095 0.138 0.006 0.018 0.127
103 P 0.098 0.024 0.019 0.022 0.014 0.017 0.028 0.038 0.013 0.064 0.077 0.03 0.02 0.105 0.113 0.041 0.036 0.106 0.041 0.093
104 I 0.05 0.019 0.015 0.017 0.016 0.014 0.019 0.021 0.009 0.226 0.202 0.024 0.038 0.044 0.015 0.026 0.04 0.006 0.021 0.179
105 L 0.039 0.022 0.015 0.016 0.014 0.014 0.019 0.022 0.013 0.093 0.277 0.022 0.039 0.192 0.013 0.024 0.03 0.011 0.048 0.078
106 I 0.052 0.021 0.016 0.018 0.016 0.017 0.02 0.022 0.01 0.223 0.163 0.026 0.063 0.042 0.015 0.028 0.041 0.006 0.021 0.179
107 I 0.047 0.022 0.017 0.018 0.015 0.017 0.021 0.024 0.012 0.172 0.159 0.026 0.076 0.115 0.014 0.029 0.037 0.009 0.035 0.136
108 G 0.077 0.022 0.038 0.033 0.011 0.019 0.025 0.52 0.013 0.019 0.028 0.033 0.009 0.016 0.019 0.05 0.029 0.005 0.011 0.024
109 A 0.304 0.03 0.025 0.029 0.021 0.025 0.04 0.077 0.015 0.042 0.058 0.044 0.017 0.021 0.029 0.083 0.049 0.005 0.017 0.067
110 R 0.042 0.226 0.031 0.026 0.008 0.037 0.042 0.029 0.032 0.031 0.054 0.083 0.016 0.062 0.018 0.038 0.032 0.014 0.143 0.037
111 K 0.05 0.071 0.105 0.124 0.008 0.079 0.076 0.047 0.024 0.025 0.038 0.154 0.014 0.015 0.024 0.056 0.04 0.005 0.016 0.03
112 V 0.06 0.02 0.015 0.017 0.018 0.015 0.021 0.023 0.008 0.211 0.142 0.025 0.033 0.038 0.015 0.029 0.045 0.006 0.02 0.239
113 N 0.041 0.038 0.225 0.213 0.008 0.032 0.065 0.057 0.026 0.022 0.03 0.049 0.01 0.016 0.021 0.061 0.043 0.004 0.014 0.025
114 F 0.034 0.02 0.018 0.017 0.01 0.013 0.02 0.025 0.022 0.058 0.103 0.021 0.024 0.345 0.011 0.026 0.025 0.019 0.136 0.052
115 D 0.047 0.058 0.046 0.183 0.009 0.036 0.067 0.039 0.017 0.059 0.083 0.139 0.018 0.022 0.022 0.046 0.037 0.005 0.015 0.049
116 K 0.063 0.08 0.101 0.05 0.01 0.045 0.062 0.051 0.022 0.026 0.04 0.197 0.014 0.017 0.026 0.092 0.049 0.005 0.017 0.033
117 I 0.102 0.021 0.017 0.02 0.018 0.016 0.023 0.032 0.01 0.212 0.136 0.028 0.031 0.037 0.018 0.038 0.043 0.006 0.02 0.174
118 L 0.049 0.023 0.014 0.015 0.016 0.016 0.02 0.022 0.01 0.123 0.336 0.025 0.045 0.05 0.014 0.026 0.036 0.007 0.022 0.132
119 K 0.056 0.094 0.04 0.05 0.008 0.055 0.118 0.041 0.021 0.026 0.041 0.249 0.015 0.015 0.027 0.053 0.038 0.005 0.017 0.032
120 T 0.06 0.033 0.039 0.033 0.015 0.026 0.037 0.037 0.083 0.093 0.079 0.04 0.022 0.029 0.023 0.068 0.17 0.006 0.026 0.081
121 F 0.033 0.019 0.017 0.017 0.01 0.01 0.019 0.025 0.017 0.062 0.112 0.019 0.025 0.399 0.01 0.025 0.025 0.017 0.087 0.054
122 L 0.098 0.024 0.018 0.02 0.017 0.019 0.024 0.033 0.011 0.165 0.194 0.03 0.063 0.042 0.018 0.038 0.04 0.006 0.021 0.12
123 Y 0.043 0.023 0.017 0.017 0.012 0.017 0.023 0.024 0.025 0.125 0.099 0.026 0.024 0.08 0.014 0.027 0.032 0.114 0.154 0.105
124 V 0.065 0.026 0.026 0.025 0.018 0.02 0.028 0.031 0.01 0.143 0.11 0.033 0.027 0.032 0.02 0.054 0.132 0.006 0.019 0.176
125 A 0.166 0.036 0.095 0.045 0.017 0.029 0.044 0.065 0.018 0.038 0.05 0.048 0.016 0.021 0.027 0.112 0.098 0.005 0.017 0.054
126 T 0.07 0.029 0.033 0.03 0.017 0.023 0.032 0.037 0.012 0.118 0.094 0.037 0.025 0.029 0.023 0.08 0.156 0.006 0.019 0.13
127 S 0.086 0.034 0.044 0.039 0.016 0.027 0.042 0.052 0.017 0.04 0.06 0.044 0.018 0.097 0.025 0.164 0.105 0.008 0.031 0.049
128 I 0.049 0.018 0.015 0.017 0.111 0.013 0.018 0.023 0.009 0.203 0.189 0.023 0.035 0.041 0.015 0.027 0.037 0.006 0.019 0.134
129 L 0.049 0.023 0.014 0.015 0.016 0.016 0.02 0.022 0.01 0.123 0.336 0.025 0.045 0.05 0.014 0.026 0.036 0.007 0.022 0.132
130 V 0.113 0.024 0.021 0.023 0.018 0.019 0.028 0.038 0.011 0.144 0.139 0.031 0.029 0.034 0.019 0.06 0.048 0.006 0.019 0.175
131 I 0.046 0.019 0.014 0.017 0.016 0.014 0.018 0.02 0.009 0.251 0.209 0.023 0.039 0.045 0.014 0.024 0.038 0.006 0.021 0.157
132 T 0.067 0.031 0.033 0.029 0.017 0.025 0.033 0.036 0.013 0.083 0.102 0.039 0.053 0.03 0.023 0.068 0.174 0.006 0.019 0.117
133 F 0.045 0.021 0.016 0.017 0.014 0.015 0.02 0.024 0.013 0.118 0.184 0.023 0.047 0.186 0.013 0.027 0.034 0.01 0.048 0.123
134 L 0.063 0.028 0.029 0.027 0.017 0.021 0.03 0.032 0.011 0.11 0.151 0.035 0.029 0.034 0.021 0.059 0.151 0.006 0.019 0.128
135 A 0.211 0.03 0.029 0.03 0.018 0.024 0.038 0.064 0.016 0.044 0.066 0.041 0.018 0.097 0.025 0.102 0.05 0.008 0.031 0.059
136 Y 0.038 0.026 0.02 0.018 0.009 0.019 0.026 0.025 0.04 0.047 0.076 0.028 0.02 0.182 0.014 0.029 0.027 0.025 0.282 0.047
137 F 0.04 0.037 0.021 0.021 0.011 0.02 0.029 0.028 0.016 0.065 0.153 0.075 0.028 0.253 0.014 0.03 0.029 0.012 0.06 0.058
138 L 0.044 0.023 0.014 0.015 0.016 0.015 0.019 0.021 0.01 0.148 0.343 0.024 0.046 0.052 0.014 0.024 0.034 0.007 0.022 0.11
139 G 0.077 0.022 0.038 0.033 0.011 0.019 0.025 0.52 0.013 0.019 0.028 0.033 0.009 0.016 0.019 0.05 0.029 0.005 0.011 0.024
140 L 0.095 0.022 0.017 0.019 0.016 0.015 0.023 0.033 0.012 0.158 0.177 0.027 0.033 0.112 0.016 0.036 0.037 0.008 0.033 0.112
141 I 0.098 0.02 0.017 0.02 0.017 0.015 0.022 0.032 0.01 0.237 0.143 0.027 0.032 0.039 0.017 0.036 0.041 0.006 0.02 0.152
142 N 0.062 0.039 0.216 0.065 0.011 0.03 0.044 0.155 0.025 0.023 0.032 0.049 0.012 0.018 0.021 0.098 0.051 0.005 0.015 0.029
143 E 0.062 0.043 0.048 0.144 0.009 0.05 0.214 0.043 0.023 0.023 0.035 0.064 0.012 0.017 0.025 0.09 0.045 0.005 0.015 0.031
144 G 0.083 0.03 0.037 0.035 0.015 0.024 0.037 0.142 0.014 0.053 0.055 0.041 0.016 0.021 0.119 0.119 0.055 0.005 0.016 0.084
145 V 0.078 0.03 0.034 0.031 0.018 0.024 0.035 0.04 0.012 0.091 0.085 0.039 0.023 0.027 0.023 0.096 0.14 0.005 0.018 0.149
146 A 0.161 0.028 0.026 0.028 0.018 0.022 0.034 0.052 0.013 0.102 0.142 0.038 0.027 0.032 0.023 0.09 0.05 0.006 0.019 0.089
147 V 0.092 0.041 0.093 0.043 0.015 0.067 0.051 0.049 0.02 0.068 0.068 0.051 0.02 0.023 0.022 0.09 0.053 0.005 0.018 0.112
148 R 0.044 0.358 0.038 0.03 0.008 0.047 0.051 0.032 0.023 0.023 0.046 0.118 0.015 0.017 0.019 0.044 0.034 0.006 0.017 0.03
149 T 0.073 0.036 0.044 0.038 0.018 0.028 0.039 0.044 0.014 0.053 0.065 0.046 0.02 0.024 0.028 0.093 0.245 0.006 0.018 0.071
150 T 0.073 0.036 0.044 0.038 0.018 0.028 0.039 0.044 0.014 0.053 0.065 0.046 0.02 0.024 0.028 0.093 0.245 0.006 0.018 0.071
151 S 0.11 0.04 0.054 0.049 0.018 0.033 0.053 0.066 0.019 0.03 0.042 0.054 0.016 0.021 0.03 0.218 0.082 0.005 0.018 0.042
152 G 0.069 0.032 0.106 0.121 0.011 0.026 0.048 0.243 0.019 0.022 0.031 0.043 0.011 0.017 0.022 0.091 0.044 0.005 0.013 0.028
153 G 0.077 0.022 0.038 0.033 0.011 0.019 0.025 0.52 0.013 0.019 0.028 0.033 0.009 0.016 0.019 0.05 0.029 0.005 0.011 0.024
154 V 0.067 0.029 0.086 0.036 0.016 0.022 0.033 0.04 0.015 0.132 0.098 0.036 0.025 0.03 0.019 0.079 0.053 0.005 0.019 0.161
155 I 0.097 0.021 0.016 0.019 0.017 0.016 0.022 0.032 0.01 0.202 0.188 0.028 0.035 0.041 0.017 0.036 0.04 0.006 0.02 0.136
156 R 0.044 0.358 0.038 0.03 0.008 0.047 0.051 0.032 0.023 0.023 0.046 0.118 0.015 0.017 0.019 0.044 0.034 0.006 0.017 0.03
157 H 0.042 0.036 0.039 0.03 0.009 0.029 0.04 0.031 0.231 0.079 0.069 0.038 0.02 0.052 0.017 0.036 0.029 0.011 0.104 0.057
158 S 0.093 0.038 0.049 0.043 0.017 0.03 0.046 0.056 0.017 0.038 0.05 0.05 0.017 0.022 0.028 0.177 0.153 0.005 0.017 0.052
159 F 0.033 0.019 0.017 0.017 0.01 0.01 0.019 0.025 0.017 0.062 0.112 0.019 0.025 0.399 0.01 0.025 0.025 0.017 0.087 0.054
160 G 0.077 0.022 0.038 0.033 0.011 0.019 0.025 0.52 0.013 0.019 0.028 0.033 0.009 0.016 0.019 0.05 0.029 0.005 0.011 0.024
161 Y 0.038 0.026 0.02 0.018 0.009 0.019 0.026 0.025 0.04 0.047 0.076 0.028 0.02 0.182 0.014 0.029 0.027 0.025 0.282 0.047
162 R 0.059 0.244 0.042 0.036 0.01 0.045 0.055 0.041 0.022 0.025 0.044 0.14 0.015 0.017 0.023 0.084 0.044 0.005 0.017 0.033
163 W 0.049 0.028 0.025 0.023 0.01 0.021 0.03 0.035 0.028 0.035 0.056 0.032 0.016 0.079 0.015 0.068 0.036 0.213 0.163 0.038
164 P 0.105 0.026 0.023 0.03 0.012 0.021 0.036 0.044 0.013 0.029 0.04 0.041 0.012 0.014 0.409 0.051 0.038 0.003 0.014 0.038
165 T 0.072 0.035 0.043 0.037 0.017 0.027 0.039 0.043 0.014 0.052 0.064 0.045 0.019 0.023 0.027 0.091 0.261 0.006 0.017 0.07
166 D 0.04 0.029 0.068 0.409 0.007 0.029 0.09 0.046 0.018 0.022 0.027 0.044 0.009 0.015 0.022 0.051 0.035 0.004 0.011 0.024
167 L 0.039 0.022 0.015 0.016 0.014 0.014 0.019 0.022 0.013 0.093 0.277 0.022 0.039 0.192 0.013 0.024 0.03 0.011 0.048 0.078
168 V 0.116 0.023 0.018 0.02 0.019 0.018 0.026 0.035 0.009 0.138 0.114 0.029 0.028 0.032 0.019 0.042 0.049 0.005 0.02 0.24
169 S 0.126 0.046 0.043 0.052 0.014 0.077 0.111 0.056 0.021 0.03 0.045 0.063 0.016 0.019 0.027 0.133 0.057 0.005 0.018 0.043
170 L 0.048 0.028 0.017 0.018 0.016 0.023 0.024 0.025 0.013 0.104 0.271 0.031 0.126 0.05 0.015 0.031 0.037 0.007 0.023 0.092
171 I 0.051 0.018 0.015 0.017 0.016 0.014 0.018 0.021 0.009 0.261 0.157 0.024 0.035 0.042 0.015 0.026 0.041 0.006 0.02 0.195
172 A 0.121 0.031 0.031 0.03 0.018 0.026 0.036 0.047 0.014 0.077 0.097 0.04 0.052 0.029 0.023 0.095 0.096 0.006 0.019 0.11
173 Y 0.038 0.026 0.02 0.018 0.009 0.019 0.026 0.025 0.04 0.047 0.076 0.028 0.02 0.182 0.014 0.029 0.027 0.025 0.282 0.047
174 I 0.046 0.019 0.014 0.017 0.016 0.014 0.018 0.02 0.009 0.251 0.209 0.023 0.039 0.045 0.014 0.024 0.038 0.006 0.021 0.157
175 L 0.042 0.023 0.014 0.015 0.015 0.015 0.02 0.022 0.011 0.103 0.333 0.024 0.044 0.123 0.013 0.024 0.031 0.009 0.035 0.086
176 L 0.048 0.028 0.017 0.018 0.016 0.023 0.024 0.025 0.013 0.104 0.271 0.031 0.126 0.05 0.015 0.031 0.037 0.007 0.023 0.092
177 A 0.265 0.032 0.031 0.033 0.02 0.027 0.042 0.074 0.015 0.04 0.055 0.046 0.017 0.021 0.029 0.114 0.055 0.005 0.017 0.062
178 D 0.043 0.033 0.062 0.345 0.007 0.036 0.134 0.043 0.02 0.022 0.029 0.05 0.01 0.015 0.023 0.052 0.035 0.004 0.012 0.025
179 L 0.046 0.024 0.015 0.016 0.016 0.018 0.021 0.022 0.011 0.145 0.304 0.027 0.072 0.05 0.014 0.026 0.035 0.007 0.022 0.109
180 Y 0.045 0.026 0.02 0.018 0.011 0.02 0.027 0.024 0.038 0.066 0.079 0.03 0.021 0.11 0.015 0.031 0.032 0.023 0.269 0.093
181 L 0.046 0.091 0.02 0.019 0.014 0.024 0.027 0.024 0.013 0.127 0.236 0.045 0.065 0.043 0.015 0.03 0.036 0.007 0.021 0.097
182 C 0.105 0.02 0.018 0.018 0.302 0.015 0.022 0.04 0.011 0.041 0.06 0.025 0.016 0.028 0.017 0.045 0.036 0.104 0.024 0.053
183 L 0.044 0.02 0.015 0.017 0.015 0.015 0.019 0.022 0.011 0.188 0.202 0.024 0.05 0.117 0.014 0.026 0.035 0.008 0.034 0.125
184 K 0.051 0.064 0.038 0.045 0.009 0.044 0.104 0.035 0.088 0.077 0.065 0.145 0.019 0.024 0.023 0.045 0.036 0.006 0.025 0.058
185 K 0.051 0.1 0.037 0.045 0.008 0.066 0.111 0.036 0.028 0.029 0.047 0.159 0.016 0.038 0.023 0.048 0.036 0.01 0.08 0.035
186 K 0.053 0.093 0.099 0.049 0.009 0.049 0.065 0.047 0.022 0.026 0.04 0.244 0.014 0.016 0.026 0.056 0.041 0.005 0.017 0.031
187 K 0.07 0.077 0.042 0.04 0.012 0.043 0.059 0.047 0.019 0.036 0.077 0.194 0.019 0.021 0.026 0.104 0.051 0.005 0.018 0.041
188 R 0.047 0.156 0.025 0.025 0.011 0.029 0.035 0.028 0.015 0.094 0.136 0.065 0.025 0.029 0.114 0.036 0.035 0.005 0.018 0.072
189 L 0.047 0.021 0.015 0.017 0.016 0.017 0.02 0.022 0.01 0.213 0.215 0.026 0.067 0.046 0.015 0.027 0.038 0.006 0.021 0.141
190 Y 0.052 0.028 0.025 0.023 0.012 0.021 0.03 0.033 0.027 0.051 0.123 0.032 0.023 0.078 0.016 0.068 0.038 0.114 0.154 0.051
191 F 0.039 0.026 0.08 0.032 0.009 0.018 0.029 0.036 0.018 0.04 0.068 0.031 0.017 0.178 0.11 0.037 0.031 0.108 0.054 0.039
192 R 0.044 0.358 0.038 0.03 0.008 0.047 0.051 0.032 0.023 0.023 0.046 0.118 0.015 0.017 0.019 0.044 0.034 0.006 0.017 0.03
193 I 0.048 0.024 0.019 0.032 0.014 0.023 0.076 0.023 0.012 0.233 0.139 0.033 0.031 0.038 0.017 0.03 0.038 0.006 0.019 0.145
194 V 0.062 0.021 0.018 0.02 0.064 0.016 0.024 0.027 0.01 0.112 0.101 0.027 0.025 0.065 0.113 0.034 0.042 0.006 0.025 0.187
195 L 0.059 0.026 0.023 0.023 0.016 0.02 0.027 0.031 0.012 0.162 0.19 0.032 0.063 0.042 0.018 0.069 0.046 0.006 0.021 0.114
196 Y 0.04 0.027 0.021 0.018 0.009 0.021 0.027 0.024 0.046 0.043 0.067 0.031 0.018 0.128 0.015 0.031 0.027 0.027 0.331 0.046
197 I 0.048 0.019 0.014 0.017 0.016 0.014 0.018 0.021 0.009 0.238 0.206 0.024 0.038 0.045 0.014 0.025 0.039 0.006 0.021 0.168
198 L 0.047 0.02 0.014 0.016 0.016 0.014 0.019 0.021 0.009 0.204 0.25 0.024 0.041 0.047 0.014 0.025 0.037 0.006 0.021 0.153
199 L 0.053 0.023 0.017 0.017 0.016 0.017 0.022 0.024 0.012 0.119 0.19 0.026 0.063 0.114 0.014 0.03 0.039 0.008 0.035 0.161
200 G 0.122 0.024 0.036 0.032 0.013 0.02 0.028 0.431 0.013 0.023 0.034 0.035 0.011 0.017 0.021 0.057 0.033 0.005 0.012 0.033
201 L 0.052 0.025 0.021 0.02 0.016 0.017 0.024 0.027 0.012 0.1 0.216 0.028 0.034 0.113 0.016 0.039 0.08 0.008 0.034 0.119
202 F 0.036 0.018 0.016 0.017 0.011 0.011 0.018 0.024 0.015 0.107 0.122 0.02 0.027 0.328 0.011 0.025 0.028 0.014 0.074 0.078
203 T 0.08 0.033 0.044 0.038 0.016 0.026 0.038 0.142 0.015 0.041 0.052 0.044 0.017 0.021 0.026 0.112 0.179 0.006 0.016 0.055
204 Y 0.04 0.024 0.017 0.017 0.011 0.017 0.023 0.024 0.025 0.103 0.148 0.026 0.027 0.083 0.013 0.026 0.03 0.114 0.154 0.078
205 F 0.061 0.042 0.03 0.028 0.013 0.027 0.038 0.036 0.022 0.064 0.078 0.084 0.021 0.12 0.02 0.075 0.044 0.012 0.095 0.091
206 F 0.044 0.027 0.022 0.031 0.011 0.024 0.079 0.026 0.023 0.082 0.095 0.033 0.023 0.196 0.015 0.033 0.031 0.014 0.108 0.083
207 C 0.062 0.02 0.021 0.02 0.303 0.015 0.021 0.032 0.009 0.094 0.084 0.025 0.021 0.025 0.018 0.047 0.082 0.005 0.015 0.082
208 D 0.041 0.035 0.173 0.278 0.008 0.031 0.073 0.053 0.023 0.022 0.029 0.047 0.01 0.016 0.021 0.058 0.04 0.004 0.013 0.025
209 A 0.186 0.036 0.042 0.04 0.019 0.03 0.047 0.07 0.017 0.034 0.048 0.049 0.016 0.021 0.029 0.174 0.068 0.005 0.017 0.052
210 R 0.044 0.358 0.038 0.03 0.008 0.047 0.051 0.032 0.023 0.023 0.046 0.118 0.015 0.017 0.019 0.044 0.034 0.006 0.017 0.03
211 L 0.044 0.024 0.014 0.015 0.016 0.016 0.02 0.021 0.01 0.113 0.388 0.025 0.049 0.054 0.014 0.024 0.033 0.007 0.022 0.094
212 G 0.168 0.026 0.033 0.031 0.015 0.021 0.031 0.343 0.014 0.028 0.04 0.037 0.012 0.018 0.023 0.064 0.037 0.005 0.013 0.041
213 S 0.108 0.039 0.053 0.048 0.017 0.033 0.051 0.065 0.019 0.029 0.041 0.053 0.015 0.02 0.029 0.235 0.08 0.005 0.017 0.041
214 G 0.108 0.024 0.025 0.025 0.016 0.018 0.027 0.135 0.013 0.091 0.088 0.031 0.022 0.101 0.019 0.05 0.06 0.008 0.031 0.11
215 T 0.119 0.033 0.037 0.034 0.016 0.027 0.039 0.05 0.021 0.044 0.059 0.043 0.018 0.043 0.026 0.106 0.136 0.01 0.08 0.059
216 I 0.046 0.017 0.014 0.017 0.016 0.013 0.017 0.02 0.009 0.285 0.165 0.023 0.036 0.043 0.014 0.025 0.039 0.006 0.02 0.173
217 F 0.037 0.02 0.017 0.017 0.011 0.013 0.02 0.024 0.021 0.103 0.114 0.022 0.026 0.274 0.012 0.026 0.028 0.017 0.123 0.076
218 L 0.049 0.022 0.016 0.017 0.016 0.017 0.02 0.022 0.01 0.201 0.211 0.026 0.066 0.045 0.015 0.027 0.039 0.006 0.021 0.152
219 L 0.042 0.023 0.014 0.015 0.015 0.015 0.02 0.022 0.011 0.103 0.333 0.024 0.044 0.123 0.013 0.024 0.031 0.009 0.035 0.086
220 I 0.051 0.018 0.015 0.017 0.016 0.014 0.018 0.021 0.009 0.261 0.157 0.024 0.035 0.042 0.015 0.026 0.041 0.006 0.02 0.195
221 P 0.056 0.025 0.023 0.03 0.01 0.02 0.035 0.035 0.013 0.025 0.035 0.04 0.01 0.013 0.503 0.043 0.035 0.003 0.013 0.03
222 L 0.103 0.024 0.017 0.019 0.018 0.018 0.025 0.033 0.01 0.113 0.244 0.029 0.037 0.042 0.018 0.038 0.041 0.006 0.02 0.146
223 L 0.07 0.027 0.03 0.029 0.016 0.021 0.031 0.038 0.013 0.148 0.16 0.035 0.03 0.036 0.02 0.109 0.054 0.006 0.019 0.105
224 L 0.096 0.024 0.016 0.018 0.017 0.017 0.023 0.032 0.011 0.133 0.277 0.028 0.04 0.045 0.017 0.036 0.037 0.006 0.021 0.105
225 F 0.044 0.022 0.017 0.017 0.013 0.015 0.021 0.024 0.019 0.088 0.161 0.024 0.03 0.203 0.013 0.027 0.032 0.015 0.109 0.106
226 L 0.043 0.025 0.015 0.016 0.015 0.017 0.021 0.022 0.017 0.099 0.324 0.026 0.043 0.069 0.014 0.025 0.032 0.011 0.084 0.085
227 K 0.049 0.134 0.065 0.038 0.008 0.043 0.055 0.039 0.027 0.029 0.047 0.181 0.015 0.038 0.022 0.048 0.037 0.01 0.08 0.034
228 Y 0.051 0.029 0.026 0.024 0.01 0.022 0.031 0.034 0.034 0.037 0.059 0.033 0.017 0.093 0.016 0.07 0.037 0.118 0.216 0.042
229 L 0.044 0.126 0.027 0.025 0.01 0.033 0.041 0.032 0.017 0.049 0.131 0.113 0.024 0.037 0.017 0.036 0.032 0.129 0.031 0.047
230 K 0.102 0.071 0.096 0.048 0.011 0.079 0.066 0.053 0.023 0.029 0.044 0.154 0.016 0.017 0.025 0.062 0.043 0.005 0.017 0.039
231 I 0.051 0.021 0.02 0.022 0.014 0.015 0.023 0.027 0.012 0.189 0.129 0.027 0.029 0.109 0.064 0.048 0.04 0.008 0.033 0.122
232 F 0.044 0.039 0.031 0.1 0.011 0.024 0.044 0.032 0.016 0.062 0.11 0.08 0.023 0.174 0.017 0.036 0.033 0.01 0.045 0.071
233 L 0.048 0.047 0.033 0.032 0.011 0.106 0.059 0.032 0.089 0.06 0.181 0.055 0.031 0.033 0.019 0.04 0.034 0.007 0.028 0.056
234 R 0.062 0.127 0.045 0.041 0.01 0.099 0.07 0.044 0.058 0.026 0.043 0.124 0.017 0.018 0.024 0.087 0.045 0.006 0.022 0.033
235 N 0.057 0.052 0.155 0.054 0.01 0.034 0.049 0.052 0.029 0.029 0.042 0.096 0.014 0.04 0.022 0.091 0.049 0.009 0.079 0.034
236 K 0.053 0.113 0.035 0.035 0.01 0.044 0.057 0.037 0.018 0.078 0.067 0.221 0.019 0.021 0.024 0.046 0.038 0.005 0.018 0.06
237 L 0.07 0.038 0.021 0.022 0.013 0.023 0.031 0.032 0.013 0.124 0.152 0.079 0.028 0.041 0.017 0.035 0.035 0.105 0.029 0.09
238 L 0.049 0.023 0.016 0.017 0.015 0.017 0.021 0.024 0.012 0.144 0.197 0.026 0.064 0.116 0.014 0.028 0.037 0.009 0.035 0.139
239 K 0.066 0.081 0.043 0.052 0.01 0.051 0.114 0.045 0.021 0.026 0.041 0.201 0.015 0.016 0.027 0.089 0.047 0.005 0.017 0.034
240 F 0.063 0.027 0.031 0.029 0.013 0.019 0.032 0.041 0.017 0.049 0.084 0.032 0.021 0.248 0.018 0.109 0.047 0.012 0.059 0.049
241 I 0.056 0.022 0.02 0.021 0.017 0.016 0.023 0.025 0.009 0.214 0.137 0.028 0.032 0.038 0.017 0.039 0.085 0.006 0.02 0.175
242 L 0.047 0.043 0.031 0.1 0.013 0.028 0.045 0.031 0.015 0.075 0.208 0.084 0.06 0.037 0.019 0.037 0.036 0.006 0.019 0.067
243 K 0.056 0.139 0.035 0.034 0.01 0.044 0.056 0.037 0.018 0.053 0.06 0.204 0.018 0.02 0.023 0.047 0.04 0.005 0.018 0.082
244 N 0.041 0.033 0.143 0.043 0.01 0.025 0.034 0.04 0.033 0.049 0.117 0.038 0.021 0.069 0.017 0.044 0.037 0.014 0.143 0.048
245 F 0.104 0.026 0.025 0.025 0.015 0.019 0.03 0.042 0.015 0.062 0.142 0.032 0.026 0.179 0.019 0.078 0.042 0.01 0.046 0.062
246 F 0.037 0.021 0.017 0.017 0.011 0.014 0.02 0.025 0.016 0.069 0.128 0.022 0.055 0.329 0.011 0.027 0.028 0.015 0.074 0.061
247 I 0.047 0.025 0.022 0.034 0.012 0.024 0.08 0.027 0.014 0.136 0.103 0.036 0.024 0.103 0.114 0.034 0.035 0.007 0.031 0.092
248 I 0.046 0.019 0.014 0.017 0.016 0.014 0.018 0.02 0.009 0.251 0.209 0.023 0.039 0.045 0.014 0.024 0.038 0.006 0.021 0.157
249 C 0.064 0.016 0.016 0.016 0.494 0.012 0.016 0.032 0.008 0.044 0.064 0.02 0.016 0.02 0.016 0.04 0.036 0.004 0.012 0.056
250 L 0.073 0.031 0.034 0.031 0.017 0.024 0.034 0.039 0.013 0.082 0.137 0.038 0.027 0.031 0.023 0.095 0.137 0.006 0.019 0.112
251 L 0.097 0.023 0.016 0.019 0.017 0.017 0.023 0.032 0.01 0.168 0.233 0.028 0.037 0.043 0.017 0.036 0.038 0.006 0.02 0.121
252 L 0.048 0.022 0.017 0.018 0.016 0.016 0.02 0.023 0.01 0.193 0.244 0.026 0.039 0.045 0.015 0.031 0.059 0.006 0.021 0.131
253 S 0.147 0.038 0.047 0.044 0.018 0.031 0.049 0.067 0.018 0.032 0.045 0.051 0.016 0.021 0.029 0.205 0.074 0.005 0.017 0.046
254 I 0.053 0.019 0.015 0.017 0.017 0.014 0.019 0.021 0.008 0.248 0.154 0.024 0.035 0.041 0.015 0.027 0.042 0.006 0.02 0.206
255 L 0.051 0.021 0.015 0.016 0.111 0.014 0.019 0.025 0.01 0.099 0.216 0.023 0.034 0.112 0.014 0.029 0.035 0.008 0.033 0.116
256 L 0.05 0.021 0.015 0.016 0.016 0.015 0.019 0.021 0.009 0.192 0.246 0.024 0.04 0.046 0.015 0.026 0.038 0.006 0.021 0.164
257 V 0.066 0.03 0.026 0.036 0.016 0.028 0.083 0.03 0.013 0.112 0.097 0.039 0.025 0.029 0.02 0.048 0.089 0.005 0.019 0.19
258 Q 0.051 0.048 0.095 0.045 0.011 0.106 0.061 0.042 0.024 0.038 0.06 0.059 0.019 0.094 0.021 0.059 0.083 0.008 0.032 0.044
259 L 0.058 0.028 0.023 0.022 0.016 0.022 0.028 0.031 0.013 0.093 0.279 0.033 0.068 0.046 0.017 0.068 0.044 0.007 0.021 0.083
260 F 0.037 0.024 0.019 0.018 0.01 0.017 0.024 0.025 0.034 0.051 0.085 0.026 0.021 0.237 0.013 0.028 0.026 0.023 0.234 0.049
261 L 0.055 0.044 0.027 0.027 0.015 0.03 0.036 0.032 0.015 0.112 0.131 0.086 0.085 0.035 0.02 0.048 0.084 0.006 0.02 0.091
262 N 0.101 0.102 0.153 0.052 0.013 0.033 0.045 0.056 0.023 0.032 0.046 0.062 0.015 0.019 0.023 0.071 0.088 0.005 0.016 0.044
263 H 0.04 0.039 0.156 0.051 0.009 0.03 0.044 0.046 0.163 0.03 0.05 0.043 0.015 0.099 0.017 0.049 0.035 0.008 0.046 0.03
264 P 0.103 0.03 0.085 0.04 0.012 0.024 0.039 0.049 0.017 0.028 0.039 0.044 0.012 0.015 0.312 0.056 0.041 0.003 0.014 0.037
265 N 0.044 0.053 0.211 0.061 0.009 0.035 0.048 0.052 0.032 0.027 0.04 0.096 0.013 0.039 0.02 0.058 0.042 0.009 0.079 0.031
266 S 0.123 0.04 0.1 0.059 0.014 0.037 0.1 0.061 0.022 0.029 0.041 0.055 0.014 0.019 0.026 0.135 0.059 0.005 0.017 0.041
267 I 0.057 0.019 0.023 0.023 0.014 0.015 0.02 0.186 0.01 0.193 0.12 0.027 0.027 0.034 0.016 0.033 0.036 0.006 0.017 0.124
268 F 0.045 0.02 0.016 0.017 0.014 0.013 0.019 0.023 0.012 0.137 0.181 0.022 0.033 0.186 0.013 0.026 0.034 0.01 0.047 0.132
269 L 0.045 0.025 0.015 0.016 0.016 0.018 0.021 0.022 0.011 0.11 0.349 0.027 0.074 0.052 0.014 0.026 0.034 0.007 0.022 0.094
270 V 0.053 0.026 0.08 0.03 0.014 0.02 0.028 0.031 0.02 0.135 0.104 0.032 0.025 0.052 0.016 0.038 0.042 0.01 0.081 0.162
271 N 0.045 0.119 0.214 0.063 0.009 0.04 0.053 0.053 0.027 0.023 0.036 0.114 0.013 0.017 0.021 0.06 0.044 0.005 0.016 0.028
272 L 0.042 0.021 0.015 0.016 0.015 0.014 0.019 0.022 0.011 0.137 0.288 0.023 0.041 0.121 0.013 0.024 0.032 0.009 0.035 0.102
273 D 0.041 0.032 0.12 0.344 0.008 0.03 0.081 0.049 0.021 0.022 0.028 0.046 0.009 0.015 0.022 0.055 0.037 0.004 0.012 0.024
274 D 0.053 0.05 0.105 0.124 0.01 0.11 0.076 0.047 0.024 0.03 0.043 0.064 0.016 0.017 0.023 0.064 0.085 0.005 0.017 0.038
275 L 0.042 0.023 0.014 0.015 0.015 0.015 0.02 0.022 0.011 0.103 0.333 0.024 0.044 0.123 0.013 0.024 0.031 0.009 0.035 0.086
276 T 0.08 0.034 0.041 0.037 0.017 0.027 0.04 0.047 0.015 0.055 0.12 0.044 0.024 0.028 0.025 0.135 0.143 0.006 0.018 0.063
277 S 0.108 0.039 0.053 0.048 0.017 0.033 0.051 0.065 0.019 0.029 0.041 0.053 0.015 0.02 0.029 0.235 0.08 0.005 0.017 0.041
278 Y 0.093 0.031 0.084 0.033 0.011 0.024 0.034 0.043 0.037 0.039 0.058 0.038 0.017 0.085 0.019 0.049 0.036 0.018 0.205 0.046
279 R 0.044 0.358 0.038 0.03 0.008 0.047 0.051 0.032 0.023 0.023 0.046 0.118 0.015 0.017 0.019 0.044 0.034 0.006 0.017 0.03
280 L 0.044 0.024 0.014 0.015 0.016 0.016 0.02 0.021 0.01 0.113 0.388 0.025 0.049 0.054 0.014 0.024 0.033 0.007 0.022 0.094
281 T 0.112 0.032 0.035 0.032 0.017 0.026 0.037 0.046 0.02 0.048 0.063 0.042 0.019 0.044 0.025 0.077 0.172 0.01 0.08 0.064
282 L 0.04 0.028 0.079 0.029 0.012 0.019 0.027 0.031 0.023 0.071 0.197 0.03 0.03 0.13 0.015 0.034 0.033 0.012 0.095 0.063
283 T 0.059 0.047 0.1 0.058 0.012 0.076 0.107 0.045 0.022 0.035 0.048 0.061 0.016 0.019 0.024 0.072 0.129 0.005 0.017 0.046
284 V 0.066 0.027 0.021 0.032 0.017 0.026 0.08 0.026 0.011 0.133 0.109 0.035 0.027 0.031 0.018 0.037 0.046 0.005 0.019 0.233
285 I 0.05 0.023 0.031 0.1 0.014 0.019 0.036 0.03 0.012 0.186 0.117 0.032 0.027 0.034 0.018 0.043 0.083 0.005 0.018 0.123
286 G 0.161 0.03 0.091 0.041 0.014 0.024 0.036 0.251 0.017 0.029 0.041 0.041 0.013 0.018 0.023 0.067 0.041 0.005 0.014 0.042
287 V 0.06 0.024 0.021 0.021 0.017 0.018 0.024 0.026 0.01 0.155 0.174 0.029 0.033 0.038 0.018 0.041 0.086 0.006 0.02 0.181
288 K 0.053 0.093 0.099 0.049 0.009 0.049 0.065 0.047 0.022 0.026 0.04 0.244 0.014 0.016 0.026 0.056 0.041 0.005 0.017 0.031
289 L 0.042 0.023 0.014 0.015 0.015 0.015 0.02 0.022 0.011 0.103 0.333 0.024 0.044 0.123 0.013 0.024 0.031 0.009 0.035 0.086
290 F 0.036 0.026 0.025 0.021 0.01 0.018 0.027 0.027 0.093 0.05 0.088 0.026 0.022 0.271 0.013 0.029 0.026 0.017 0.13 0.046
291 G 0.077 0.022 0.038 0.033 0.011 0.019 0.025 0.52 0.013 0.019 0.028 0.033 0.009 0.016 0.019 0.05 0.029 0.005 0.011 0.024
292 Y 0.04 0.027 0.02 0.018 0.01 0.02 0.026 0.024 0.039 0.057 0.131 0.029 0.024 0.113 0.015 0.029 0.029 0.023 0.269 0.055
293 S 0.093 0.038 0.049 0.043 0.017 0.03 0.046 0.056 0.017 0.038 0.05 0.05 0.017 0.022 0.028 0.177 0.153 0.005 0.017 0.052
294 I 0.098 0.022 0.017 0.02 0.017 0.017 0.023 0.032 0.011 0.201 0.168 0.029 0.048 0.04 0.017 0.037 0.04 0.006 0.02 0.136
295 W 0.031 0.021 0.016 0.016 0.009 0.013 0.021 0.028 0.016 0.043 0.076 0.021 0.019 0.195 0.009 0.023 0.023 0.308 0.075 0.039
296 G 0.077 0.022 0.038 0.033 0.011 0.019 0.025 0.52 0.013 0.019 0.028 0.033 0.009 0.016 0.019 0.05 0.029 0.005 0.011 0.024
297 Q 0.055 0.072 0.043 0.046 0.009 0.23 0.101 0.04 0.029 0.026 0.046 0.089 0.02 0.014 0.023 0.055 0.04 0.006 0.02 0.035
298 E 0.046 0.04 0.1 0.137 0.008 0.042 0.157 0.041 0.029 0.026 0.04 0.055 0.013 0.039 0.022 0.052 0.037 0.009 0.078 0.031
299 I 0.051 0.018 0.015 0.017 0.016 0.014 0.018 0.021 0.009 0.261 0.157 0.024 0.035 0.042 0.015 0.026 0.041 0.006 0.02 0.195
300 Y 0.045 0.026 0.02 0.018 0.011 0.02 0.027 0.024 0.038 0.066 0.079 0.03 0.021 0.11 0.015 0.031 0.032 0.023 0.269 0.093
301 D 0.053 0.05 0.105 0.124 0.01 0.11 0.076 0.047 0.024 0.03 0.043 0.064 0.016 0.017 0.023 0.064 0.085 0.005 0.017 0.038
302 R 0.045 0.172 0.103 0.12 0.008 0.077 0.068 0.043 0.025 0.023 0.039 0.084 0.014 0.016 0.021 0.052 0.038 0.005 0.016 0.029
303 Y 0.094 0.026 0.021 0.02 0.013 0.02 0.028 0.034 0.032 0.091 0.085 0.032 0.022 0.09 0.018 0.04 0.034 0.019 0.206 0.076
304 L 0.046 0.027 0.03 0.109 0.012 0.027 0.091 0.028 0.014 0.145 0.156 0.038 0.029 0.034 0.018 0.036 0.036 0.006 0.018 0.099
305 Q 0.068 0.062 0.039 0.04 0.012 0.112 0.069 0.042 0.021 0.054 0.061 0.11 0.02 0.02 0.024 0.086 0.05 0.005 0.019 0.085
306 L 0.062 0.113 0.031 0.028 0.014 0.031 0.038 0.037 0.017 0.066 0.167 0.058 0.064 0.035 0.02 0.084 0.047 0.006 0.02 0.064
307 F 0.042 0.025 0.018 0.018 0.013 0.019 0.023 0.026 0.016 0.08 0.153 0.027 0.1 0.222 0.013 0.03 0.032 0.012 0.055 0.072
308 G 0.059 0.027 0.032 0.027 0.011 0.021 0.03 0.226 0.083 0.05 0.055 0.032 0.016 0.031 0.016 0.039 0.031 0.105 0.033 0.077
309 N 0.043 0.045 0.317 0.083 0.009 0.034 0.049 0.065 0.032 0.022 0.032 0.054 0.011 0.018 0.02 0.07 0.049 0.004 0.016 0.027
310 N 0.068 0.042 0.219 0.068 0.012 0.033 0.05 0.064 0.026 0.025 0.035 0.053 0.013 0.019 0.024 0.135 0.061 0.005 0.016 0.032
311 S 0.095 0.036 0.078 0.048 0.015 0.03 0.046 0.156 0.019 0.026 0.037 0.049 0.014 0.019 0.026 0.182 0.067 0.005 0.016 0.036
312 W 0.032 0.023 0.016 0.016 0.008 0.016 0.023 0.029 0.021 0.032 0.055 0.024 0.016 0.073 0.009 0.024 0.023 0.407 0.12 0.033
313 F 0.035 0.024 0.079 0.03 0.01 0.015 0.025 0.033 0.019 0.054 0.096 0.025 0.022 0.323 0.012 0.034 0.03 0.014 0.073 0.048
314 F 0.036 0.022 0.018 0.017 0.01 0.015 0.022 0.025 0.028 0.054 0.094 0.023 0.022 0.291 0.012 0.027 0.026 0.021 0.185 0.051
315 I 0.046 0.017 0.014 0.017 0.016 0.013 0.017 0.02 0.009 0.285 0.165 0.023 0.036 0.043 0.014 0.025 0.039 0.006 0.02 0.173
316 D 0.04 0.029 0.068 0.409 0.007 0.029 0.09 0.046 0.018 0.022 0.027 0.044 0.009 0.015 0.022 0.051 0.035 0.004 0.011 0.024
317 S 0.108 0.039 0.053 0.048 0.017 0.033 0.051 0.065 0.019 0.029 0.041 0.053 0.015 0.02 0.029 0.235 0.08 0.005 0.017 0.041
318 S 0.1 0.036 0.046 0.042 0.017 0.029 0.046 0.057 0.017 0.056 0.058 0.048 0.019 0.023 0.027 0.195 0.074 0.005 0.018 0.09
319 Y 0.04 0.027 0.021 0.018 0.009 0.021 0.027 0.024 0.046 0.043 0.067 0.031 0.018 0.128 0.015 0.031 0.027 0.027 0.331 0.046
320 Y 0.038 0.026 0.02 0.018 0.009 0.02 0.026 0.025 0.04 0.04 0.064 0.029 0.018 0.114 0.014 0.029 0.026 0.122 0.278 0.043
