#Seq2Logo.py -f /work3/idamei/ssn-clusterings/2206011120/clusters/0008_199/sequences.afa -m 0.0001 -b 50 -o /work3/idamei/ssn-clusterings/2206011120/clusters/0008_199/sequences.logo
#Position Specific Frequency Matrix
A R N D C Q E G H I L K M F P S T W Y V
0 M 0.047 0.029 0.018 0.018 0.015 0.026 0.026 0.026 0.015 0.091 0.179 0.033 0.237 0.044 0.015 0.033 0.037 0.007 0.022 0.084
1 L 0.097 0.029 0.14 0.039 0.013 0.022 0.031 0.131 0.017 0.051 0.167 0.036 0.022 0.028 0.018 0.049 0.037 0.005 0.016 0.051
2 Y 0.037 0.028 0.025 0.02 0.008 0.022 0.029 0.025 0.104 0.037 0.058 0.031 0.016 0.104 0.015 0.03 0.025 0.022 0.325 0.039
3 L 0.065 0.026 0.025 0.025 0.016 0.019 0.028 0.033 0.011 0.125 0.202 0.032 0.03 0.035 0.018 0.113 0.048 0.005 0.018 0.125
4 L 0.081 0.025 0.024 0.024 0.016 0.019 0.027 0.034 0.011 0.135 0.203 0.031 0.03 0.035 0.019 0.082 0.088 0.006 0.018 0.092
5 Y 0.048 0.023 0.022 0.021 0.012 0.017 0.025 0.028 0.022 0.14 0.095 0.028 0.023 0.13 0.015 0.069 0.037 0.014 0.149 0.082
6 G 0.213 0.024 0.029 0.029 0.015 0.02 0.03 0.313 0.013 0.028 0.04 0.036 0.012 0.017 0.022 0.062 0.036 0.005 0.013 0.042
7 L 0.055 0.029 0.085 0.033 0.015 0.022 0.031 0.035 0.014 0.075 0.157 0.035 0.025 0.03 0.019 0.056 0.154 0.005 0.017 0.109
8 F 0.069 0.02 0.017 0.018 0.1 0.014 0.02 0.028 0.011 0.107 0.151 0.023 0.026 0.169 0.014 0.035 0.054 0.009 0.038 0.077
9 I 0.046 0.018 0.014 0.016 0.015 0.013 0.017 0.019 0.008 0.267 0.194 0.022 0.035 0.04 0.014 0.024 0.037 0.005 0.019 0.178
10 I 0.043 0.016 0.013 0.016 0.015 0.012 0.016 0.019 0.008 0.337 0.153 0.021 0.033 0.04 0.013 0.023 0.036 0.005 0.019 0.161
11 L 0.053 0.023 0.02 0.02 0.016 0.017 0.023 0.025 0.009 0.141 0.214 0.027 0.032 0.037 0.017 0.04 0.106 0.006 0.019 0.156
12 F 0.094 0.023 0.02 0.02 0.013 0.017 0.025 0.034 0.015 0.062 0.13 0.027 0.059 0.238 0.015 0.056 0.034 0.011 0.05 0.06
13 F 0.042 0.02 0.019 0.019 0.012 0.013 0.021 0.026 0.014 0.071 0.099 0.022 0.023 0.304 0.013 0.034 0.075 0.012 0.06 0.1
14 L 0.047 0.02 0.014 0.014 0.187 0.014 0.017 0.023 0.009 0.083 0.308 0.021 0.035 0.039 0.014 0.027 0.031 0.006 0.017 0.076
15 L 0.105 0.02 0.019 0.02 0.101 0.016 0.022 0.119 0.01 0.115 0.14 0.026 0.024 0.029 0.017 0.039 0.036 0.005 0.016 0.12
16 I 0.091 0.019 0.016 0.018 0.014 0.013 0.02 0.029 0.011 0.194 0.12 0.023 0.027 0.171 0.014 0.032 0.033 0.009 0.039 0.107
17 G 0.213 0.024 0.029 0.029 0.015 0.02 0.03 0.313 0.013 0.028 0.04 0.036 0.012 0.017 0.022 0.062 0.036 0.005 0.013 0.042
18 Y 0.057 0.025 0.024 0.023 0.013 0.019 0.028 0.032 0.02 0.102 0.078 0.03 0.02 0.056 0.016 0.092 0.042 0.099 0.116 0.107
19 Y 0.104 0.025 0.024 0.023 0.013 0.02 0.029 0.037 0.023 0.059 0.073 0.031 0.019 0.125 0.018 0.08 0.04 0.013 0.148 0.095
20 R 0.04 0.251 0.028 0.024 0.009 0.034 0.039 0.028 0.018 0.042 0.117 0.099 0.021 0.092 0.016 0.035 0.03 0.007 0.027 0.042
21 R 0.043 0.267 0.038 0.032 0.007 0.044 0.052 0.033 0.086 0.022 0.04 0.157 0.014 0.017 0.019 0.042 0.032 0.005 0.022 0.027
22 L 0.043 0.023 0.015 0.016 0.015 0.018 0.02 0.021 0.011 0.139 0.301 0.026 0.107 0.046 0.014 0.026 0.033 0.007 0.021 0.098
23 S 0.1 0.036 0.049 0.044 0.016 0.03 0.048 0.06 0.017 0.027 0.038 0.049 0.014 0.019 0.027 0.291 0.075 0.005 0.016 0.038
24 L 0.046 0.022 0.015 0.017 0.014 0.015 0.021 0.022 0.009 0.099 0.313 0.026 0.036 0.041 0.101 0.026 0.033 0.006 0.019 0.119
25 F 0.032 0.019 0.016 0.016 0.009 0.011 0.019 0.023 0.02 0.055 0.097 0.019 0.022 0.389 0.01 0.024 0.023 0.017 0.131 0.049
26 S 0.1 0.036 0.049 0.044 0.016 0.03 0.048 0.06 0.017 0.027 0.038 0.049 0.014 0.019 0.027 0.291 0.075 0.005 0.016 0.038
27 P 0.052 0.023 0.021 0.028 0.009 0.019 0.033 0.033 0.012 0.023 0.033 0.038 0.009 0.012 0.54 0.04 0.033 0.002 0.012 0.028
28 L 0.039 0.021 0.013 0.014 0.014 0.014 0.018 0.02 0.01 0.097 0.378 0.022 0.041 0.115 0.012 0.022 0.029 0.008 0.03 0.081
29 V 0.054 0.02 0.015 0.016 0.016 0.016 0.02 0.022 0.009 0.202 0.14 0.024 0.065 0.037 0.014 0.028 0.041 0.006 0.019 0.235
30 L 0.041 0.02 0.013 0.015 0.015 0.014 0.017 0.019 0.009 0.202 0.316 0.022 0.04 0.046 0.013 0.022 0.033 0.006 0.02 0.118
31 N 0.065 0.036 0.212 0.058 0.011 0.028 0.042 0.142 0.022 0.022 0.031 0.046 0.011 0.017 0.021 0.136 0.052 0.004 0.014 0.029
32 A 0.214 0.025 0.025 0.026 0.189 0.02 0.031 0.055 0.012 0.038 0.053 0.035 0.015 0.019 0.023 0.099 0.046 0.004 0.014 0.055
33 L 0.048 0.022 0.015 0.016 0.015 0.016 0.02 0.022 0.011 0.11 0.231 0.024 0.068 0.108 0.013 0.027 0.035 0.008 0.03 0.163
34 A 0.21 0.023 0.023 0.024 0.103 0.019 0.028 0.137 0.011 0.054 0.061 0.032 0.017 0.021 0.021 0.058 0.04 0.005 0.015 0.099
35 W 0.028 0.021 0.014 0.014 0.007 0.014 0.021 0.028 0.014 0.028 0.048 0.021 0.014 0.055 0.007 0.021 0.021 0.539 0.062 0.028
36 L 0.049 0.031 0.024 0.023 0.012 0.062 0.035 0.071 0.019 0.067 0.239 0.037 0.03 0.05 0.016 0.052 0.034 0.009 0.079 0.061
37 V 0.107 0.022 0.019 0.02 0.015 0.016 0.023 0.119 0.01 0.094 0.143 0.027 0.025 0.064 0.017 0.039 0.038 0.006 0.022 0.173
38 V 0.125 0.029 0.032 0.03 0.017 0.023 0.035 0.046 0.013 0.074 0.071 0.038 0.02 0.024 0.023 0.134 0.1 0.005 0.017 0.146
39 F 0.031 0.017 0.015 0.015 0.01 0.01 0.017 0.023 0.015 0.058 0.104 0.017 0.023 0.443 0.01 0.023 0.023 0.015 0.081 0.05
40 V 0.104 0.022 0.02 0.021 0.016 0.017 0.025 0.033 0.011 0.13 0.101 0.028 0.025 0.098 0.018 0.045 0.085 0.007 0.028 0.168
41 P 0.062 0.023 0.024 0.026 0.184 0.018 0.029 0.036 0.011 0.03 0.042 0.033 0.012 0.015 0.279 0.081 0.04 0.003 0.012 0.038
42 G 0.118 0.022 0.034 0.03 0.011 0.018 0.026 0.474 0.012 0.021 0.03 0.032 0.01 0.016 0.019 0.052 0.03 0.005 0.011 0.029
43 L 0.042 0.021 0.014 0.015 0.015 0.016 0.019 0.02 0.01 0.18 0.297 0.024 0.073 0.046 0.013 0.024 0.033 0.006 0.02 0.111
44 F 0.09 0.02 0.017 0.017 0.013 0.013 0.021 0.031 0.014 0.07 0.098 0.022 0.023 0.304 0.013 0.033 0.03 0.012 0.06 0.1
45 F 0.032 0.018 0.015 0.015 0.01 0.01 0.017 0.022 0.014 0.066 0.159 0.018 0.027 0.377 0.01 0.023 0.024 0.014 0.071 0.056
46 Y 0.054 0.09 0.03 0.026 0.01 0.025 0.032 0.119 0.03 0.031 0.049 0.046 0.015 0.068 0.017 0.077 0.035 0.015 0.197 0.036
47 D 0.054 0.036 0.105 0.194 0.009 0.036 0.136 0.045 0.02 0.024 0.033 0.051 0.011 0.016 0.022 0.094 0.065 0.004 0.014 0.03
48 D 0.055 0.097 0.044 0.173 0.01 0.072 0.063 0.039 0.018 0.044 0.049 0.058 0.015 0.018 0.02 0.084 0.042 0.005 0.015 0.08
49 F 0.034 0.021 0.018 0.016 0.009 0.015 0.021 0.023 0.029 0.049 0.083 0.023 0.02 0.281 0.012 0.026 0.024 0.02 0.23 0.046
50 Y 0.037 0.025 0.02 0.017 0.008 0.02 0.025 0.023 0.042 0.04 0.062 0.028 0.017 0.119 0.014 0.028 0.025 0.025 0.38 0.042
51 P 0.052 0.023 0.021 0.028 0.009 0.019 0.033 0.033 0.012 0.023 0.033 0.038 0.009 0.012 0.54 0.04 0.033 0.002 0.012 0.028
52 I 0.042 0.018 0.013 0.015 0.015 0.013 0.017 0.019 0.008 0.26 0.246 0.022 0.037 0.043 0.013 0.023 0.034 0.006 0.019 0.136
53 T 0.064 0.043 0.039 0.035 0.015 0.029 0.041 0.039 0.014 0.045 0.056 0.092 0.017 0.02 0.025 0.078 0.269 0.005 0.016 0.059
54 G 0.054 0.028 0.103 0.179 0.01 0.024 0.049 0.215 0.017 0.024 0.032 0.039 0.01 0.016 0.02 0.056 0.08 0.004 0.012 0.03
55 N 0.056 0.1 0.153 0.057 0.01 0.037 0.097 0.047 0.022 0.026 0.038 0.061 0.013 0.017 0.022 0.099 0.091 0.005 0.015 0.035
56 V 0.158 0.024 0.018 0.02 0.018 0.02 0.027 0.039 0.011 0.103 0.107 0.031 0.059 0.03 0.019 0.046 0.044 0.005 0.018 0.203
57 F 0.032 0.018 0.015 0.015 0.01 0.01 0.017 0.022 0.014 0.066 0.159 0.018 0.027 0.377 0.01 0.023 0.024 0.014 0.071 0.056
58 V 0.104 0.022 0.02 0.021 0.016 0.017 0.025 0.033 0.011 0.13 0.101 0.028 0.025 0.098 0.018 0.045 0.085 0.007 0.028 0.168
59 L 0.146 0.026 0.018 0.019 0.015 0.02 0.027 0.038 0.017 0.07 0.202 0.031 0.063 0.05 0.018 0.043 0.036 0.009 0.079 0.071
60 W 0.028 0.021 0.014 0.014 0.007 0.014 0.021 0.028 0.014 0.028 0.048 0.021 0.014 0.055 0.007 0.021 0.021 0.539 0.062 0.028
61 L 0.047 0.022 0.014 0.015 0.015 0.016 0.02 0.021 0.009 0.115 0.333 0.024 0.057 0.045 0.014 0.025 0.035 0.006 0.02 0.149
62 V 0.102 0.022 0.016 0.018 0.016 0.017 0.023 0.03 0.01 0.184 0.129 0.027 0.063 0.035 0.016 0.036 0.041 0.005 0.019 0.19
63 W 0.028 0.021 0.014 0.014 0.007 0.014 0.021 0.028 0.014 0.028 0.048 0.021 0.014 0.055 0.007 0.021 0.021 0.539 0.062 0.028
64 F 0.031 0.017 0.015 0.015 0.01 0.01 0.017 0.023 0.015 0.058 0.104 0.017 0.023 0.443 0.01 0.023 0.023 0.015 0.081 0.05
65 F 0.05 0.024 0.023 0.021 0.014 0.017 0.024 0.028 0.012 0.078 0.146 0.027 0.026 0.168 0.016 0.044 0.125 0.009 0.039 0.109
66 V 0.055 0.018 0.014 0.016 0.016 0.014 0.019 0.021 0.008 0.228 0.133 0.023 0.031 0.036 0.014 0.027 0.041 0.005 0.019 0.263
67 T 0.073 0.03 0.034 0.031 0.016 0.023 0.034 0.04 0.013 0.068 0.124 0.038 0.023 0.027 0.022 0.134 0.142 0.005 0.017 0.105
68 S 0.08 0.035 0.129 0.05 0.013 0.028 0.043 0.142 0.019 0.024 0.034 0.046 0.012 0.018 0.023 0.193 0.059 0.005 0.014 0.032
69 L 0.046 0.021 0.018 0.018 0.015 0.015 0.02 0.022 0.009 0.212 0.23 0.025 0.035 0.04 0.015 0.033 0.081 0.006 0.019 0.12
70 L 0.041 0.02 0.014 0.015 0.013 0.013 0.018 0.021 0.011 0.097 0.27 0.021 0.035 0.178 0.012 0.024 0.03 0.009 0.04 0.116
71 F 0.032 0.021 0.021 0.019 0.009 0.014 0.022 0.025 0.082 0.052 0.092 0.021 0.022 0.373 0.011 0.026 0.023 0.014 0.076 0.045
72 L 0.043 0.019 0.014 0.015 0.014 0.013 0.018 0.02 0.01 0.182 0.232 0.022 0.035 0.109 0.013 0.024 0.034 0.007 0.03 0.147
73 F 0.037 0.025 0.016 0.017 0.012 0.015 0.021 0.023 0.013 0.094 0.212 0.047 0.031 0.242 0.012 0.025 0.028 0.011 0.05 0.07
74 L 0.037 0.02 0.014 0.014 0.013 0.013 0.018 0.021 0.011 0.089 0.323 0.021 0.038 0.181 0.012 0.022 0.028 0.009 0.04 0.075
75 D 0.097 0.03 0.04 0.138 0.01 0.028 0.073 0.127 0.087 0.026 0.039 0.039 0.012 0.035 0.02 0.048 0.031 0.008 0.08 0.033
76 P 0.049 0.025 0.082 0.034 0.009 0.019 0.031 0.123 0.015 0.028 0.043 0.035 0.012 0.085 0.277 0.042 0.032 0.005 0.023 0.03
77 Y 0.04 0.028 0.022 0.019 0.009 0.022 0.028 0.025 0.047 0.044 0.068 0.031 0.019 0.131 0.016 0.031 0.028 0.028 0.318 0.047
78 G 0.076 0.038 0.042 0.039 0.011 0.082 0.049 0.294 0.018 0.022 0.034 0.05 0.013 0.016 0.021 0.103 0.043 0.005 0.014 0.03
79 K 0.048 0.061 0.121 0.047 0.008 0.118 0.064 0.043 0.023 0.023 0.037 0.132 0.014 0.014 0.108 0.052 0.038 0.004 0.016 0.029
80 P 0.055 0.055 0.032 0.034 0.009 0.073 0.052 0.123 0.017 0.023 0.035 0.146 0.012 0.013 0.195 0.046 0.034 0.004 0.014 0.028
81 N 0.087 0.041 0.137 0.049 0.011 0.077 0.052 0.051 0.021 0.025 0.037 0.053 0.013 0.016 0.125 0.102 0.047 0.004 0.015 0.034
82 L 0.051 0.089 0.026 0.024 0.014 0.024 0.03 0.029 0.013 0.109 0.154 0.045 0.061 0.032 0.018 0.048 0.127 0.006 0.018 0.082
83 F 0.093 0.02 0.019 0.02 0.012 0.014 0.022 0.12 0.013 0.089 0.081 0.025 0.02 0.169 0.014 0.036 0.029 0.097 0.045 0.062
84 K 0.051 0.068 0.038 0.104 0.009 0.079 0.065 0.037 0.018 0.045 0.051 0.196 0.016 0.017 0.022 0.046 0.037 0.005 0.016 0.08
85 P 0.058 0.032 0.03 0.047 0.01 0.033 0.142 0.035 0.016 0.075 0.054 0.047 0.015 0.019 0.194 0.082 0.041 0.004 0.015 0.052
86 S 0.078 0.047 0.042 0.041 0.014 0.1 0.061 0.048 0.02 0.041 0.102 0.059 0.022 0.024 0.024 0.147 0.058 0.006 0.019 0.047
87 C 0.142 0.021 0.018 0.02 0.18 0.016 0.024 0.042 0.01 0.128 0.094 0.028 0.023 0.028 0.019 0.048 0.04 0.005 0.016 0.097
88 T 0.073 0.036 0.043 0.038 0.018 0.028 0.039 0.043 0.014 0.053 0.065 0.045 0.02 0.024 0.028 0.093 0.246 0.006 0.018 0.071
89 A 0.153 0.032 0.057 0.04 0.015 0.029 0.088 0.047 0.015 0.048 0.113 0.043 0.02 0.024 0.023 0.064 0.108 0.005 0.016 0.058
90 P 0.11 0.05 0.035 0.044 0.011 0.078 0.106 0.045 0.019 0.026 0.04 0.104 0.014 0.015 0.111 0.093 0.043 0.005 0.016 0.037
91 K 0.114 0.05 0.035 0.043 0.012 0.036 0.1 0.048 0.017 0.027 0.039 0.123 0.013 0.016 0.111 0.113 0.046 0.004 0.015 0.037
92 R 0.04 0.278 0.029 0.024 0.009 0.035 0.039 0.027 0.023 0.038 0.111 0.081 0.02 0.039 0.016 0.035 0.03 0.009 0.077 0.04
93 E 0.06 0.11 0.039 0.051 0.01 0.044 0.153 0.039 0.019 0.027 0.041 0.113 0.014 0.017 0.024 0.094 0.087 0.005 0.016 0.036
94 L 0.042 0.019 0.013 0.015 0.015 0.013 0.017 0.019 0.009 0.221 0.292 0.022 0.039 0.045 0.013 0.022 0.033 0.006 0.02 0.124
95 P 0.057 0.139 0.034 0.033 0.01 0.034 0.047 0.038 0.017 0.024 0.038 0.134 0.013 0.015 0.195 0.084 0.04 0.004 0.014 0.03
96 L 0.041 0.019 0.014 0.015 0.013 0.013 0.018 0.021 0.011 0.135 0.224 0.021 0.033 0.176 0.012 0.024 0.031 0.009 0.04 0.128
97 D 0.04 0.092 0.104 0.248 0.008 0.029 0.062 0.042 0.019 0.021 0.03 0.053 0.01 0.014 0.106 0.048 0.034 0.004 0.012 0.025
98 Y 0.037 0.025 0.02 0.017 0.008 0.02 0.025 0.023 0.042 0.04 0.062 0.028 0.017 0.119 0.014 0.028 0.025 0.025 0.38 0.042
99 S 0.07 0.047 0.042 0.048 0.012 0.119 0.113 0.044 0.021 0.028 0.042 0.062 0.016 0.017 0.024 0.136 0.095 0.005 0.017 0.039
100 L 0.041 0.023 0.016 0.015 0.012 0.016 0.022 0.022 0.021 0.078 0.193 0.025 0.028 0.071 0.013 0.025 0.03 0.101 0.147 0.104
101 V 0.106 0.021 0.02 0.022 0.015 0.017 0.025 0.12 0.01 0.135 0.087 0.029 0.021 0.026 0.104 0.04 0.038 0.005 0.016 0.143
102 L 0.047 0.019 0.014 0.015 0.015 0.014 0.018 0.02 0.008 0.213 0.237 0.023 0.036 0.041 0.014 0.024 0.036 0.006 0.019 0.18
103 L 0.046 0.021 0.015 0.015 0.014 0.015 0.02 0.022 0.015 0.101 0.211 0.023 0.031 0.121 0.013 0.026 0.033 0.011 0.09 0.156
104 L 0.043 0.019 0.014 0.015 0.014 0.013 0.018 0.02 0.01 0.182 0.232 0.022 0.035 0.109 0.013 0.024 0.034 0.007 0.03 0.147
105 L 0.039 0.02 0.013 0.014 0.014 0.013 0.018 0.02 0.01 0.136 0.331 0.022 0.039 0.114 0.012 0.022 0.03 0.008 0.03 0.093
106 C 0.104 0.018 0.016 0.017 0.188 0.014 0.02 0.032 0.009 0.157 0.099 0.024 0.024 0.028 0.016 0.038 0.038 0.005 0.016 0.137
107 L 0.15 0.023 0.02 0.022 0.015 0.017 0.025 0.126 0.011 0.103 0.164 0.029 0.026 0.065 0.018 0.045 0.035 0.006 0.022 0.077
108 W 0.044 0.02 0.014 0.015 0.012 0.014 0.02 0.025 0.011 0.104 0.086 0.022 0.022 0.044 0.011 0.025 0.032 0.272 0.04 0.167
109 L 0.04 0.022 0.013 0.014 0.015 0.015 0.018 0.019 0.009 0.105 0.432 0.023 0.045 0.05 0.013 0.022 0.03 0.006 0.02 0.087
110 A 0.203 0.025 0.022 0.023 0.016 0.019 0.028 0.134 0.012 0.057 0.175 0.033 0.024 0.029 0.021 0.054 0.037 0.005 0.016 0.064
111 Y 0.033 0.022 0.017 0.016 0.008 0.016 0.022 0.024 0.028 0.039 0.064 0.024 0.017 0.152 0.011 0.025 0.023 0.195 0.224 0.039
112 R 0.046 0.246 0.037 0.034 0.007 0.086 0.061 0.034 0.021 0.023 0.041 0.183 0.015 0.015 0.021 0.045 0.034 0.005 0.016 0.029
113 I 0.052 0.024 0.02 0.02 0.015 0.019 0.023 0.025 0.011 0.176 0.14 0.029 0.098 0.037 0.016 0.038 0.084 0.006 0.019 0.148
114 W 0.032 0.149 0.021 0.019 0.007 0.024 0.03 0.028 0.016 0.025 0.046 0.05 0.014 0.042 0.01 0.027 0.024 0.361 0.047 0.028
115 V 0.107 0.028 0.02 0.022 0.016 0.061 0.035 0.032 0.012 0.142 0.101 0.036 0.026 0.028 0.018 0.04 0.042 0.005 0.018 0.21
116 V 0.057 0.019 0.014 0.016 0.017 0.014 0.019 0.021 0.008 0.212 0.13 0.023 0.03 0.035 0.014 0.028 0.042 0.005 0.019 0.277
117 G 0.071 0.021 0.036 0.031 0.01 0.017 0.023 0.555 0.012 0.017 0.026 0.031 0.009 0.015 0.017 0.047 0.027 0.005 0.01 0.022
118 S 0.122 0.033 0.094 0.042 0.015 0.027 0.04 0.055 0.017 0.041 0.105 0.043 0.019 0.024 0.023 0.173 0.057 0.005 0.016 0.048
119 T 0.168 0.032 0.036 0.033 0.017 0.025 0.038 0.054 0.014 0.042 0.054 0.042 0.017 0.02 0.026 0.116 0.185 0.005 0.016 0.059
120 G 0.071 0.021 0.036 0.031 0.01 0.017 0.023 0.555 0.012 0.017 0.026 0.031 0.009 0.015 0.017 0.047 0.027 0.005 0.01 0.022
121 P 0.052 0.027 0.023 0.029 0.009 0.041 0.038 0.033 0.013 0.024 0.034 0.041 0.01 0.012 0.496 0.041 0.033 0.003 0.012 0.029
122 A 0.163 0.034 0.034 0.049 0.013 0.035 0.144 0.137 0.017 0.027 0.04 0.05 0.013 0.017 0.024 0.099 0.043 0.005 0.015 0.04
123 H 0.044 0.051 0.044 0.045 0.007 0.122 0.116 0.035 0.22 0.022 0.037 0.06 0.015 0.021 0.02 0.044 0.03 0.006 0.035 0.026
124 F 0.031 0.017 0.015 0.015 0.01 0.01 0.017 0.023 0.015 0.058 0.104 0.017 0.023 0.443 0.01 0.023 0.023 0.015 0.081 0.05
125 F 0.032 0.018 0.015 0.015 0.01 0.01 0.017 0.022 0.014 0.066 0.159 0.018 0.027 0.377 0.01 0.023 0.024 0.014 0.071 0.056
126 L 0.059 0.026 0.025 0.024 0.014 0.019 0.028 0.034 0.013 0.071 0.246 0.031 0.031 0.105 0.017 0.112 0.044 0.007 0.029 0.065
127 N 0.039 0.041 0.379 0.076 0.008 0.031 0.045 0.059 0.029 0.02 0.029 0.049 0.01 0.016 0.018 0.063 0.045 0.004 0.014 0.025
128 L 0.04 0.022 0.013 0.014 0.015 0.015 0.018 0.019 0.009 0.105 0.432 0.023 0.045 0.05 0.013 0.022 0.03 0.006 0.02 0.087
129 R 0.041 0.405 0.035 0.028 0.007 0.044 0.048 0.03 0.021 0.021 0.042 0.109 0.014 0.016 0.018 0.041 0.032 0.005 0.016 0.028
130 L 0.04 0.022 0.013 0.014 0.015 0.015 0.018 0.019 0.009 0.105 0.432 0.023 0.045 0.05 0.013 0.022 0.03 0.006 0.02 0.087
131 G 0.156 0.03 0.039 0.037 0.015 0.025 0.039 0.187 0.015 0.028 0.039 0.042 0.013 0.018 0.025 0.176 0.055 0.005 0.014 0.04
132 S 0.128 0.033 0.038 0.035 0.016 0.027 0.04 0.053 0.015 0.043 0.068 0.044 0.052 0.024 0.025 0.178 0.103 0.005 0.017 0.054
133 I 0.046 0.029 0.14 0.039 0.013 0.023 0.031 0.037 0.017 0.143 0.1 0.036 0.057 0.03 0.017 0.048 0.086 0.005 0.017 0.086
134 G 0.055 0.033 0.063 0.051 0.008 0.034 0.141 0.209 0.051 0.02 0.03 0.047 0.01 0.016 0.106 0.047 0.031 0.005 0.016 0.025
135 N 0.094 0.032 0.141 0.048 0.012 0.028 0.087 0.043 0.019 0.09 0.122 0.042 0.021 0.026 0.019 0.05 0.039 0.005 0.016 0.065
136 E 0.098 0.037 0.088 0.061 0.01 0.04 0.197 0.041 0.02 0.076 0.056 0.053 0.016 0.02 0.022 0.052 0.038 0.005 0.016 0.056
137 G 0.071 0.021 0.036 0.031 0.01 0.017 0.023 0.555 0.012 0.017 0.026 0.031 0.009 0.015 0.017 0.047 0.027 0.005 0.01 0.022
138 L 0.04 0.021 0.015 0.015 0.012 0.014 0.02 0.022 0.016 0.086 0.209 0.022 0.03 0.189 0.012 0.025 0.03 0.012 0.1 0.109
139 E 0.062 0.047 0.04 0.054 0.009 0.123 0.163 0.126 0.022 0.022 0.036 0.064 0.014 0.015 0.022 0.09 0.041 0.005 0.016 0.03
140 T 0.072 0.045 0.043 0.04 0.013 0.114 0.059 0.046 0.019 0.033 0.047 0.058 0.017 0.018 0.024 0.142 0.142 0.005 0.017 0.045
141 L 0.041 0.021 0.013 0.014 0.015 0.014 0.018 0.019 0.009 0.163 0.362 0.023 0.042 0.047 0.013 0.022 0.032 0.006 0.02 0.106
142 G 0.071 0.021 0.036 0.031 0.01 0.017 0.023 0.555 0.012 0.017 0.026 0.031 0.009 0.015 0.017 0.047 0.027 0.005 0.01 0.022
143 L 0.047 0.021 0.015 0.017 0.014 0.015 0.021 0.022 0.009 0.138 0.267 0.025 0.034 0.039 0.101 0.026 0.034 0.005 0.018 0.131
144 V 0.053 0.019 0.014 0.016 0.016 0.014 0.019 0.021 0.008 0.205 0.182 0.023 0.033 0.038 0.014 0.026 0.04 0.005 0.019 0.236
145 G 0.163 0.027 0.032 0.034 0.014 0.024 0.058 0.264 0.014 0.03 0.041 0.039 0.013 0.018 0.022 0.063 0.082 0.005 0.013 0.043
146 R 0.041 0.405 0.035 0.028 0.007 0.044 0.048 0.03 0.021 0.021 0.042 0.109 0.014 0.016 0.018 0.041 0.032 0.005 0.016 0.028
147 F 0.031 0.017 0.015 0.015 0.01 0.01 0.017 0.023 0.015 0.058 0.104 0.017 0.023 0.443 0.01 0.023 0.023 0.015 0.081 0.05
148 Y 0.037 0.025 0.02 0.017 0.008 0.02 0.025 0.023 0.042 0.04 0.062 0.028 0.017 0.119 0.014 0.028 0.025 0.025 0.38 0.042
149 P 0.052 0.023 0.021 0.028 0.009 0.019 0.033 0.033 0.012 0.023 0.033 0.038 0.009 0.012 0.54 0.04 0.033 0.002 0.012 0.028
150 L 0.04 0.022 0.013 0.014 0.015 0.015 0.018 0.019 0.009 0.105 0.432 0.023 0.045 0.05 0.013 0.022 0.03 0.006 0.02 0.087
151 I 0.05 0.017 0.014 0.016 0.016 0.013 0.018 0.02 0.008 0.275 0.141 0.022 0.032 0.038 0.014 0.025 0.039 0.005 0.019 0.219
152 F 0.032 0.018 0.015 0.015 0.01 0.01 0.017 0.022 0.014 0.066 0.159 0.018 0.027 0.377 0.01 0.023 0.024 0.014 0.071 0.056
153 A 0.264 0.028 0.026 0.028 0.019 0.023 0.036 0.061 0.013 0.056 0.062 0.039 0.018 0.022 0.025 0.105 0.05 0.005 0.016 0.104
154 L 0.04 0.022 0.013 0.014 0.015 0.015 0.018 0.019 0.009 0.105 0.432 0.023 0.045 0.05 0.013 0.022 0.03 0.006 0.02 0.087
155 F 0.031 0.017 0.015 0.015 0.01 0.01 0.017 0.023 0.015 0.058 0.104 0.017 0.023 0.443 0.01 0.023 0.023 0.015 0.081 0.05
156 L 0.049 0.022 0.018 0.018 0.015 0.016 0.021 0.023 0.009 0.142 0.271 0.026 0.036 0.041 0.015 0.034 0.081 0.006 0.019 0.137
157 F 0.033 0.017 0.015 0.015 0.01 0.01 0.017 0.022 0.014 0.104 0.112 0.018 0.025 0.376 0.01 0.023 0.025 0.014 0.07 0.068
158 E 0.05 0.045 0.037 0.082 0.007 0.059 0.36 0.032 0.023 0.02 0.033 0.069 0.012 0.015 0.023 0.05 0.033 0.005 0.015 0.028
159 H 0.037 0.034 0.092 0.035 0.008 0.027 0.038 0.035 0.215 0.075 0.056 0.036 0.017 0.032 0.015 0.037 0.029 0.095 0.042 0.046
160 I 0.047 0.02 0.014 0.016 0.015 0.015 0.019 0.021 0.009 0.226 0.198 0.024 0.069 0.041 0.014 0.026 0.037 0.006 0.02 0.165
161 Y 0.037 0.029 0.083 0.029 0.009 0.022 0.03 0.03 0.092 0.047 0.121 0.031 0.021 0.129 0.014 0.034 0.029 0.014 0.154 0.045
162 A 0.148 0.035 0.085 0.051 0.013 0.035 0.143 0.047 0.019 0.041 0.106 0.048 0.018 0.023 0.022 0.057 0.039 0.005 0.016 0.049
163 R 0.065 0.166 0.037 0.033 0.097 0.035 0.045 0.042 0.017 0.027 0.043 0.113 0.014 0.017 0.022 0.125 0.047 0.005 0.015 0.036
164 K 0.06 0.054 0.043 0.114 0.009 0.038 0.107 0.128 0.018 0.022 0.034 0.146 0.012 0.015 0.023 0.089 0.04 0.005 0.014 0.028
165 A 0.152 0.039 0.118 0.05 0.012 0.032 0.093 0.14 0.019 0.027 0.038 0.071 0.012 0.017 0.022 0.062 0.039 0.005 0.014 0.038
166 N 0.039 0.101 0.322 0.068 0.008 0.033 0.045 0.054 0.027 0.021 0.031 0.059 0.011 0.016 0.018 0.06 0.043 0.004 0.015 0.025
167 R 0.045 0.237 0.035 0.032 0.008 0.103 0.059 0.032 0.021 0.03 0.074 0.135 0.018 0.018 0.019 0.043 0.034 0.005 0.017 0.034
168 R 0.067 0.278 0.059 0.03 0.01 0.036 0.041 0.034 0.019 0.075 0.061 0.084 0.017 0.02 0.018 0.043 0.035 0.005 0.016 0.053
169 L 0.048 0.111 0.025 0.025 0.012 0.031 0.039 0.028 0.014 0.072 0.184 0.144 0.027 0.029 0.018 0.035 0.035 0.005 0.018 0.1
170 R 0.042 0.342 0.032 0.027 0.008 0.041 0.044 0.029 0.02 0.033 0.065 0.097 0.051 0.02 0.017 0.039 0.033 0.006 0.017 0.037
171 L 0.043 0.019 0.014 0.015 0.014 0.013 0.018 0.02 0.01 0.182 0.232 0.022 0.035 0.109 0.013 0.024 0.034 0.007 0.03 0.147
172 L 0.102 0.026 0.022 0.022 0.015 0.02 0.028 0.035 0.017 0.07 0.242 0.031 0.03 0.051 0.018 0.077 0.039 0.009 0.079 0.068
173 L 0.04 0.022 0.013 0.014 0.015 0.015 0.018 0.019 0.009 0.105 0.432 0.023 0.045 0.05 0.013 0.022 0.03 0.006 0.02 0.087
174 W 0.03 0.021 0.014 0.014 0.008 0.014 0.02 0.026 0.013 0.04 0.112 0.021 0.019 0.054 0.008 0.021 0.022 0.45 0.055 0.038
175 C 0.064 0.022 0.024 0.022 0.186 0.017 0.023 0.119 0.01 0.06 0.148 0.027 0.022 0.027 0.017 0.077 0.039 0.005 0.015 0.077
176 W 0.032 0.021 0.014 0.014 0.01 0.014 0.02 0.025 0.012 0.053 0.176 0.021 0.024 0.053 0.009 0.021 0.024 0.361 0.048 0.048
177 M 0.047 0.029 0.018 0.018 0.015 0.026 0.026 0.026 0.015 0.091 0.179 0.033 0.237 0.044 0.015 0.033 0.037 0.007 0.022 0.084
178 L 0.155 0.026 0.022 0.024 0.017 0.02 0.029 0.043 0.012 0.109 0.194 0.033 0.028 0.033 0.02 0.085 0.044 0.005 0.018 0.083
179 L 0.039 0.021 0.013 0.014 0.014 0.014 0.018 0.02 0.01 0.097 0.378 0.022 0.041 0.115 0.012 0.022 0.029 0.008 0.03 0.081
180 F 0.034 0.021 0.018 0.016 0.009 0.015 0.021 0.023 0.029 0.049 0.083 0.023 0.02 0.281 0.012 0.026 0.024 0.02 0.23 0.046
181 A 0.355 0.028 0.023 0.027 0.02 0.023 0.037 0.071 0.013 0.039 0.054 0.04 0.016 0.02 0.027 0.077 0.045 0.005 0.016 0.063
182 L 0.046 0.019 0.013 0.015 0.015 0.013 0.018 0.02 0.008 0.229 0.24 0.022 0.037 0.042 0.013 0.024 0.036 0.006 0.019 0.165
183 A 0.307 0.027 0.025 0.028 0.018 0.022 0.035 0.152 0.013 0.036 0.049 0.039 0.015 0.019 0.025 0.072 0.042 0.005 0.015 0.056
184 T 0.065 0.028 0.031 0.028 0.017 0.022 0.031 0.034 0.011 0.082 0.079 0.035 0.022 0.025 0.022 0.066 0.225 0.005 0.017 0.155
185 M 0.047 0.029 0.018 0.018 0.015 0.026 0.026 0.026 0.015 0.091 0.179 0.033 0.237 0.044 0.015 0.033 0.037 0.007 0.022 0.084
186 G 0.076 0.023 0.038 0.033 0.011 0.019 0.027 0.472 0.013 0.019 0.028 0.034 0.01 0.015 0.019 0.087 0.035 0.005 0.011 0.025
187 K 0.052 0.097 0.038 0.038 0.008 0.049 0.064 0.039 0.019 0.025 0.039 0.344 0.014 0.014 0.025 0.049 0.036 0.005 0.016 0.03
188 L 0.037 0.021 0.015 0.015 0.012 0.014 0.019 0.021 0.017 0.078 0.261 0.022 0.033 0.192 0.012 0.023 0.027 0.013 0.1 0.067
189 A 0.174 0.032 0.037 0.035 0.017 0.026 0.04 0.057 0.014 0.038 0.05 0.044 0.016 0.02 0.026 0.151 0.145 0.005 0.016 0.055
190 L 0.148 0.022 0.017 0.019 0.016 0.016 0.024 0.038 0.011 0.121 0.153 0.028 0.027 0.101 0.017 0.042 0.038 0.007 0.028 0.126
191 L 0.04 0.022 0.013 0.014 0.015 0.015 0.018 0.019 0.009 0.105 0.432 0.023 0.045 0.05 0.013 0.022 0.03 0.006 0.02 0.087
192 T 0.062 0.03 0.035 0.031 0.016 0.023 0.033 0.036 0.012 0.097 0.075 0.038 0.02 0.025 0.023 0.074 0.269 0.005 0.017 0.081
193 P 0.052 0.023 0.021 0.028 0.009 0.019 0.033 0.033 0.012 0.023 0.033 0.038 0.009 0.012 0.54 0.04 0.033 0.002 0.012 0.028
194 I 0.098 0.02 0.015 0.018 0.016 0.015 0.021 0.028 0.009 0.218 0.177 0.025 0.032 0.037 0.016 0.033 0.038 0.005 0.019 0.161
195 L 0.048 0.021 0.014 0.015 0.016 0.015 0.019 0.02 0.009 0.12 0.328 0.023 0.04 0.044 0.014 0.025 0.035 0.006 0.02 0.17
196 G 0.069 0.024 0.031 0.029 0.014 0.019 0.028 0.208 0.012 0.099 0.07 0.033 0.019 0.024 0.019 0.087 0.087 0.005 0.015 0.107
197 W 0.034 0.021 0.014 0.014 0.009 0.014 0.021 0.027 0.013 0.048 0.06 0.021 0.016 0.051 0.008 0.022 0.025 0.45 0.055 0.079
198 A 0.251 0.024 0.02 0.023 0.018 0.02 0.03 0.054 0.012 0.139 0.087 0.034 0.022 0.026 0.022 0.059 0.042 0.005 0.017 0.095
199 V 0.06 0.022 0.023 0.021 0.015 0.016 0.023 0.114 0.01 0.095 0.091 0.027 0.023 0.096 0.016 0.041 0.083 0.007 0.027 0.19
200 I 0.059 0.02 0.02 0.021 0.101 0.015 0.022 0.028 0.009 0.205 0.112 0.026 0.026 0.032 0.016 0.071 0.044 0.005 0.017 0.151
201 K 0.048 0.136 0.033 0.032 0.009 0.042 0.054 0.034 0.018 0.038 0.105 0.251 0.019 0.02 0.022 0.043 0.034 0.005 0.016 0.039
202 G 0.108 0.022 0.034 0.098 0.012 0.019 0.034 0.299 0.013 0.075 0.052 0.032 0.014 0.02 0.019 0.048 0.032 0.005 0.012 0.052
203 L 0.053 0.023 0.017 0.017 0.016 0.016 0.022 0.024 0.009 0.113 0.295 0.025 0.037 0.041 0.015 0.047 0.039 0.006 0.019 0.166
204 R 0.054 0.18 0.041 0.035 0.009 0.042 0.053 0.039 0.085 0.023 0.039 0.166 0.014 0.018 0.022 0.085 0.039 0.005 0.022 0.029
205 G 0.106 0.046 0.092 0.041 0.011 0.07 0.048 0.219 0.019 0.024 0.036 0.096 0.013 0.015 0.021 0.056 0.036 0.005 0.014 0.032
206 R 0.046 0.234 0.036 0.048 0.007 0.05 0.155 0.032 0.022 0.021 0.039 0.135 0.013 0.015 0.021 0.045 0.033 0.005 0.016 0.029
207 L 0.045 0.02 0.013 0.015 0.015 0.014 0.018 0.02 0.008 0.19 0.287 0.023 0.038 0.044 0.013 0.024 0.035 0.006 0.02 0.153
208 P 0.06 0.04 0.039 0.104 0.011 0.028 0.049 0.041 0.015 0.028 0.038 0.092 0.012 0.015 0.196 0.092 0.087 0.004 0.014 0.035
209 F 0.045 0.019 0.014 0.015 0.014 0.013 0.019 0.022 0.01 0.143 0.172 0.021 0.03 0.173 0.013 0.025 0.034 0.009 0.04 0.17
210 R 0.046 0.251 0.037 0.033 0.007 0.046 0.056 0.035 0.02 0.023 0.041 0.226 0.014 0.015 0.021 0.045 0.034 0.005 0.016 0.029
211 K 0.05 0.133 0.066 0.04 0.008 0.084 0.062 0.039 0.021 0.026 0.041 0.211 0.015 0.015 0.023 0.052 0.06 0.005 0.016 0.032
212 L 0.041 0.021 0.014 0.014 0.014 0.014 0.018 0.02 0.01 0.12 0.328 0.022 0.039 0.113 0.013 0.023 0.031 0.008 0.03 0.108
213 L 0.04 0.019 0.013 0.015 0.014 0.013 0.017 0.02 0.01 0.174 0.284 0.022 0.038 0.112 0.013 0.022 0.031 0.008 0.03 0.106
214 L 0.048 0.033 0.019 0.021 0.013 0.02 0.028 0.026 0.011 0.14 0.151 0.078 0.026 0.065 0.103 0.031 0.035 0.006 0.022 0.124
215 L 0.045 0.021 0.013 0.015 0.015 0.014 0.018 0.02 0.009 0.151 0.333 0.023 0.04 0.045 0.013 0.024 0.034 0.006 0.02 0.141
216 V 0.065 0.021 0.02 0.02 0.016 0.016 0.023 0.113 0.009 0.119 0.098 0.026 0.024 0.029 0.016 0.037 0.064 0.005 0.017 0.261
217 P 0.051 0.02 0.018 0.022 0.012 0.016 0.025 0.026 0.01 0.149 0.087 0.03 0.021 0.025 0.277 0.033 0.036 0.004 0.015 0.124
218 V 0.152 0.022 0.018 0.02 0.016 0.016 0.025 0.038 0.011 0.129 0.1 0.028 0.024 0.098 0.018 0.043 0.04 0.007 0.028 0.168
219 V 0.071 0.027 0.029 0.027 0.017 0.021 0.03 0.034 0.011 0.095 0.085 0.034 0.023 0.027 0.02 0.092 0.14 0.005 0.017 0.196
220 F 0.044 0.02 0.016 0.016 0.013 0.014 0.02 0.023 0.013 0.094 0.121 0.022 0.061 0.239 0.012 0.027 0.033 0.011 0.05 0.151
221 L 0.102 0.022 0.019 0.02 0.015 0.016 0.022 0.118 0.01 0.126 0.203 0.027 0.029 0.034 0.016 0.037 0.036 0.006 0.017 0.126
222 L 0.042 0.021 0.013 0.015 0.015 0.014 0.018 0.02 0.009 0.143 0.332 0.022 0.04 0.079 0.013 0.023 0.032 0.007 0.025 0.117
223 L 0.046 0.028 0.017 0.018 0.015 0.024 0.024 0.025 0.014 0.094 0.221 0.031 0.205 0.045 0.014 0.031 0.036 0.007 0.022 0.085
224 L 0.041 0.02 0.015 0.016 0.013 0.014 0.019 0.022 0.012 0.149 0.184 0.022 0.065 0.176 0.012 0.025 0.032 0.009 0.04 0.113
225 A 0.2 0.023 0.019 0.021 0.017 0.018 0.028 0.046 0.012 0.11 0.089 0.031 0.022 0.096 0.02 0.051 0.04 0.007 0.028 0.122
226 L 0.043 0.023 0.015 0.016 0.015 0.018 0.02 0.021 0.011 0.139 0.301 0.026 0.107 0.046 0.014 0.026 0.033 0.007 0.021 0.098
227 H 0.045 0.054 0.044 0.039 0.007 0.16 0.071 0.036 0.22 0.022 0.039 0.062 0.016 0.021 0.019 0.045 0.031 0.006 0.035 0.026
228 L 0.041 0.019 0.014 0.015 0.013 0.013 0.018 0.021 0.011 0.135 0.224 0.021 0.033 0.176 0.012 0.024 0.031 0.009 0.04 0.128
229 L 0.099 0.022 0.016 0.018 0.016 0.017 0.022 0.029 0.01 0.177 0.181 0.027 0.066 0.038 0.016 0.035 0.038 0.006 0.019 0.148
230 R 0.041 0.405 0.035 0.028 0.007 0.044 0.048 0.03 0.021 0.021 0.042 0.109 0.014 0.016 0.018 0.041 0.032 0.005 0.016 0.028
231 A 0.227 0.032 0.036 0.036 0.018 0.027 0.042 0.066 0.015 0.033 0.046 0.045 0.015 0.019 0.027 0.184 0.06 0.005 0.016 0.05
232 G 0.103 0.024 0.03 0.095 0.013 0.019 0.034 0.21 0.012 0.051 0.166 0.031 0.022 0.027 0.018 0.044 0.032 0.005 0.014 0.051
233 A 0.166 0.028 0.036 0.101 0.015 0.024 0.044 0.096 0.014 0.05 0.054 0.039 0.016 0.02 0.023 0.115 0.049 0.005 0.015 0.092
234 G 0.066 0.036 0.035 0.032 0.01 0.023 0.033 0.298 0.015 0.027 0.043 0.084 0.013 0.087 0.019 0.084 0.036 0.007 0.024 0.031
235 E 0.115 0.037 0.037 0.051 0.014 0.037 0.146 0.046 0.017 0.034 0.046 0.052 0.015 0.019 0.025 0.106 0.136 0.005 0.016 0.048
236 A 0.283 0.031 0.026 0.03 0.022 0.026 0.041 0.079 0.015 0.044 0.06 0.045 0.018 0.022 0.03 0.086 0.05 0.005 0.018 0.069
237 G 0.079 0.023 0.039 0.034 0.011 0.019 0.026 0.505 0.014 0.019 0.029 0.034 0.009 0.016 0.019 0.052 0.03 0.005 0.011 0.025
238 S 0.063 0.045 0.095 0.044 0.012 0.113 0.058 0.046 0.021 0.038 0.104 0.056 0.02 0.022 0.021 0.128 0.05 0.005 0.017 0.042
239 L 0.051 0.023 0.027 0.103 0.014 0.018 0.034 0.027 0.011 0.141 0.163 0.029 0.028 0.033 0.017 0.037 0.064 0.005 0.017 0.159
240 D 0.105 0.03 0.099 0.178 0.012 0.026 0.053 0.05 0.017 0.046 0.048 0.041 0.014 0.019 0.021 0.093 0.046 0.004 0.014 0.084
241 L 0.041 0.021 0.014 0.015 0.014 0.015 0.019 0.02 0.014 0.171 0.277 0.023 0.037 0.058 0.013 0.023 0.031 0.009 0.08 0.104
242 G 0.106 0.088 0.029 0.027 0.013 0.023 0.032 0.126 0.015 0.045 0.116 0.045 0.02 0.094 0.019 0.083 0.039 0.007 0.026 0.048
243 K 0.047 0.132 0.042 0.106 0.008 0.084 0.07 0.038 0.02 0.023 0.038 0.211 0.014 0.014 0.022 0.047 0.035 0.005 0.015 0.029
244 F 0.04 0.018 0.015 0.015 0.013 0.012 0.018 0.022 0.012 0.127 0.169 0.02 0.029 0.242 0.012 0.024 0.03 0.01 0.05 0.122
245 L 0.039 0.021 0.013 0.014 0.014 0.014 0.018 0.02 0.01 0.097 0.378 0.022 0.041 0.115 0.012 0.022 0.029 0.008 0.03 0.081
246 G 0.133 0.03 0.04 0.037 0.014 0.025 0.038 0.227 0.015 0.026 0.037 0.042 0.013 0.018 0.024 0.174 0.054 0.005 0.014 0.037
247 V 0.055 0.019 0.014 0.016 0.016 0.014 0.019 0.021 0.008 0.189 0.179 0.023 0.033 0.037 0.014 0.027 0.04 0.005 0.019 0.25
248 Y 0.037 0.025 0.02 0.017 0.008 0.02 0.025 0.023 0.042 0.04 0.062 0.028 0.017 0.119 0.014 0.028 0.025 0.025 0.38 0.042
249 T 0.065 0.028 0.031 0.028 0.017 0.022 0.031 0.034 0.011 0.082 0.079 0.035 0.022 0.025 0.022 0.066 0.225 0.005 0.017 0.155
250 Y 0.037 0.025 0.02 0.017 0.008 0.02 0.025 0.023 0.042 0.04 0.062 0.028 0.017 0.119 0.014 0.028 0.025 0.025 0.38 0.042
251 S 0.1 0.036 0.049 0.044 0.016 0.03 0.048 0.06 0.017 0.027 0.038 0.049 0.014 0.019 0.027 0.291 0.075 0.005 0.016 0.038
252 P 0.052 0.023 0.021 0.028 0.009 0.019 0.033 0.033 0.012 0.023 0.033 0.038 0.009 0.012 0.54 0.04 0.033 0.002 0.012 0.028
253 L 0.04 0.019 0.013 0.015 0.014 0.013 0.017 0.02 0.01 0.174 0.284 0.022 0.038 0.112 0.013 0.022 0.031 0.008 0.03 0.106
254 V 0.064 0.02 0.015 0.016 0.017 0.015 0.021 0.022 0.007 0.15 0.118 0.024 0.029 0.032 0.015 0.03 0.045 0.005 0.019 0.335
255 A 0.26 0.026 0.027 0.028 0.016 0.021 0.032 0.232 0.013 0.032 0.045 0.037 0.013 0.018 0.024 0.067 0.039 0.005 0.014 0.049
256 L 0.04 0.022 0.013 0.014 0.015 0.015 0.018 0.019 0.009 0.105 0.432 0.023 0.045 0.05 0.013 0.022 0.03 0.006 0.02 0.087
257 G 0.071 0.021 0.036 0.031 0.01 0.017 0.023 0.555 0.012 0.017 0.026 0.031 0.009 0.015 0.017 0.047 0.027 0.005 0.01 0.022
258 Y 0.037 0.025 0.02 0.017 0.008 0.02 0.025 0.023 0.042 0.04 0.062 0.028 0.017 0.119 0.014 0.028 0.025 0.025 0.38 0.042
259 L 0.047 0.023 0.015 0.016 0.015 0.018 0.021 0.022 0.011 0.147 0.249 0.026 0.104 0.043 0.014 0.027 0.036 0.006 0.02 0.14
260 N 0.091 0.036 0.267 0.13 0.01 0.029 0.05 0.058 0.024 0.024 0.032 0.046 0.011 0.016 0.02 0.063 0.043 0.004 0.014 0.03
261 F 0.057 0.024 0.026 0.026 0.013 0.018 0.029 0.034 0.013 0.061 0.076 0.031 0.019 0.162 0.104 0.082 0.086 0.008 0.037 0.094
262 P 0.053 0.03 0.099 0.18 0.009 0.025 0.054 0.045 0.017 0.023 0.031 0.042 0.01 0.014 0.194 0.088 0.042 0.003 0.012 0.027
263 L 0.049 0.032 0.088 0.034 0.012 0.024 0.035 0.035 0.114 0.061 0.118 0.036 0.021 0.028 0.061 0.046 0.081 0.005 0.026 0.093
264 D 0.069 0.034 0.054 0.179 0.011 0.03 0.06 0.05 0.083 0.024 0.033 0.045 0.012 0.019 0.023 0.168 0.052 0.005 0.02 0.03
265 L 0.103 0.025 0.022 0.024 0.014 0.019 0.029 0.038 0.013 0.06 0.182 0.032 0.025 0.099 0.105 0.079 0.039 0.007 0.027 0.059
266 P 0.052 0.022 0.021 0.024 0.011 0.017 0.026 0.115 0.011 0.088 0.118 0.031 0.019 0.023 0.277 0.035 0.032 0.004 0.014 0.059
267 F 0.036 0.018 0.015 0.015 0.011 0.011 0.018 0.023 0.014 0.073 0.106 0.018 0.024 0.374 0.011 0.024 0.027 0.014 0.07 0.098
268 G 0.071 0.021 0.036 0.031 0.01 0.017 0.023 0.555 0.012 0.017 0.026 0.031 0.009 0.015 0.017 0.047 0.027 0.005 0.01 0.022
269 A 0.256 0.032 0.028 0.037 0.017 0.029 0.091 0.059 0.015 0.038 0.051 0.045 0.016 0.019 0.026 0.074 0.088 0.005 0.016 0.057
270 H 0.038 0.039 0.154 0.045 0.008 0.031 0.043 0.041 0.223 0.024 0.037 0.042 0.013 0.039 0.017 0.045 0.031 0.009 0.094 0.026
271 V 0.07 0.025 0.025 0.024 0.017 0.019 0.028 0.032 0.01 0.112 0.095 0.031 0.025 0.028 0.019 0.082 0.095 0.005 0.018 0.241
272 F 0.032 0.018 0.015 0.015 0.01 0.01 0.017 0.022 0.014 0.066 0.159 0.018 0.027 0.377 0.01 0.023 0.024 0.014 0.071 0.056
273 R 0.041 0.405 0.035 0.028 0.007 0.044 0.048 0.03 0.021 0.021 0.042 0.109 0.014 0.016 0.018 0.041 0.032 0.005 0.016 0.028
274 F 0.033 0.018 0.015 0.015 0.011 0.011 0.018 0.022 0.014 0.069 0.186 0.019 0.029 0.344 0.01 0.023 0.025 0.013 0.066 0.059
275 L 0.144 0.024 0.018 0.019 0.015 0.018 0.026 0.037 0.017 0.068 0.217 0.029 0.029 0.084 0.018 0.042 0.034 0.01 0.084 0.069
276 Y 0.037 0.025 0.02 0.017 0.008 0.02 0.025 0.023 0.042 0.04 0.062 0.028 0.017 0.119 0.014 0.028 0.025 0.025 0.38 0.042
277 A 0.306 0.027 0.022 0.025 0.019 0.022 0.034 0.063 0.012 0.058 0.065 0.038 0.018 0.022 0.025 0.069 0.045 0.005 0.016 0.108
278 V 0.054 0.021 0.015 0.016 0.016 0.016 0.021 0.022 0.009 0.164 0.187 0.025 0.067 0.039 0.014 0.028 0.04 0.006 0.02 0.223
279 G 0.112 0.023 0.028 0.026 0.013 0.018 0.027 0.256 0.012 0.045 0.051 0.031 0.014 0.026 0.018 0.065 0.036 0.094 0.022 0.083
280 Y 0.039 0.032 0.035 0.103 0.008 0.03 0.095 0.029 0.097 0.03 0.047 0.039 0.014 0.069 0.017 0.037 0.028 0.015 0.203 0.033
281 A 0.249 0.09 0.025 0.026 0.016 0.026 0.037 0.056 0.02 0.036 0.053 0.05 0.016 0.036 0.023 0.063 0.04 0.008 0.077 0.053
282 L 0.097 0.023 0.015 0.016 0.016 0.016 0.022 0.029 0.01 0.101 0.317 0.026 0.037 0.042 0.016 0.033 0.035 0.006 0.019 0.125
283 G 0.06 0.019 0.028 0.026 0.011 0.015 0.021 0.377 0.012 0.077 0.06 0.027 0.015 0.09 0.015 0.039 0.028 0.007 0.023 0.05
284 G 0.054 0.02 0.021 0.02 0.013 0.015 0.02 0.199 0.01 0.118 0.17 0.025 0.026 0.066 0.014 0.032 0.032 0.006 0.021 0.116
285 G 0.069 0.031 0.096 0.042 0.013 0.024 0.035 0.218 0.016 0.03 0.039 0.04 0.013 0.018 0.022 0.103 0.134 0.005 0.014 0.039
286 Q 0.056 0.074 0.044 0.047 0.009 0.215 0.103 0.041 0.029 0.026 0.047 0.091 0.021 0.015 0.024 0.056 0.041 0.006 0.021 0.035
287 V 0.057 0.088 0.056 0.029 0.013 0.024 0.032 0.076 0.013 0.069 0.066 0.046 0.018 0.022 0.105 0.047 0.084 0.005 0.016 0.136
288 A 0.16 0.031 0.033 0.032 0.014 0.025 0.04 0.051 0.08 0.031 0.043 0.041 0.014 0.019 0.153 0.098 0.066 0.005 0.021 0.043
289 P 0.052 0.023 0.021 0.028 0.009 0.019 0.033 0.033 0.012 0.023 0.033 0.038 0.009 0.012 0.54 0.04 0.033 0.002 0.012 0.028
290 V 0.109 0.023 0.02 0.021 0.017 0.018 0.025 0.033 0.009 0.146 0.104 0.029 0.026 0.03 0.018 0.046 0.089 0.005 0.018 0.216
291 N 0.045 0.043 0.206 0.063 0.008 0.076 0.104 0.047 0.025 0.022 0.033 0.056 0.012 0.015 0.107 0.055 0.04 0.004 0.015 0.027
292 L 0.052 0.02 0.014 0.015 0.016 0.014 0.019 0.021 0.008 0.166 0.229 0.023 0.035 0.04 0.014 0.026 0.039 0.006 0.019 0.224
293 V 0.053 0.018 0.014 0.016 0.016 0.014 0.019 0.021 0.008 0.243 0.136 0.023 0.031 0.036 0.014 0.026 0.041 0.005 0.019 0.248
294 L 0.057 0.04 0.033 0.032 0.012 0.109 0.051 0.036 0.018 0.048 0.12 0.049 0.023 0.093 0.02 0.087 0.086 0.007 0.028 0.051
295 P 0.075 0.028 0.035 0.035 0.012 0.023 0.037 0.131 0.014 0.024 0.034 0.041 0.011 0.015 0.239 0.146 0.049 0.004 0.013 0.031
296 F 0.034 0.019 0.017 0.017 0.011 0.011 0.019 0.025 0.017 0.063 0.114 0.019 0.025 0.387 0.011 0.025 0.025 0.017 0.089 0.055
297 Y 0.036 0.024 0.019 0.017 0.009 0.018 0.024 0.023 0.038 0.043 0.069 0.027 0.018 0.173 0.013 0.027 0.025 0.024 0.33 0.044
298 V 0.06 0.019 0.015 0.016 0.017 0.015 0.02 0.022 0.008 0.181 0.124 0.023 0.03 0.034 0.015 0.029 0.043 0.005 0.019 0.306
299 E 0.152 0.04 0.032 0.064 0.011 0.047 0.253 0.045 0.02 0.026 0.04 0.059 0.013 0.017 0.025 0.059 0.037 0.005 0.015 0.04
300 V 0.057 0.019 0.014 0.016 0.017 0.014 0.019 0.021 0.008 0.212 0.13 0.023 0.03 0.035 0.014 0.028 0.042 0.005 0.019 0.277
301 P 0.052 0.023 0.021 0.028 0.009 0.019 0.033 0.033 0.012 0.023 0.033 0.038 0.009 0.012 0.54 0.04 0.033 0.002 0.012 0.028
302 L 0.043 0.037 0.109 0.034 0.011 0.023 0.032 0.033 0.016 0.105 0.138 0.082 0.024 0.098 0.016 0.038 0.036 0.007 0.028 0.089
303 L 0.044 0.023 0.016 0.019 0.013 0.016 0.023 0.024 0.01 0.078 0.299 0.028 0.033 0.037 0.188 0.028 0.031 0.005 0.017 0.068
304 T 0.066 0.032 0.039 0.034 0.016 0.025 0.036 0.039 0.013 0.048 0.059 0.041 0.018 0.022 0.025 0.084 0.315 0.005 0.016 0.065
305 N 0.039 0.041 0.379 0.076 0.008 0.031 0.045 0.059 0.029 0.02 0.029 0.049 0.01 0.016 0.018 0.063 0.045 0.004 0.014 0.025
306 V 0.064 0.022 0.019 0.019 0.017 0.017 0.024 0.025 0.008 0.133 0.109 0.027 0.027 0.031 0.017 0.039 0.09 0.005 0.018 0.29
307 Y 0.036 0.024 0.019 0.017 0.009 0.018 0.024 0.023 0.038 0.043 0.069 0.027 0.018 0.173 0.013 0.027 0.025 0.024 0.33 0.044
308 T 0.066 0.032 0.039 0.034 0.016 0.025 0.036 0.039 0.013 0.048 0.059 0.041 0.018 0.022 0.025 0.084 0.315 0.005 0.016 0.065
309 V 0.065 0.02 0.018 0.019 0.016 0.015 0.022 0.111 0.008 0.128 0.103 0.025 0.025 0.03 0.015 0.033 0.042 0.005 0.017 0.283
310 L 0.042 0.019 0.013 0.015 0.015 0.013 0.017 0.019 0.009 0.221 0.292 0.022 0.039 0.045 0.013 0.022 0.033 0.006 0.02 0.124
311 Y 0.04 0.038 0.026 0.025 0.008 0.107 0.047 0.028 0.033 0.037 0.063 0.045 0.019 0.138 0.016 0.035 0.029 0.017 0.21 0.04
312 P 0.052 0.023 0.021 0.028 0.009 0.019 0.033 0.033 0.012 0.023 0.033 0.038 0.009 0.012 0.54 0.04 0.033 0.002 0.012 0.028
313 F 0.032 0.019 0.016 0.016 0.009 0.011 0.019 0.023 0.02 0.055 0.097 0.019 0.022 0.389 0.01 0.024 0.023 0.017 0.131 0.049
314 Y 0.147 0.025 0.02 0.02 0.014 0.02 0.029 0.039 0.027 0.058 0.069 0.032 0.019 0.071 0.019 0.045 0.035 0.015 0.198 0.098
315 L 0.102 0.028 0.028 0.025 0.014 0.022 0.032 0.038 0.08 0.077 0.138 0.033 0.041 0.1 0.018 0.08 0.039 0.007 0.034 0.064
316 D 0.037 0.027 0.063 0.452 0.007 0.027 0.083 0.042 0.017 0.02 0.025 0.041 0.008 0.014 0.02 0.047 0.032 0.003 0.01 0.022
317 F 0.031 0.017 0.015 0.015 0.01 0.01 0.017 0.023 0.015 0.058 0.104 0.017 0.023 0.443 0.01 0.023 0.023 0.015 0.081 0.05
318 G 0.073 0.036 0.038 0.034 0.01 0.025 0.034 0.386 0.014 0.02 0.03 0.086 0.01 0.015 0.02 0.088 0.036 0.005 0.012 0.026
319 L 0.103 0.028 0.027 0.025 0.014 0.022 0.031 0.037 0.078 0.106 0.191 0.033 0.028 0.034 0.018 0.079 0.04 0.006 0.024 0.076
320 L 0.058 0.023 0.022 0.021 0.015 0.017 0.023 0.113 0.01 0.096 0.198 0.028 0.029 0.033 0.016 0.039 0.082 0.006 0.017 0.155
