#Seq2Logo.py -f /work3/idamei/ssn-clusterings/2206011120/clusters/0006_95/sequences.afa -m 0.0001 -b 50 -o /work3/idamei/ssn-clusterings/2206011120/clusters/0006_95/sequences.logo
#Position Specific Frequency Matrix
A R N D C Q E G H I L K M F P S T W Y V
0 M 0.047 0.029 0.018 0.018 0.015 0.026 0.026 0.026 0.015 0.091 0.179 0.033 0.237 0.044 0.015 0.033 0.037 0.007 0.022 0.084
1 K 0.055 0.103 0.04 0.04 0.008 0.051 0.068 0.042 0.02 0.027 0.042 0.306 0.015 0.015 0.027 0.051 0.038 0.005 0.017 0.032
2 N 0.049 0.075 0.185 0.061 0.009 0.043 0.059 0.053 0.026 0.025 0.037 0.173 0.013 0.016 0.023 0.06 0.044 0.005 0.016 0.029
3 V 0.051 0.022 0.017 0.017 0.014 0.017 0.022 0.022 0.02 0.166 0.118 0.026 0.028 0.068 0.015 0.029 0.038 0.013 0.128 0.171
4 L 0.048 0.021 0.015 0.016 0.015 0.014 0.02 0.023 0.011 0.11 0.212 0.023 0.034 0.166 0.013 0.026 0.035 0.009 0.042 0.147
5 A 0.219 0.026 0.021 0.023 0.016 0.02 0.031 0.053 0.02 0.044 0.067 0.034 0.018 0.123 0.021 0.058 0.038 0.011 0.1 0.057
6 I 0.071 0.025 0.029 0.028 0.016 0.02 0.03 0.037 0.012 0.171 0.102 0.034 0.025 0.031 0.02 0.126 0.054 0.005 0.018 0.146
7 L 0.041 0.019 0.015 0.015 0.114 0.012 0.018 0.023 0.012 0.075 0.223 0.02 0.031 0.197 0.012 0.026 0.029 0.01 0.043 0.067
8 L 0.047 0.02 0.014 0.015 0.016 0.014 0.018 0.02 0.009 0.203 0.255 0.023 0.038 0.043 0.014 0.024 0.036 0.006 0.02 0.166
9 F 0.031 0.018 0.016 0.016 0.01 0.01 0.018 0.024 0.016 0.059 0.106 0.018 0.024 0.432 0.01 0.024 0.024 0.016 0.082 0.051
10 F 0.031 0.018 0.016 0.016 0.01 0.01 0.018 0.024 0.016 0.059 0.106 0.018 0.024 0.432 0.01 0.024 0.024 0.016 0.082 0.051
11 I 0.047 0.018 0.014 0.016 0.016 0.013 0.018 0.02 0.008 0.247 0.202 0.023 0.035 0.041 0.014 0.024 0.037 0.006 0.019 0.181
12 S 0.079 0.028 0.034 0.031 0.118 0.023 0.034 0.043 0.013 0.06 0.064 0.037 0.018 0.023 0.022 0.142 0.107 0.005 0.016 0.104
13 F 0.031 0.018 0.016 0.016 0.01 0.01 0.018 0.024 0.016 0.059 0.106 0.018 0.024 0.432 0.01 0.024 0.024 0.016 0.082 0.051
14 F 0.034 0.021 0.017 0.016 0.009 0.014 0.021 0.023 0.027 0.051 0.089 0.022 0.021 0.308 0.012 0.026 0.024 0.02 0.197 0.048
15 R 0.044 0.335 0.036 0.031 0.007 0.046 0.052 0.032 0.021 0.022 0.042 0.155 0.014 0.016 0.019 0.043 0.033 0.005 0.016 0.029
16 I 0.044 0.016 0.014 0.016 0.015 0.012 0.016 0.019 0.008 0.325 0.155 0.022 0.034 0.041 0.014 0.023 0.037 0.005 0.019 0.164
17 S 0.095 0.036 0.048 0.043 0.016 0.03 0.046 0.057 0.017 0.032 0.043 0.048 0.015 0.02 0.027 0.239 0.121 0.005 0.016 0.044
18 I 0.041 0.017 0.014 0.016 0.014 0.012 0.017 0.02 0.01 0.272 0.146 0.021 0.032 0.119 0.013 0.023 0.034 0.008 0.032 0.141
19 I 0.042 0.018 0.014 0.016 0.013 0.013 0.019 0.023 0.011 0.178 0.117 0.021 0.027 0.121 0.012 0.024 0.033 0.112 0.041 0.146
20 S 0.076 0.036 0.044 0.038 0.013 0.03 0.044 0.049 0.1 0.029 0.043 0.044 0.015 0.041 0.023 0.18 0.056 0.009 0.094 0.036
21 N 0.067 0.036 0.171 0.055 0.012 0.029 0.044 0.055 0.021 0.024 0.034 0.048 0.012 0.017 0.125 0.145 0.055 0.004 0.015 0.031
22 S 0.092 0.05 0.048 0.044 0.015 0.034 0.052 0.057 0.018 0.027 0.039 0.106 0.014 0.018 0.027 0.232 0.068 0.005 0.016 0.037
23 L 0.039 0.022 0.014 0.014 0.014 0.014 0.018 0.02 0.011 0.097 0.359 0.022 0.041 0.127 0.012 0.023 0.029 0.008 0.033 0.081
24 Y 0.05 0.028 0.026 0.023 0.01 0.022 0.03 0.031 0.038 0.038 0.059 0.033 0.017 0.101 0.017 0.079 0.036 0.022 0.298 0.042
25 L 0.106 0.023 0.016 0.017 0.017 0.017 0.023 0.031 0.01 0.103 0.288 0.027 0.037 0.041 0.016 0.035 0.037 0.006 0.019 0.131
26 S 0.15 0.035 0.045 0.042 0.017 0.029 0.046 0.064 0.017 0.03 0.042 0.048 0.015 0.019 0.028 0.238 0.07 0.005 0.016 0.044
27 I 0.041 0.018 0.014 0.016 0.014 0.012 0.017 0.02 0.01 0.228 0.199 0.021 0.034 0.121 0.013 0.023 0.033 0.008 0.032 0.126
28 F 0.038 0.019 0.016 0.018 0.011 0.012 0.021 0.025 0.013 0.105 0.101 0.023 0.023 0.27 0.115 0.027 0.028 0.011 0.056 0.069
29 V 0.054 0.019 0.015 0.016 0.016 0.014 0.02 0.022 0.009 0.168 0.125 0.022 0.029 0.114 0.014 0.028 0.04 0.007 0.032 0.237
30 S 0.144 0.032 0.042 0.039 0.016 0.027 0.041 0.161 0.016 0.028 0.04 0.045 0.014 0.019 0.026 0.192 0.06 0.005 0.015 0.041
31 V 0.049 0.019 0.015 0.016 0.015 0.014 0.019 0.022 0.01 0.159 0.185 0.022 0.032 0.118 0.013 0.026 0.037 0.008 0.032 0.19
32 L 0.068 0.027 0.029 0.027 0.015 0.02 0.031 0.038 0.014 0.075 0.145 0.033 0.026 0.111 0.019 0.126 0.05 0.007 0.031 0.108
33 G 0.181 0.024 0.031 0.03 0.014 0.02 0.029 0.357 0.013 0.026 0.038 0.035 0.012 0.017 0.022 0.06 0.035 0.005 0.012 0.039
34 I 0.047 0.018 0.014 0.016 0.016 0.013 0.018 0.02 0.008 0.247 0.202 0.023 0.035 0.041 0.014 0.024 0.037 0.006 0.019 0.181
35 L 0.16 0.024 0.018 0.02 0.016 0.017 0.026 0.042 0.012 0.07 0.212 0.029 0.03 0.115 0.018 0.045 0.036 0.008 0.031 0.071
36 L 0.111 0.026 0.025 0.024 0.014 0.02 0.03 0.04 0.02 0.055 0.137 0.032 0.024 0.129 0.018 0.086 0.041 0.012 0.101 0.057
37 L 0.046 0.021 0.014 0.015 0.016 0.015 0.019 0.02 0.009 0.16 0.308 0.023 0.04 0.045 0.014 0.024 0.035 0.006 0.02 0.151
38 L 0.046 0.021 0.014 0.015 0.016 0.015 0.019 0.02 0.009 0.16 0.308 0.023 0.04 0.045 0.014 0.024 0.035 0.006 0.02 0.151
39 K 0.051 0.126 0.028 0.028 0.011 0.034 0.044 0.03 0.015 0.11 0.08 0.164 0.021 0.024 0.02 0.039 0.038 0.005 0.017 0.115
40 D 0.054 0.046 0.108 0.124 0.01 0.032 0.054 0.046 0.025 0.027 0.039 0.1 0.013 0.037 0.021 0.094 0.043 0.009 0.085 0.032
41 K 0.072 0.074 0.043 0.041 0.011 0.042 0.059 0.049 0.019 0.026 0.04 0.219 0.014 0.016 0.026 0.141 0.052 0.005 0.016 0.034
42 N 0.066 0.04 0.121 0.061 0.012 0.038 0.117 0.05 0.021 0.03 0.041 0.054 0.014 0.019 0.024 0.117 0.112 0.005 0.016 0.04
43 I 0.043 0.114 0.105 0.035 0.012 0.026 0.032 0.033 0.017 0.167 0.098 0.052 0.024 0.029 0.016 0.039 0.039 0.005 0.018 0.097
44 R 0.043 0.201 0.025 0.022 0.011 0.03 0.034 0.025 0.015 0.116 0.164 0.068 0.028 0.032 0.016 0.033 0.034 0.006 0.018 0.079
45 N 0.057 0.064 0.172 0.055 0.01 0.038 0.054 0.052 0.023 0.024 0.035 0.163 0.013 0.016 0.023 0.101 0.048 0.005 0.015 0.03
46 F 0.096 0.094 0.025 0.024 0.012 0.066 0.04 0.034 0.021 0.055 0.071 0.05 0.02 0.107 0.017 0.042 0.035 0.01 0.088 0.092
47 F 0.033 0.019 0.016 0.015 0.01 0.012 0.019 0.022 0.019 0.063 0.152 0.02 0.026 0.323 0.011 0.024 0.025 0.016 0.121 0.055
48 L 0.042 0.032 0.018 0.019 0.013 0.019 0.025 0.023 0.011 0.161 0.219 0.075 0.032 0.106 0.015 0.027 0.032 0.007 0.029 0.096
49 N 0.049 0.096 0.147 0.052 0.096 0.033 0.091 0.042 0.02 0.029 0.042 0.056 0.013 0.017 0.02 0.056 0.084 0.005 0.014 0.037
50 A 0.219 0.042 0.034 0.035 0.016 0.03 0.045 0.062 0.016 0.033 0.046 0.094 0.015 0.019 0.027 0.144 0.054 0.005 0.016 0.049
51 I 0.047 0.031 0.018 0.019 0.014 0.019 0.025 0.023 0.01 0.215 0.175 0.076 0.031 0.036 0.016 0.028 0.037 0.005 0.018 0.156
52 G 0.066 0.022 0.04 0.101 0.009 0.019 0.033 0.469 0.013 0.018 0.026 0.032 0.009 0.015 0.018 0.047 0.028 0.005 0.01 0.022
53 L 0.04 0.025 0.075 0.025 0.013 0.018 0.024 0.026 0.018 0.119 0.257 0.028 0.033 0.054 0.014 0.03 0.033 0.009 0.079 0.082
54 K 0.055 0.063 0.033 0.031 0.01 0.035 0.047 0.037 0.021 0.041 0.108 0.189 0.02 0.038 0.022 0.081 0.04 0.008 0.077 0.043
55 L 0.053 0.022 0.02 0.02 0.015 0.016 0.023 0.027 0.011 0.13 0.213 0.026 0.032 0.106 0.015 0.068 0.04 0.007 0.029 0.126
56 L 0.046 0.02 0.017 0.017 0.014 0.014 0.018 0.108 0.009 0.168 0.271 0.024 0.035 0.041 0.014 0.026 0.032 0.006 0.018 0.101
57 F 0.037 0.018 0.015 0.015 0.097 0.011 0.017 0.024 0.013 0.063 0.151 0.018 0.025 0.306 0.011 0.025 0.026 0.012 0.059 0.057
58 L 0.055 0.022 0.019 0.02 0.015 0.016 0.023 0.026 0.01 0.177 0.221 0.027 0.033 0.039 0.016 0.068 0.042 0.006 0.019 0.145
59 L 0.047 0.023 0.021 0.02 0.012 0.016 0.024 0.028 0.018 0.065 0.195 0.026 0.028 0.187 0.014 0.068 0.034 0.012 0.1 0.059
60 L 0.101 0.023 0.019 0.02 0.016 0.017 0.024 0.032 0.01 0.131 0.208 0.029 0.031 0.036 0.018 0.043 0.084 0.006 0.018 0.133
61 F 0.14 0.022 0.019 0.02 0.013 0.016 0.025 0.039 0.019 0.049 0.08 0.027 0.02 0.248 0.016 0.042 0.031 0.014 0.109 0.053
62 L 0.042 0.022 0.015 0.016 0.014 0.017 0.02 0.022 0.012 0.17 0.2 0.025 0.101 0.11 0.013 0.026 0.033 0.008 0.03 0.104
63 F 0.039 0.019 0.014 0.015 0.013 0.012 0.018 0.022 0.012 0.089 0.216 0.02 0.031 0.243 0.012 0.024 0.029 0.011 0.05 0.11
64 L 0.095 0.021 0.015 0.017 0.015 0.015 0.021 0.029 0.01 0.132 0.216 0.025 0.032 0.106 0.015 0.033 0.035 0.007 0.029 0.131
65 F 0.032 0.021 0.016 0.015 0.008 0.014 0.021 0.024 0.024 0.042 0.071 0.022 0.018 0.206 0.01 0.024 0.023 0.193 0.174 0.04
66 S 0.131 0.032 0.038 0.035 0.017 0.026 0.039 0.052 0.014 0.053 0.058 0.042 0.018 0.022 0.025 0.177 0.105 0.005 0.016 0.096
67 L 0.042 0.021 0.018 0.018 0.013 0.014 0.021 0.024 0.012 0.118 0.214 0.024 0.031 0.174 0.014 0.033 0.076 0.009 0.039 0.083
68 C 0.159 0.021 0.018 0.019 0.189 0.016 0.024 0.041 0.009 0.077 0.077 0.028 0.02 0.024 0.019 0.048 0.041 0.005 0.015 0.15
69 L 0.049 0.019 0.014 0.015 0.016 0.014 0.019 0.02 0.008 0.197 0.234 0.023 0.036 0.041 0.014 0.025 0.037 0.006 0.019 0.194
70 D 0.037 0.027 0.063 0.452 0.007 0.027 0.083 0.042 0.017 0.02 0.025 0.041 0.008 0.014 0.02 0.047 0.032 0.003 0.01 0.022
71 I 0.043 0.019 0.014 0.016 0.015 0.015 0.018 0.02 0.009 0.258 0.204 0.024 0.069 0.042 0.013 0.024 0.035 0.006 0.02 0.136
72 V 0.054 0.023 0.02 0.019 0.015 0.016 0.023 0.026 0.011 0.104 0.166 0.026 0.029 0.114 0.016 0.039 0.09 0.008 0.032 0.17
73 T 0.078 0.034 0.043 0.038 0.016 0.027 0.04 0.046 0.014 0.041 0.052 0.044 0.017 0.021 0.026 0.153 0.235 0.005 0.016 0.056
74 G 0.071 0.021 0.036 0.031 0.01 0.017 0.023 0.555 0.012 0.017 0.026 0.031 0.009 0.015 0.017 0.047 0.027 0.005 0.01 0.022
75 A 0.159 0.028 0.035 0.1 0.015 0.024 0.043 0.051 0.014 0.085 0.064 0.039 0.018 0.022 0.023 0.1 0.091 0.005 0.015 0.068
76 L 0.051 0.022 0.019 0.02 0.015 0.016 0.022 0.026 0.01 0.169 0.273 0.027 0.036 0.041 0.015 0.067 0.04 0.006 0.019 0.104
77 F 0.099 0.021 0.02 0.02 0.013 0.015 0.022 0.119 0.012 0.071 0.14 0.025 0.024 0.167 0.015 0.037 0.032 0.009 0.038 0.101
78 N 0.097 0.028 0.137 0.037 0.014 0.021 0.03 0.042 0.016 0.112 0.136 0.034 0.024 0.029 0.017 0.046 0.041 0.005 0.017 0.116
79 G 0.066 0.043 0.102 0.114 0.011 0.031 0.052 0.136 0.019 0.023 0.033 0.094 0.012 0.016 0.022 0.131 0.048 0.004 0.014 0.029
80 F 0.038 0.019 0.016 0.017 0.011 0.012 0.02 0.023 0.012 0.106 0.155 0.022 0.026 0.238 0.099 0.026 0.028 0.01 0.049 0.071
81 S 0.063 0.031 0.091 0.038 0.013 0.023 0.035 0.044 0.017 0.048 0.117 0.038 0.021 0.095 0.02 0.129 0.094 0.007 0.027 0.05
82 N 0.099 0.04 0.206 0.055 0.01 0.07 0.048 0.14 0.023 0.024 0.035 0.05 0.012 0.016 0.02 0.061 0.041 0.005 0.015 0.032
83 A 0.169 0.031 0.033 0.032 0.017 0.024 0.037 0.054 0.014 0.048 0.113 0.041 0.021 0.025 0.024 0.14 0.098 0.005 0.017 0.059
84 F 0.031 0.017 0.015 0.015 0.01 0.01 0.017 0.023 0.015 0.058 0.104 0.017 0.023 0.443 0.01 0.023 0.023 0.015 0.081 0.05
85 S 0.077 0.032 0.04 0.036 0.015 0.025 0.039 0.047 0.015 0.039 0.056 0.041 0.017 0.09 0.023 0.177 0.146 0.007 0.027 0.049
86 V 0.06 0.019 0.015 0.016 0.017 0.015 0.02 0.022 0.008 0.181 0.124 0.023 0.03 0.034 0.015 0.029 0.043 0.005 0.019 0.306
87 R 0.041 0.405 0.035 0.028 0.007 0.044 0.048 0.03 0.021 0.021 0.042 0.109 0.014 0.016 0.018 0.041 0.032 0.005 0.016 0.028
88 I 0.15 0.024 0.021 0.022 0.017 0.018 0.027 0.04 0.011 0.151 0.151 0.031 0.027 0.032 0.02 0.051 0.085 0.005 0.018 0.1
89 I 0.047 0.019 0.014 0.016 0.015 0.013 0.018 0.021 0.009 0.189 0.18 0.022 0.032 0.106 0.013 0.025 0.036 0.007 0.029 0.188
90 S 0.137 0.034 0.043 0.04 0.017 0.028 0.044 0.059 0.016 0.033 0.044 0.046 0.015 0.02 0.027 0.221 0.11 0.005 0.016 0.047
91 L 0.042 0.019 0.013 0.015 0.015 0.013 0.017 0.019 0.009 0.221 0.292 0.022 0.039 0.045 0.013 0.022 0.033 0.006 0.02 0.124
92 F 0.038 0.019 0.015 0.015 0.012 0.011 0.018 0.022 0.013 0.081 0.161 0.019 0.028 0.309 0.011 0.024 0.028 0.012 0.06 0.104
93 L 0.047 0.02 0.014 0.015 0.015 0.014 0.019 0.021 0.009 0.151 0.226 0.022 0.034 0.108 0.013 0.025 0.035 0.007 0.03 0.176
94 L 0.044 0.022 0.015 0.016 0.015 0.017 0.02 0.021 0.011 0.178 0.255 0.026 0.105 0.045 0.014 0.026 0.034 0.006 0.02 0.111
95 S 0.1 0.036 0.049 0.044 0.016 0.03 0.048 0.06 0.017 0.027 0.038 0.049 0.014 0.019 0.027 0.291 0.075 0.005 0.016 0.038
96 V 0.105 0.02 0.016 0.018 0.017 0.015 0.022 0.029 0.009 0.194 0.119 0.026 0.028 0.033 0.016 0.035 0.042 0.005 0.018 0.232
97 V 0.099 0.021 0.016 0.017 0.016 0.015 0.022 0.03 0.01 0.14 0.163 0.025 0.029 0.103 0.015 0.034 0.037 0.007 0.029 0.172
98 P 0.052 0.023 0.021 0.028 0.009 0.019 0.033 0.033 0.012 0.023 0.033 0.038 0.009 0.012 0.54 0.04 0.033 0.002 0.012 0.028
99 A 0.312 0.03 0.028 0.03 0.019 0.024 0.039 0.069 0.014 0.037 0.051 0.042 0.016 0.02 0.027 0.113 0.05 0.005 0.016 0.058
100 F 0.14 0.022 0.019 0.02 0.013 0.016 0.025 0.039 0.019 0.049 0.08 0.027 0.02 0.248 0.016 0.042 0.031 0.014 0.109 0.053
101 F 0.034 0.021 0.016 0.016 0.01 0.014 0.02 0.022 0.023 0.06 0.145 0.022 0.025 0.269 0.012 0.025 0.025 0.017 0.17 0.054
102 I 0.048 0.018 0.014 0.016 0.015 0.013 0.018 0.021 0.009 0.228 0.133 0.022 0.03 0.105 0.013 0.025 0.037 0.007 0.029 0.2
103 V 0.053 0.035 0.141 0.04 0.013 0.065 0.041 0.037 0.018 0.086 0.076 0.042 0.021 0.024 0.017 0.045 0.044 0.005 0.017 0.181
104 C 0.064 0.021 0.024 0.023 0.186 0.016 0.023 0.12 0.011 0.055 0.067 0.026 0.017 0.091 0.016 0.077 0.039 0.006 0.025 0.092
105 F 0.036 0.022 0.016 0.015 0.011 0.015 0.02 0.022 0.022 0.067 0.199 0.023 0.028 0.204 0.012 0.025 0.026 0.016 0.16 0.06
106 Y 0.035 0.022 0.017 0.016 0.01 0.016 0.022 0.022 0.028 0.057 0.138 0.024 0.024 0.215 0.012 0.026 0.025 0.019 0.22 0.052
107 L 0.046 0.019 0.013 0.015 0.015 0.013 0.018 0.02 0.008 0.229 0.24 0.022 0.037 0.042 0.013 0.024 0.036 0.006 0.019 0.165
108 K 0.05 0.149 0.037 0.036 0.008 0.048 0.062 0.038 0.019 0.024 0.04 0.305 0.014 0.014 0.024 0.047 0.035 0.005 0.016 0.03
109 G 0.065 0.022 0.033 0.028 0.01 0.018 0.024 0.466 0.017 0.021 0.032 0.03 0.01 0.032 0.017 0.044 0.027 0.008 0.071 0.025
110 D 0.048 0.092 0.056 0.314 0.008 0.03 0.071 0.043 0.018 0.022 0.03 0.054 0.01 0.015 0.021 0.087 0.039 0.004 0.012 0.026
111 E 0.056 0.033 0.037 0.116 0.01 0.035 0.15 0.035 0.022 0.046 0.052 0.047 0.015 0.036 0.021 0.083 0.041 0.008 0.076 0.082
112 D 0.096 0.114 0.043 0.172 0.009 0.036 0.063 0.044 0.018 0.025 0.038 0.153 0.013 0.015 0.023 0.052 0.036 0.004 0.014 0.032
113 K 0.06 0.128 0.04 0.037 0.01 0.041 0.054 0.041 0.018 0.029 0.043 0.205 0.015 0.016 0.024 0.094 0.088 0.005 0.016 0.037
114 L 0.095 0.021 0.015 0.017 0.015 0.015 0.021 0.029 0.01 0.132 0.216 0.025 0.032 0.106 0.015 0.033 0.035 0.007 0.029 0.131
115 L 0.043 0.161 0.025 0.023 0.011 0.03 0.035 0.026 0.015 0.102 0.19 0.105 0.028 0.031 0.017 0.033 0.033 0.006 0.018 0.07
116 D 0.04 0.038 0.043 0.238 0.009 0.027 0.06 0.035 0.02 0.038 0.102 0.086 0.017 0.037 0.019 0.04 0.031 0.008 0.074 0.038
117 L 0.049 0.022 0.018 0.018 0.015 0.016 0.021 0.023 0.009 0.142 0.271 0.026 0.036 0.041 0.015 0.034 0.081 0.006 0.019 0.137
118 I 0.05 0.017 0.014 0.016 0.016 0.013 0.018 0.02 0.008 0.275 0.141 0.022 0.032 0.038 0.014 0.025 0.039 0.005 0.019 0.219
119 F 0.099 0.024 0.023 0.022 0.013 0.018 0.027 0.037 0.019 0.054 0.132 0.029 0.023 0.182 0.017 0.077 0.037 0.012 0.099 0.055
120 G 0.057 0.023 0.024 0.023 0.012 0.018 0.026 0.118 0.017 0.1 0.074 0.029 0.019 0.047 0.016 0.073 0.038 0.097 0.084 0.104
121 A 0.168 0.026 0.027 0.027 0.017 0.021 0.031 0.134 0.012 0.07 0.068 0.035 0.019 0.023 0.021 0.092 0.047 0.005 0.016 0.143
122 F 0.031 0.017 0.015 0.015 0.01 0.01 0.017 0.023 0.015 0.058 0.104 0.017 0.023 0.443 0.01 0.023 0.023 0.015 0.081 0.05
123 L 0.049 0.023 0.019 0.019 0.014 0.017 0.023 0.027 0.011 0.118 0.256 0.027 0.033 0.044 0.014 0.067 0.037 0.095 0.026 0.081
124 I 0.046 0.018 0.014 0.016 0.015 0.013 0.017 0.019 0.008 0.267 0.194 0.022 0.035 0.04 0.014 0.024 0.037 0.005 0.019 0.178
125 Q 0.051 0.067 0.04 0.043 0.008 0.286 0.094 0.037 0.027 0.024 0.043 0.083 0.019 0.013 0.021 0.051 0.037 0.005 0.019 0.032
126 T 0.058 0.029 0.031 0.027 0.016 0.022 0.03 0.033 0.011 0.067 0.184 0.035 0.027 0.031 0.021 0.064 0.22 0.006 0.018 0.072
127 I 0.044 0.018 0.015 0.016 0.1 0.014 0.018 0.022 0.01 0.2 0.133 0.022 0.063 0.104 0.013 0.027 0.034 0.007 0.028 0.111
128 F 0.033 0.017 0.015 0.015 0.01 0.01 0.017 0.022 0.014 0.104 0.112 0.018 0.025 0.376 0.01 0.023 0.025 0.014 0.07 0.068
129 W 0.028 0.02 0.014 0.014 0.007 0.013 0.02 0.027 0.014 0.033 0.057 0.02 0.015 0.12 0.007 0.021 0.021 0.451 0.065 0.031
130 V 0.046 0.018 0.015 0.016 0.014 0.012 0.018 0.021 0.01 0.182 0.125 0.021 0.028 0.172 0.013 0.025 0.035 0.009 0.039 0.182
131 L 0.043 0.02 0.014 0.015 0.014 0.013 0.018 0.02 0.01 0.143 0.279 0.022 0.037 0.111 0.013 0.024 0.033 0.008 0.03 0.135
132 T 0.066 0.032 0.039 0.034 0.016 0.025 0.036 0.039 0.013 0.048 0.059 0.041 0.018 0.022 0.025 0.084 0.315 0.005 0.016 0.065
133 Y 0.035 0.023 0.018 0.016 0.009 0.016 0.023 0.023 0.033 0.046 0.076 0.025 0.019 0.227 0.013 0.027 0.025 0.022 0.28 0.045
134 I 0.095 0.02 0.017 0.018 0.014 0.015 0.022 0.029 0.016 0.16 0.107 0.025 0.025 0.116 0.015 0.034 0.035 0.01 0.089 0.135
135 D 0.058 0.03 0.044 0.171 0.01 0.026 0.052 0.042 0.026 0.029 0.042 0.039 0.013 0.05 0.021 0.122 0.044 0.011 0.135 0.034
136 P 0.058 0.025 0.024 0.028 0.011 0.02 0.033 0.035 0.012 0.038 0.1 0.037 0.016 0.019 0.366 0.079 0.039 0.003 0.014 0.04
137 G 0.064 0.027 0.048 0.174 0.011 0.024 0.049 0.216 0.015 0.025 0.033 0.039 0.011 0.016 0.021 0.094 0.085 0.004 0.012 0.032
138 L 0.101 0.021 0.019 0.02 0.014 0.015 0.022 0.118 0.011 0.118 0.148 0.026 0.026 0.1 0.016 0.037 0.034 0.007 0.027 0.12
139 K 0.052 0.097 0.038 0.038 0.008 0.049 0.064 0.039 0.019 0.025 0.039 0.344 0.014 0.014 0.025 0.049 0.036 0.005 0.016 0.03
140 V 0.053 0.025 0.022 0.03 0.014 0.023 0.079 0.026 0.012 0.127 0.098 0.033 0.024 0.097 0.017 0.04 0.083 0.007 0.028 0.162
141 L 0.049 0.029 0.082 0.031 0.012 0.022 0.03 0.035 0.021 0.057 0.141 0.033 0.058 0.115 0.016 0.077 0.039 0.011 0.089 0.054
142 L 0.095 0.021 0.015 0.017 0.015 0.015 0.021 0.029 0.01 0.132 0.216 0.025 0.032 0.106 0.015 0.033 0.035 0.007 0.029 0.131
143 Y 0.041 0.025 0.019 0.017 0.01 0.019 0.025 0.023 0.037 0.058 0.072 0.028 0.019 0.104 0.014 0.029 0.029 0.022 0.32 0.091
144 G 0.119 0.043 0.096 0.043 0.013 0.03 0.044 0.141 0.018 0.026 0.037 0.094 0.013 0.017 0.024 0.136 0.05 0.005 0.015 0.036
145 L 0.041 0.019 0.014 0.015 0.013 0.013 0.018 0.021 0.011 0.135 0.224 0.021 0.033 0.176 0.012 0.024 0.031 0.009 0.04 0.128
146 L 0.044 0.025 0.016 0.016 0.015 0.02 0.022 0.022 0.012 0.137 0.259 0.028 0.139 0.045 0.014 0.028 0.034 0.007 0.021 0.098
147 G 0.071 0.021 0.036 0.031 0.01 0.017 0.023 0.555 0.012 0.017 0.026 0.031 0.009 0.015 0.017 0.047 0.027 0.005 0.01 0.022
148 G 0.078 0.023 0.039 0.034 0.011 0.019 0.026 0.51 0.014 0.019 0.028 0.034 0.009 0.016 0.019 0.051 0.03 0.005 0.011 0.024
149 A 0.214 0.028 0.029 0.029 0.017 0.024 0.034 0.142 0.014 0.042 0.067 0.039 0.051 0.023 0.023 0.1 0.046 0.005 0.016 0.055
150 S 0.084 0.036 0.042 0.048 0.013 0.033 0.097 0.051 0.018 0.025 0.036 0.05 0.013 0.017 0.112 0.209 0.061 0.004 0.015 0.035
151 N 0.091 0.036 0.267 0.13 0.01 0.029 0.05 0.058 0.024 0.024 0.032 0.046 0.011 0.016 0.02 0.063 0.043 0.004 0.014 0.03
152 S 0.1 0.036 0.049 0.044 0.016 0.03 0.048 0.06 0.017 0.027 0.038 0.049 0.014 0.019 0.027 0.291 0.075 0.005 0.016 0.038
153 V 0.07 0.023 0.021 0.021 0.017 0.018 0.026 0.029 0.009 0.129 0.105 0.028 0.026 0.03 0.017 0.073 0.05 0.005 0.018 0.286
154 N 0.039 0.041 0.379 0.076 0.008 0.031 0.045 0.059 0.029 0.02 0.029 0.049 0.01 0.016 0.018 0.063 0.045 0.004 0.014 0.025
155 L 0.042 0.022 0.014 0.015 0.015 0.016 0.019 0.02 0.01 0.141 0.343 0.024 0.075 0.047 0.013 0.024 0.032 0.006 0.02 0.099
156 I 0.047 0.018 0.015 0.018 0.016 0.013 0.018 0.021 0.009 0.271 0.168 0.024 0.037 0.044 0.015 0.025 0.04 0.006 0.021 0.177
157 R 0.052 0.229 0.035 0.031 0.009 0.038 0.047 0.035 0.024 0.026 0.044 0.125 0.015 0.033 0.02 0.082 0.039 0.008 0.076 0.032
158 D 0.062 0.036 0.05 0.193 0.01 0.039 0.164 0.045 0.019 0.022 0.032 0.053 0.011 0.016 0.024 0.129 0.047 0.004 0.014 0.03
159 Y 0.037 0.028 0.023 0.02 0.009 0.022 0.029 0.026 0.095 0.043 0.075 0.03 0.053 0.081 0.014 0.029 0.026 0.105 0.213 0.043
160 N 0.039 0.041 0.379 0.076 0.008 0.031 0.045 0.059 0.029 0.02 0.029 0.049 0.01 0.016 0.018 0.063 0.045 0.004 0.014 0.025
161 L 0.039 0.02 0.015 0.015 0.013 0.014 0.019 0.02 0.015 0.164 0.223 0.022 0.033 0.124 0.013 0.024 0.03 0.011 0.09 0.098
162 G 0.061 0.032 0.038 0.04 0.01 0.03 0.088 0.21 0.087 0.024 0.037 0.042 0.012 0.035 0.019 0.083 0.035 0.009 0.08 0.029
163 V 0.067 0.027 0.028 0.026 0.016 0.021 0.03 0.034 0.011 0.088 0.138 0.034 0.025 0.029 0.02 0.09 0.137 0.005 0.018 0.154
164 R 0.041 0.405 0.035 0.028 0.007 0.044 0.048 0.03 0.021 0.021 0.042 0.109 0.014 0.016 0.018 0.041 0.032 0.005 0.016 0.028
165 G 0.071 0.021 0.036 0.031 0.01 0.017 0.023 0.555 0.012 0.017 0.026 0.031 0.009 0.015 0.017 0.047 0.027 0.005 0.01 0.022
166 F 0.031 0.017 0.015 0.015 0.01 0.01 0.017 0.023 0.015 0.058 0.104 0.017 0.023 0.443 0.01 0.023 0.023 0.015 0.081 0.05
167 G 0.071 0.021 0.036 0.031 0.01 0.017 0.023 0.555 0.012 0.017 0.026 0.031 0.009 0.015 0.017 0.047 0.027 0.005 0.01 0.022
168 L 0.039 0.021 0.015 0.015 0.013 0.014 0.019 0.02 0.016 0.125 0.269 0.023 0.035 0.125 0.013 0.023 0.029 0.011 0.09 0.086
169 S 0.094 0.036 0.048 0.043 0.016 0.029 0.046 0.057 0.017 0.031 0.042 0.048 0.015 0.019 0.027 0.256 0.115 0.005 0.016 0.042
170 N 0.041 0.038 0.319 0.068 0.008 0.029 0.043 0.055 0.026 0.021 0.029 0.047 0.01 0.016 0.105 0.059 0.043 0.004 0.014 0.025
171 E 0.05 0.045 0.037 0.082 0.007 0.059 0.36 0.032 0.023 0.02 0.033 0.069 0.012 0.015 0.023 0.05 0.033 0.005 0.015 0.028
172 I 0.047 0.019 0.014 0.016 0.015 0.015 0.019 0.02 0.009 0.265 0.151 0.024 0.067 0.04 0.014 0.026 0.038 0.006 0.019 0.177
173 N 0.039 0.041 0.379 0.076 0.008 0.031 0.045 0.059 0.029 0.02 0.029 0.049 0.01 0.016 0.018 0.063 0.045 0.004 0.014 0.025
174 F 0.031 0.017 0.015 0.015 0.01 0.01 0.017 0.023 0.015 0.058 0.104 0.017 0.023 0.443 0.01 0.023 0.023 0.015 0.081 0.05
175 T 0.063 0.032 0.036 0.031 0.016 0.025 0.034 0.037 0.013 0.056 0.079 0.04 0.054 0.025 0.023 0.076 0.269 0.006 0.017 0.068
176 T 0.12 0.032 0.038 0.035 0.017 0.026 0.038 0.048 0.014 0.043 0.055 0.042 0.017 0.021 0.026 0.118 0.23 0.005 0.016 0.06
177 P 0.052 0.023 0.021 0.028 0.009 0.019 0.033 0.033 0.012 0.023 0.033 0.038 0.009 0.012 0.54 0.04 0.033 0.002 0.012 0.028
178 F 0.031 0.017 0.015 0.015 0.01 0.01 0.017 0.023 0.015 0.058 0.104 0.017 0.023 0.443 0.01 0.023 0.023 0.015 0.081 0.05
179 L 0.051 0.024 0.015 0.016 0.016 0.018 0.022 0.022 0.01 0.115 0.243 0.027 0.104 0.042 0.014 0.028 0.037 0.006 0.02 0.169
180 M 0.056 0.03 0.023 0.023 0.015 0.026 0.029 0.031 0.015 0.081 0.155 0.036 0.2 0.04 0.017 0.076 0.043 0.007 0.021 0.076
181 V 0.061 0.023 0.023 0.022 0.017 0.018 0.025 0.028 0.009 0.147 0.104 0.029 0.026 0.03 0.018 0.047 0.133 0.005 0.018 0.216
182 L 0.041 0.019 0.014 0.015 0.013 0.013 0.018 0.021 0.011 0.135 0.224 0.021 0.033 0.176 0.012 0.024 0.031 0.009 0.04 0.128
183 V 0.053 0.021 0.018 0.019 0.016 0.016 0.021 0.024 0.009 0.188 0.172 0.026 0.031 0.036 0.016 0.035 0.085 0.005 0.019 0.191
184 V 0.118 0.025 0.026 0.025 0.103 0.02 0.03 0.041 0.011 0.076 0.075 0.033 0.02 0.024 0.021 0.092 0.093 0.005 0.016 0.148
185 L 0.042 0.023 0.014 0.015 0.015 0.017 0.02 0.02 0.01 0.103 0.39 0.025 0.077 0.049 0.013 0.024 0.031 0.007 0.021 0.087
186 L 0.047 0.025 0.023 0.021 0.013 0.018 0.025 0.027 0.017 0.067 0.191 0.029 0.028 0.117 0.017 0.044 0.123 0.011 0.089 0.066
187 L 0.038 0.022 0.016 0.015 0.012 0.016 0.021 0.021 0.021 0.075 0.254 0.024 0.032 0.138 0.013 0.024 0.028 0.014 0.15 0.066
188 L 0.037 0.021 0.015 0.015 0.012 0.014 0.019 0.021 0.017 0.078 0.261 0.022 0.033 0.192 0.012 0.023 0.027 0.013 0.1 0.067
189 R 0.042 0.353 0.036 0.03 0.007 0.045 0.05 0.031 0.021 0.022 0.042 0.148 0.014 0.016 0.019 0.042 0.032 0.005 0.016 0.028
190 G 0.054 0.152 0.089 0.035 0.01 0.028 0.035 0.208 0.017 0.041 0.047 0.059 0.014 0.018 0.017 0.045 0.035 0.005 0.014 0.077
191 L 0.045 0.039 0.083 0.032 0.012 0.024 0.033 0.033 0.016 0.06 0.183 0.083 0.026 0.099 0.017 0.044 0.08 0.007 0.028 0.057
192 L 0.05 0.021 0.014 0.015 0.015 0.015 0.02 0.022 0.009 0.114 0.211 0.023 0.032 0.042 0.013 0.026 0.036 0.094 0.026 0.201
193 F 0.033 0.017 0.015 0.015 0.01 0.01 0.017 0.022 0.014 0.104 0.112 0.018 0.025 0.376 0.01 0.023 0.025 0.014 0.07 0.068
194 K 0.061 0.065 0.096 0.044 0.01 0.037 0.051 0.132 0.019 0.023 0.035 0.193 0.013 0.015 0.023 0.091 0.042 0.005 0.015 0.029
195 I 0.049 0.019 0.018 0.018 0.014 0.013 0.019 0.109 0.01 0.167 0.164 0.023 0.029 0.103 0.014 0.028 0.033 0.007 0.028 0.136
196 I 0.053 0.021 0.02 0.02 0.015 0.016 0.023 0.027 0.011 0.169 0.166 0.026 0.03 0.104 0.015 0.069 0.041 0.007 0.029 0.139
197 I 0.048 0.02 0.018 0.019 0.015 0.014 0.02 0.024 0.01 0.211 0.123 0.024 0.028 0.103 0.015 0.034 0.082 0.007 0.029 0.155
198 F 0.051 0.022 0.02 0.02 0.014 0.015 0.023 0.028 0.012 0.122 0.158 0.025 0.028 0.171 0.015 0.069 0.039 0.009 0.039 0.12
199 F 0.055 0.022 0.02 0.02 0.014 0.016 0.024 0.028 0.012 0.091 0.152 0.026 0.027 0.17 0.015 0.07 0.04 0.009 0.039 0.149
200 T 0.072 0.033 0.041 0.036 0.016 0.026 0.038 0.043 0.013 0.045 0.056 0.043 0.017 0.021 0.025 0.119 0.275 0.005 0.016 0.06
201 Q 0.051 0.067 0.04 0.043 0.008 0.286 0.094 0.037 0.027 0.024 0.043 0.083 0.019 0.013 0.021 0.051 0.037 0.005 0.019 0.032
202 L 0.045 0.021 0.013 0.015 0.015 0.014 0.018 0.02 0.009 0.151 0.333 0.023 0.04 0.045 0.013 0.024 0.034 0.006 0.02 0.141
203 F 0.044 0.018 0.015 0.016 0.013 0.012 0.018 0.022 0.012 0.135 0.117 0.02 0.027 0.239 0.012 0.025 0.033 0.01 0.05 0.164
204 N 0.039 0.041 0.379 0.076 0.008 0.031 0.045 0.059 0.029 0.02 0.029 0.049 0.01 0.016 0.018 0.063 0.045 0.004 0.014 0.025
205 S 0.1 0.036 0.049 0.044 0.016 0.03 0.048 0.06 0.017 0.027 0.038 0.049 0.014 0.019 0.027 0.291 0.075 0.005 0.016 0.038
206 N 0.039 0.041 0.379 0.076 0.008 0.031 0.045 0.059 0.029 0.02 0.029 0.049 0.01 0.016 0.018 0.063 0.045 0.004 0.014 0.025
207 L 0.044 0.03 0.139 0.038 0.013 0.022 0.03 0.036 0.016 0.067 0.236 0.035 0.029 0.034 0.017 0.046 0.083 0.005 0.018 0.063
208 V 0.113 0.023 0.02 0.021 0.018 0.018 0.026 0.033 0.009 0.114 0.098 0.029 0.025 0.028 0.019 0.047 0.09 0.005 0.018 0.245
209 L 0.052 0.02 0.014 0.015 0.016 0.014 0.019 0.021 0.008 0.166 0.229 0.023 0.035 0.04 0.014 0.026 0.039 0.006 0.019 0.224
210 L 0.05 0.02 0.014 0.015 0.015 0.014 0.02 0.022 0.009 0.119 0.221 0.022 0.033 0.107 0.013 0.026 0.036 0.007 0.03 0.205
211 A 0.307 0.027 0.025 0.028 0.018 0.022 0.035 0.152 0.013 0.036 0.049 0.039 0.015 0.019 0.025 0.072 0.042 0.005 0.015 0.056
212 L 0.102 0.023 0.019 0.019 0.015 0.017 0.023 0.118 0.01 0.087 0.249 0.027 0.031 0.036 0.016 0.037 0.035 0.006 0.018 0.114
213 I 0.046 0.018 0.014 0.016 0.015 0.013 0.017 0.019 0.008 0.267 0.194 0.022 0.035 0.04 0.014 0.024 0.037 0.005 0.019 0.178
214 L 0.094 0.021 0.015 0.017 0.016 0.015 0.021 0.028 0.01 0.171 0.276 0.025 0.036 0.042 0.015 0.032 0.035 0.006 0.019 0.108
215 G 0.076 0.023 0.038 0.033 0.011 0.019 0.027 0.472 0.013 0.019 0.028 0.034 0.01 0.015 0.019 0.087 0.035 0.005 0.011 0.025
216 L 0.036 0.02 0.014 0.015 0.012 0.012 0.018 0.021 0.012 0.081 0.268 0.02 0.034 0.246 0.011 0.023 0.027 0.011 0.05 0.069
217 L 0.053 0.023 0.02 0.02 0.015 0.016 0.024 0.027 0.011 0.092 0.26 0.027 0.034 0.107 0.015 0.068 0.039 0.007 0.029 0.114
218 F 0.041 0.029 0.085 0.031 0.011 0.021 0.03 0.033 0.082 0.052 0.127 0.032 0.022 0.167 0.015 0.042 0.077 0.009 0.044 0.05
219 S 0.08 0.094 0.043 0.038 0.013 0.029 0.042 0.134 0.016 0.028 0.04 0.055 0.014 0.018 0.023 0.174 0.1 0.005 0.015 0.038
220 F 0.034 0.019 0.017 0.017 0.011 0.011 0.019 0.025 0.017 0.063 0.114 0.019 0.025 0.387 0.011 0.025 0.025 0.017 0.089 0.055
221 K 0.046 0.19 0.094 0.041 0.008 0.044 0.056 0.039 0.021 0.023 0.038 0.216 0.013 0.015 0.021 0.048 0.036 0.005 0.016 0.028
222 I 0.108 0.025 0.025 0.025 0.016 0.02 0.028 0.038 0.011 0.149 0.148 0.033 0.027 0.032 0.02 0.087 0.09 0.005 0.018 0.096
223 S 0.08 0.099 0.102 0.047 0.013 0.033 0.047 0.055 0.02 0.025 0.037 0.059 0.014 0.018 0.024 0.211 0.062 0.005 0.016 0.034
224 F 0.036 0.025 0.077 0.026 0.01 0.017 0.025 0.028 0.026 0.053 0.132 0.027 0.023 0.198 0.013 0.031 0.029 0.015 0.159 0.049
225 L 0.038 0.019 0.014 0.015 0.013 0.013 0.018 0.02 0.011 0.128 0.276 0.021 0.036 0.179 0.012 0.023 0.029 0.009 0.04 0.087
226 R 0.097 0.101 0.084 0.033 0.012 0.029 0.039 0.041 0.017 0.052 0.064 0.097 0.018 0.09 0.019 0.047 0.038 0.007 0.027 0.088
227 K 0.05 0.149 0.037 0.036 0.008 0.048 0.062 0.038 0.019 0.024 0.04 0.305 0.014 0.014 0.024 0.047 0.035 0.005 0.016 0.03
228 L 0.047 0.02 0.014 0.015 0.015 0.014 0.019 0.021 0.009 0.151 0.226 0.022 0.034 0.108 0.013 0.025 0.035 0.007 0.03 0.176
229 L 0.055 0.025 0.023 0.023 0.015 0.019 0.026 0.029 0.011 0.121 0.258 0.03 0.033 0.038 0.017 0.077 0.086 0.006 0.019 0.088
230 L 0.043 0.019 0.014 0.015 0.014 0.013 0.018 0.02 0.01 0.182 0.232 0.022 0.035 0.109 0.013 0.024 0.034 0.007 0.03 0.147
231 L 0.052 0.024 0.022 0.022 0.013 0.018 0.025 0.114 0.011 0.067 0.236 0.03 0.029 0.033 0.103 0.04 0.078 0.005 0.016 0.063
232 I 0.068 0.025 0.03 0.028 0.101 0.02 0.03 0.038 0.012 0.136 0.083 0.034 0.021 0.026 0.02 0.125 0.095 0.005 0.016 0.086
233 F 0.034 0.019 0.017 0.017 0.011 0.011 0.019 0.025 0.017 0.063 0.114 0.019 0.025 0.387 0.011 0.025 0.025 0.017 0.089 0.055
234 L 0.042 0.02 0.013 0.014 0.099 0.014 0.018 0.022 0.009 0.12 0.259 0.022 0.033 0.044 0.012 0.024 0.03 0.094 0.025 0.084
235 F 0.06 0.024 0.028 0.026 0.013 0.018 0.027 0.12 0.013 0.06 0.075 0.03 0.019 0.162 0.017 0.083 0.085 0.008 0.037 0.093
236 F 0.055 0.021 0.021 0.021 0.014 0.015 0.023 0.028 0.012 0.13 0.106 0.025 0.025 0.168 0.015 0.07 0.041 0.008 0.039 0.162
237 L 0.043 0.02 0.014 0.015 0.014 0.013 0.018 0.02 0.01 0.143 0.279 0.022 0.037 0.111 0.013 0.024 0.033 0.008 0.03 0.135
238 A 0.175 0.024 0.02 0.023 0.019 0.019 0.029 0.048 0.012 0.164 0.111 0.033 0.027 0.032 0.022 0.054 0.044 0.006 0.019 0.12
239 L 0.058 0.029 0.028 0.026 0.017 0.021 0.029 0.032 0.012 0.083 0.226 0.035 0.034 0.038 0.02 0.057 0.147 0.006 0.02 0.082
240 Y 0.054 0.024 0.019 0.018 0.014 0.019 0.025 0.024 0.027 0.102 0.097 0.028 0.025 0.082 0.016 0.031 0.038 0.016 0.176 0.165
241 F 0.054 0.022 0.024 0.023 0.012 0.015 0.024 0.118 0.014 0.061 0.082 0.026 0.02 0.232 0.015 0.073 0.036 0.01 0.048 0.091
242 L 0.043 0.019 0.014 0.015 0.014 0.013 0.018 0.02 0.01 0.182 0.232 0.022 0.035 0.109 0.013 0.024 0.034 0.007 0.03 0.147
243 Y 0.098 0.023 0.018 0.018 0.014 0.017 0.025 0.031 0.021 0.079 0.087 0.027 0.022 0.128 0.016 0.036 0.035 0.014 0.149 0.145
244 L 0.039 0.023 0.017 0.018 0.011 0.016 0.023 0.023 0.022 0.062 0.188 0.026 0.026 0.132 0.101 0.027 0.028 0.014 0.149 0.056
245 F 0.044 0.021 0.017 0.016 0.012 0.015 0.021 0.023 0.022 0.082 0.095 0.023 0.023 0.198 0.013 0.027 0.031 0.015 0.16 0.143
246 L 0.065 0.026 0.03 0.028 0.013 0.021 0.03 0.123 0.018 0.092 0.125 0.034 0.022 0.044 0.019 0.117 0.045 0.009 0.077 0.065
247 E 0.11 0.032 0.029 0.045 0.014 0.033 0.14 0.039 0.016 0.099 0.072 0.045 0.019 0.024 0.022 0.087 0.045 0.005 0.017 0.109
248 E 0.097 0.032 0.033 0.115 0.01 0.034 0.15 0.039 0.022 0.027 0.04 0.047 0.012 0.032 0.108 0.049 0.034 0.008 0.075 0.035
249 F 0.034 0.021 0.018 0.016 0.009 0.015 0.021 0.023 0.029 0.049 0.083 0.023 0.02 0.281 0.012 0.026 0.024 0.02 0.23 0.046
250 L 0.043 0.02 0.014 0.015 0.014 0.013 0.018 0.02 0.01 0.143 0.279 0.022 0.037 0.111 0.013 0.024 0.033 0.008 0.03 0.135
251 P 0.06 0.026 0.026 0.031 0.01 0.021 0.035 0.037 0.013 0.024 0.034 0.039 0.01 0.013 0.454 0.082 0.04 0.003 0.012 0.03
252 Q 0.056 0.074 0.044 0.047 0.009 0.215 0.103 0.041 0.029 0.026 0.047 0.091 0.021 0.015 0.024 0.056 0.041 0.006 0.021 0.035
253 R 0.041 0.405 0.035 0.028 0.007 0.044 0.048 0.03 0.021 0.021 0.042 0.109 0.014 0.016 0.018 0.041 0.032 0.005 0.016 0.028
254 L 0.04 0.022 0.013 0.014 0.015 0.015 0.018 0.019 0.009 0.105 0.432 0.023 0.045 0.05 0.013 0.022 0.03 0.006 0.02 0.087
255 G 0.052 0.033 0.03 0.037 0.011 0.068 0.091 0.118 0.016 0.084 0.07 0.044 0.019 0.091 0.018 0.046 0.079 0.007 0.027 0.06
256 A 0.261 0.032 0.03 0.039 0.017 0.03 0.093 0.063 0.016 0.034 0.048 0.047 0.015 0.019 0.026 0.108 0.048 0.005 0.016 0.053
257 E 0.05 0.045 0.037 0.082 0.007 0.059 0.36 0.032 0.023 0.02 0.033 0.069 0.012 0.015 0.023 0.05 0.033 0.005 0.015 0.028
258 L 0.037 0.02 0.014 0.014 0.013 0.013 0.018 0.021 0.011 0.089 0.323 0.021 0.038 0.181 0.012 0.022 0.028 0.009 0.04 0.075
259 D 0.056 0.037 0.105 0.183 0.009 0.07 0.063 0.133 0.02 0.022 0.031 0.049 0.011 0.015 0.021 0.091 0.041 0.004 0.013 0.027
260 G 0.09 0.031 0.045 0.04 0.014 0.026 0.04 0.225 0.016 0.024 0.034 0.043 0.012 0.018 0.024 0.209 0.059 0.005 0.014 0.033
261 G 0.065 0.023 0.032 0.028 0.012 0.018 0.025 0.38 0.012 0.037 0.099 0.031 0.016 0.022 0.018 0.049 0.076 0.005 0.013 0.04
262 G 0.064 0.036 0.037 0.035 0.009 0.107 0.047 0.382 0.017 0.019 0.031 0.048 0.012 0.014 0.019 0.048 0.03 0.005 0.013 0.025
263 L 0.064 0.037 0.031 0.03 0.014 0.069 0.043 0.038 0.017 0.061 0.152 0.045 0.094 0.031 0.02 0.12 0.048 0.006 0.019 0.061
264 R 0.044 0.292 0.037 0.033 0.007 0.125 0.063 0.032 0.023 0.022 0.042 0.1 0.016 0.015 0.019 0.044 0.034 0.005 0.017 0.029
265 T 0.066 0.032 0.039 0.034 0.016 0.025 0.036 0.039 0.013 0.048 0.059 0.041 0.018 0.022 0.025 0.084 0.315 0.005 0.016 0.065
266 I 0.05 0.017 0.014 0.016 0.016 0.013 0.018 0.02 0.008 0.275 0.141 0.022 0.032 0.038 0.014 0.025 0.039 0.005 0.019 0.219
267 G 0.052 0.04 0.147 0.044 0.01 0.026 0.037 0.214 0.018 0.034 0.097 0.088 0.016 0.021 0.018 0.048 0.035 0.005 0.014 0.035
268 A 0.153 0.025 0.022 0.023 0.016 0.02 0.029 0.041 0.016 0.109 0.083 0.033 0.021 0.042 0.02 0.053 0.085 0.008 0.078 0.121
269 L 0.041 0.021 0.013 0.014 0.015 0.014 0.018 0.019 0.009 0.144 0.386 0.023 0.043 0.048 0.013 0.022 0.031 0.006 0.02 0.1
270 L 0.038 0.019 0.014 0.015 0.013 0.013 0.018 0.02 0.011 0.128 0.276 0.021 0.036 0.179 0.012 0.023 0.029 0.009 0.04 0.087
271 N 0.053 0.038 0.151 0.063 0.009 0.037 0.145 0.129 0.022 0.024 0.035 0.051 0.012 0.017 0.021 0.06 0.083 0.005 0.014 0.032
272 D 0.05 0.04 0.056 0.315 0.008 0.031 0.074 0.045 0.017 0.022 0.03 0.093 0.01 0.015 0.022 0.088 0.04 0.004 0.012 0.026
273 H 0.038 0.042 0.049 0.035 0.007 0.035 0.049 0.035 0.414 0.021 0.035 0.042 0.014 0.028 0.017 0.038 0.024 0.007 0.052 0.021
274 L 0.041 0.02 0.014 0.015 0.013 0.013 0.018 0.021 0.011 0.097 0.27 0.021 0.035 0.178 0.012 0.024 0.03 0.009 0.04 0.116
275 F 0.038 0.018 0.015 0.016 0.012 0.011 0.018 0.022 0.013 0.12 0.114 0.019 0.026 0.307 0.011 0.024 0.029 0.012 0.06 0.116
276 F 0.038 0.021 0.02 0.019 0.011 0.014 0.022 0.026 0.019 0.053 0.089 0.023 0.021 0.319 0.013 0.034 0.072 0.015 0.12 0.051
277 L 0.048 0.024 0.019 0.019 0.015 0.017 0.023 0.025 0.011 0.093 0.221 0.027 0.066 0.107 0.015 0.036 0.08 0.008 0.03 0.118
278 G 0.052 0.031 0.205 0.053 0.009 0.024 0.036 0.22 0.02 0.02 0.028 0.041 0.01 0.015 0.105 0.054 0.037 0.004 0.012 0.024
279 D 0.091 0.032 0.162 0.256 0.009 0.028 0.063 0.053 0.02 0.024 0.031 0.043 0.01 0.015 0.021 0.058 0.039 0.004 0.012 0.03
280 D 0.052 0.026 0.048 0.241 0.009 0.023 0.056 0.128 0.016 0.027 0.041 0.037 0.012 0.086 0.019 0.084 0.037 0.006 0.023 0.029
281 F 0.045 0.019 0.014 0.015 0.014 0.013 0.019 0.022 0.01 0.143 0.172 0.021 0.03 0.173 0.013 0.025 0.034 0.009 0.04 0.17
282 L 0.05 0.023 0.02 0.02 0.013 0.016 0.024 0.029 0.012 0.079 0.196 0.026 0.028 0.108 0.014 0.068 0.037 0.096 0.036 0.104
283 D 0.058 0.037 0.048 0.184 0.009 0.074 0.115 0.128 0.019 0.022 0.032 0.052 0.012 0.015 0.022 0.089 0.039 0.004 0.013 0.027
284 Y 0.039 0.041 0.087 0.033 0.008 0.027 0.038 0.034 0.094 0.034 0.055 0.085 0.016 0.123 0.016 0.038 0.03 0.014 0.154 0.035
285 L 0.04 0.018 0.014 0.015 0.014 0.013 0.017 0.02 0.01 0.213 0.238 0.021 0.036 0.11 0.013 0.023 0.032 0.007 0.03 0.118
286 L 0.036 0.02 0.014 0.015 0.012 0.012 0.018 0.021 0.012 0.081 0.268 0.02 0.034 0.246 0.011 0.023 0.027 0.011 0.05 0.069
287 G 0.071 0.021 0.036 0.031 0.01 0.017 0.023 0.555 0.012 0.017 0.026 0.031 0.009 0.015 0.017 0.047 0.027 0.005 0.01 0.022
288 G 0.064 0.031 0.093 0.049 0.01 0.029 0.089 0.216 0.018 0.021 0.031 0.044 0.01 0.015 0.107 0.09 0.04 0.004 0.013 0.027
289 G 0.058 0.02 0.029 0.026 0.01 0.015 0.021 0.377 0.013 0.031 0.052 0.026 0.013 0.157 0.015 0.039 0.026 0.008 0.033 0.031
290 I 0.041 0.087 0.079 0.028 0.011 0.022 0.028 0.028 0.019 0.182 0.099 0.042 0.024 0.045 0.015 0.033 0.035 0.008 0.078 0.096
291 Y 0.037 0.025 0.02 0.017 0.008 0.02 0.025 0.023 0.042 0.04 0.062 0.028 0.017 0.119 0.014 0.028 0.025 0.025 0.38 0.042
292 V 0.057 0.022 0.015 0.016 0.017 0.017 0.021 0.022 0.009 0.132 0.181 0.025 0.066 0.037 0.015 0.029 0.041 0.006 0.02 0.252
293 F 0.031 0.017 0.015 0.015 0.01 0.01 0.017 0.023 0.015 0.058 0.104 0.017 0.023 0.443 0.01 0.023 0.023 0.015 0.081 0.05
294 L 0.047 0.036 0.088 0.035 0.01 0.066 0.041 0.121 0.083 0.049 0.166 0.042 0.024 0.029 0.017 0.041 0.032 0.006 0.023 0.046
295 G 0.062 0.026 0.091 0.038 0.011 0.021 0.031 0.299 0.015 0.024 0.033 0.037 0.011 0.016 0.106 0.055 0.079 0.004 0.012 0.031
296 L 0.049 0.032 0.025 0.033 0.011 0.067 0.088 0.114 0.015 0.101 0.187 0.042 0.027 0.03 0.017 0.036 0.032 0.006 0.017 0.07
297 L 0.097 0.027 0.088 0.102 0.012 0.021 0.037 0.128 0.015 0.051 0.166 0.034 0.022 0.027 0.018 0.046 0.035 0.005 0.015 0.051
298 N 0.043 0.045 0.151 0.123 0.009 0.035 0.102 0.042 0.021 0.074 0.051 0.095 0.015 0.019 0.02 0.049 0.038 0.004 0.015 0.048
299 L 0.104 0.042 0.032 0.029 0.012 0.029 0.04 0.041 0.086 0.043 0.11 0.088 0.02 0.042 0.021 0.084 0.039 0.009 0.083 0.047
300 R 0.044 0.154 0.032 0.026 0.01 0.03 0.037 0.029 0.087 0.081 0.066 0.059 0.018 0.04 0.018 0.042 0.077 0.009 0.083 0.057
301 S 0.094 0.034 0.043 0.04 0.016 0.028 0.043 0.054 0.016 0.047 0.051 0.045 0.017 0.021 0.025 0.247 0.07 0.005 0.016 0.088
302 D 0.037 0.027 0.063 0.452 0.007 0.027 0.083 0.042 0.017 0.02 0.025 0.041 0.008 0.014 0.02 0.047 0.032 0.003 0.01 0.022
303 I 0.051 0.019 0.015 0.018 0.015 0.014 0.021 0.022 0.008 0.222 0.121 0.025 0.028 0.033 0.102 0.028 0.039 0.005 0.018 0.197
304 G 0.071 0.021 0.036 0.031 0.01 0.017 0.023 0.555 0.012 0.017 0.026 0.031 0.009 0.015 0.017 0.047 0.027 0.005 0.01 0.022
305 W 0.029 0.021 0.015 0.014 0.007 0.015 0.021 0.027 0.019 0.03 0.051 0.022 0.014 0.066 0.008 0.022 0.021 0.453 0.115 0.03
306 V 0.06 0.019 0.015 0.016 0.017 0.015 0.02 0.022 0.008 0.181 0.124 0.023 0.03 0.034 0.015 0.029 0.043 0.005 0.019 0.306
307 I 0.042 0.02 0.019 0.019 0.013 0.016 0.022 0.021 0.076 0.285 0.133 0.025 0.03 0.038 0.014 0.025 0.034 0.006 0.024 0.137
308 L 0.042 0.021 0.014 0.015 0.015 0.016 0.019 0.02 0.01 0.18 0.297 0.024 0.073 0.046 0.013 0.024 0.033 0.006 0.02 0.111
309 Y 0.09 0.023 0.019 0.018 0.012 0.017 0.024 0.03 0.027 0.092 0.083 0.027 0.021 0.143 0.015 0.035 0.03 0.017 0.209 0.067
310 N 0.039 0.041 0.379 0.076 0.008 0.031 0.045 0.059 0.029 0.02 0.029 0.049 0.01 0.016 0.018 0.063 0.045 0.004 0.014 0.025
311 Y 0.038 0.023 0.018 0.016 0.011 0.018 0.023 0.021 0.031 0.1 0.139 0.026 0.024 0.094 0.014 0.026 0.028 0.019 0.26 0.07
312 G 0.071 0.021 0.036 0.031 0.01 0.017 0.023 0.555 0.012 0.017 0.026 0.031 0.009 0.015 0.017 0.047 0.027 0.005 0.01 0.022
313 G 0.071 0.021 0.036 0.031 0.01 0.017 0.023 0.555 0.012 0.017 0.026 0.031 0.009 0.015 0.017 0.047 0.027 0.005 0.01 0.022
314 V 0.058 0.019 0.018 0.019 0.015 0.014 0.02 0.11 0.008 0.19 0.114 0.024 0.027 0.032 0.015 0.03 0.039 0.005 0.017 0.225
315 V 0.049 0.019 0.015 0.016 0.014 0.013 0.019 0.022 0.01 0.112 0.166 0.021 0.03 0.172 0.013 0.026 0.035 0.009 0.04 0.199
316 L 0.038 0.022 0.016 0.016 0.012 0.016 0.02 0.022 0.018 0.076 0.219 0.024 0.065 0.191 0.012 0.025 0.028 0.013 0.101 0.067
317 L 0.055 0.028 0.027 0.025 0.015 0.022 0.028 0.03 0.012 0.074 0.203 0.034 0.063 0.035 0.019 0.055 0.174 0.006 0.019 0.075
318 F 0.049 0.02 0.019 0.019 0.1 0.014 0.02 0.026 0.011 0.115 0.099 0.023 0.024 0.166 0.015 0.037 0.079 0.008 0.038 0.119
319 L 0.042 0.023 0.014 0.015 0.015 0.017 0.02 0.02 0.01 0.103 0.39 0.025 0.077 0.049 0.013 0.024 0.031 0.007 0.021 0.087
320 F 0.037 0.019 0.016 0.016 0.011 0.012 0.019 0.023 0.019 0.07 0.099 0.02 0.023 0.32 0.011 0.025 0.027 0.015 0.12 0.096
