#Seq2Logo.py -f /work3/idamei/ssn-clusterings/clustering/2205110921/clusters/0009_206/sequences.afa -o /work3/idamei/ssn-clusterings/clustering/2205110921/clusters/0009_206/sequences.logo
#Position Specific Frequency Matrix
A R N D C Q E G H I L K M F P S T W Y V
0 L 0.052 0.032 0.02 0.02 0.016 0.028 0.028 0.028 0.016 0.1 0.196 0.036 0.162 0.048 0.016 0.036 0.04 0.008 0.024 0.092
1 T 0.062 0.034 0.032 0.029 0.017 0.028 0.034 0.036 0.015 0.077 0.131 0.041 0.091 0.036 0.022 0.064 0.144 0.007 0.021 0.082
2 L 0.052 0.032 0.02 0.02 0.016 0.028 0.028 0.028 0.016 0.099 0.194 0.036 0.172 0.048 0.016 0.036 0.04 0.008 0.024 0.091
3 R 0.05 0.241 0.04 0.035 0.008 0.05 0.06 0.037 0.022 0.025 0.044 0.195 0.015 0.016 0.023 0.048 0.037 0.005 0.017 0.031
4 I 0.054 0.022 0.016 0.018 0.017 0.018 0.022 0.023 0.01 0.199 0.163 0.027 0.072 0.042 0.015 0.03 0.042 0.006 0.021 0.18
5 N 0.06 0.043 0.252 0.073 0.011 0.033 0.05 0.065 0.028 0.024 0.034 0.053 0.012 0.019 0.022 0.113 0.058 0.005 0.016 0.031
6 K 0.056 0.106 0.041 0.041 0.008 0.053 0.07 0.043 0.02 0.027 0.043 0.288 0.015 0.015 0.027 0.053 0.039 0.005 0.017 0.032
7 L 0.042 0.026 0.017 0.017 0.013 0.018 0.023 0.023 0.026 0.082 0.24 0.028 0.035 0.088 0.015 0.027 0.031 0.016 0.161 0.073
8 L 0.046 0.026 0.016 0.016 0.016 0.019 0.022 0.023 0.012 0.11 0.332 0.028 0.082 0.052 0.015 0.027 0.035 0.007 0.022 0.094
9 P 0.056 0.025 0.023 0.031 0.01 0.02 0.036 0.036 0.013 0.025 0.036 0.041 0.01 0.013 0.5 0.043 0.036 0.003 0.013 0.031
10 L 0.048 0.022 0.015 0.016 0.016 0.015 0.02 0.022 0.01 0.148 0.273 0.024 0.041 0.08 0.014 0.026 0.036 0.007 0.027 0.139
11 S 0.143 0.038 0.048 0.045 0.018 0.031 0.05 0.068 0.018 0.032 0.044 0.052 0.016 0.021 0.029 0.204 0.075 0.005 0.017 0.046
12 L 0.047 0.023 0.016 0.017 0.016 0.018 0.021 0.023 0.011 0.186 0.233 0.027 0.077 0.048 0.015 0.027 0.038 0.007 0.022 0.13
13 V 0.131 0.023 0.019 0.02 0.105 0.018 0.026 0.04 0.01 0.108 0.098 0.03 0.025 0.029 0.02 0.048 0.047 0.005 0.018 0.181
14 A 0.159 0.028 0.021 0.023 0.017 0.022 0.031 0.05 0.016 0.063 0.11 0.035 0.061 0.13 0.021 0.055 0.04 0.009 0.038 0.071
15 S 0.092 0.038 0.049 0.043 0.017 0.03 0.046 0.055 0.017 0.04 0.052 0.049 0.017 0.022 0.028 0.167 0.161 0.005 0.017 0.054
16 F 0.087 0.024 0.019 0.02 0.014 0.018 0.025 0.035 0.016 0.069 0.125 0.028 0.064 0.232 0.015 0.039 0.033 0.012 0.057 0.067
17 L 0.049 0.026 0.023 0.021 0.015 0.018 0.025 0.028 0.013 0.083 0.223 0.029 0.034 0.139 0.017 0.043 0.092 0.009 0.039 0.077
18 V 0.059 0.02 0.015 0.018 0.018 0.015 0.02 0.023 0.008 0.216 0.145 0.025 0.034 0.039 0.015 0.029 0.044 0.006 0.02 0.231
19 P 0.056 0.025 0.023 0.031 0.01 0.02 0.036 0.036 0.013 0.025 0.036 0.041 0.01 0.013 0.5 0.043 0.036 0.003 0.013 0.031
20 I 0.046 0.018 0.014 0.017 0.016 0.014 0.018 0.02 0.009 0.258 0.195 0.024 0.038 0.045 0.014 0.025 0.038 0.006 0.021 0.164
21 G 0.111 0.023 0.024 0.024 0.017 0.018 0.026 0.168 0.011 0.112 0.092 0.031 0.023 0.028 0.019 0.046 0.043 0.005 0.017 0.161
22 G 0.077 0.023 0.039 0.033 0.011 0.019 0.025 0.517 0.013 0.019 0.028 0.033 0.009 0.016 0.019 0.051 0.029 0.005 0.011 0.024
23 L 0.041 0.023 0.015 0.015 0.014 0.014 0.02 0.022 0.012 0.1 0.31 0.023 0.042 0.147 0.013 0.024 0.031 0.01 0.04 0.084
24 L 0.046 0.02 0.015 0.017 0.015 0.013 0.019 0.022 0.011 0.175 0.186 0.023 0.035 0.14 0.014 0.026 0.036 0.009 0.039 0.141
25 L 0.044 0.025 0.016 0.017 0.015 0.018 0.022 0.024 0.013 0.101 0.283 0.027 0.078 0.114 0.014 0.027 0.033 0.009 0.034 0.087
26 S 0.108 0.04 0.053 0.048 0.017 0.033 0.052 0.065 0.019 0.029 0.041 0.053 0.015 0.021 0.029 0.23 0.081 0.005 0.017 0.041
27 F 0.045 0.02 0.016 0.017 0.014 0.013 0.02 0.024 0.013 0.099 0.166 0.022 0.031 0.235 0.013 0.027 0.033 0.012 0.057 0.123
28 L 0.112 0.025 0.017 0.019 0.017 0.018 0.025 0.037 0.012 0.087 0.258 0.029 0.037 0.092 0.018 0.04 0.036 0.008 0.03 0.082
29 S 0.161 0.037 0.046 0.043 0.018 0.031 0.049 0.069 0.018 0.033 0.046 0.051 0.016 0.021 0.029 0.19 0.072 0.005 0.017 0.049
30 L 0.045 0.021 0.014 0.016 0.016 0.015 0.019 0.021 0.009 0.19 0.285 0.024 0.043 0.049 0.014 0.024 0.036 0.006 0.021 0.131
31 D 0.063 0.03 0.055 0.237 0.098 0.027 0.066 0.049 0.017 0.028 0.038 0.042 0.012 0.017 0.023 0.098 0.048 0.004 0.013 0.035
32 K 0.056 0.106 0.041 0.041 0.008 0.053 0.07 0.043 0.02 0.027 0.043 0.288 0.015 0.015 0.027 0.053 0.039 0.005 0.017 0.032
33 K 0.054 0.095 0.093 0.048 0.009 0.049 0.066 0.047 0.022 0.026 0.041 0.245 0.015 0.016 0.026 0.056 0.041 0.005 0.017 0.031
34 G 0.086 0.027 0.043 0.037 0.012 0.023 0.032 0.394 0.015 0.022 0.032 0.039 0.011 0.017 0.022 0.1 0.043 0.005 0.012 0.029
35 L 0.052 0.045 0.024 0.024 0.015 0.032 0.035 0.03 0.017 0.086 0.167 0.081 0.143 0.042 0.018 0.039 0.04 0.007 0.023 0.08
36 N 0.042 0.044 0.326 0.082 0.009 0.033 0.049 0.064 0.031 0.022 0.031 0.053 0.011 0.018 0.02 0.069 0.049 0.004 0.015 0.027
37 R 0.044 0.354 0.038 0.031 0.008 0.048 0.052 0.032 0.023 0.023 0.046 0.119 0.015 0.017 0.019 0.044 0.034 0.006 0.017 0.031
38 L 0.115 0.023 0.017 0.02 0.017 0.017 0.024 0.036 0.011 0.17 0.196 0.029 0.035 0.04 0.018 0.041 0.04 0.006 0.02 0.124
39 P 0.066 0.028 0.029 0.034 0.011 0.023 0.039 0.041 0.014 0.026 0.037 0.043 0.011 0.014 0.415 0.077 0.044 0.003 0.014 0.033
40 F 0.033 0.019 0.017 0.017 0.01 0.01 0.019 0.025 0.017 0.063 0.113 0.019 0.025 0.395 0.01 0.025 0.025 0.017 0.088 0.054
41 L 0.045 0.022 0.016 0.017 0.015 0.016 0.02 0.023 0.011 0.165 0.233 0.025 0.063 0.096 0.014 0.026 0.035 0.008 0.031 0.118
42 L 0.051 0.023 0.015 0.016 0.017 0.016 0.021 0.022 0.009 0.127 0.314 0.025 0.044 0.049 0.015 0.026 0.037 0.007 0.022 0.145
43 I 0.052 0.022 0.016 0.018 0.016 0.018 0.021 0.023 0.011 0.21 0.167 0.027 0.072 0.043 0.015 0.029 0.041 0.006 0.021 0.171
44 S 0.108 0.04 0.053 0.048 0.017 0.033 0.052 0.065 0.019 0.029 0.041 0.053 0.015 0.021 0.029 0.23 0.081 0.005 0.017 0.041
45 L 0.041 0.024 0.017 0.017 0.013 0.017 0.022 0.025 0.015 0.087 0.209 0.025 0.072 0.207 0.013 0.028 0.031 0.012 0.052 0.075
46 F 0.033 0.019 0.017 0.017 0.01 0.01 0.019 0.025 0.017 0.063 0.113 0.019 0.025 0.395 0.01 0.025 0.025 0.017 0.088 0.054
47 Y 0.04 0.028 0.022 0.018 0.009 0.022 0.028 0.025 0.046 0.043 0.068 0.031 0.018 0.129 0.015 0.031 0.028 0.028 0.327 0.046
48 F 0.033 0.019 0.017 0.017 0.01 0.01 0.019 0.025 0.017 0.063 0.113 0.019 0.025 0.395 0.01 0.025 0.025 0.017 0.088 0.054
49 F 0.042 0.018 0.017 0.017 0.141 0.011 0.018 0.027 0.014 0.058 0.099 0.019 0.023 0.293 0.012 0.029 0.028 0.013 0.067 0.055
50 F 0.04 0.02 0.015 0.016 0.013 0.013 0.019 0.023 0.013 0.136 0.201 0.022 0.035 0.206 0.013 0.025 0.031 0.011 0.051 0.098
51 L 0.044 0.024 0.014 0.015 0.016 0.016 0.02 0.021 0.01 0.114 0.384 0.025 0.049 0.054 0.014 0.024 0.033 0.007 0.022 0.095
52 I 0.047 0.019 0.015 0.018 0.016 0.014 0.018 0.021 0.009 0.267 0.168 0.024 0.048 0.044 0.015 0.026 0.039 0.006 0.021 0.167
53 K 0.053 0.168 0.04 0.038 0.008 0.051 0.065 0.04 0.021 0.026 0.043 0.246 0.015 0.016 0.025 0.051 0.038 0.005 0.017 0.032
54 L 0.052 0.023 0.021 0.022 0.016 0.017 0.023 0.026 0.01 0.182 0.195 0.029 0.035 0.041 0.018 0.041 0.092 0.006 0.02 0.128
55 P 0.056 0.025 0.023 0.031 0.01 0.02 0.036 0.036 0.013 0.025 0.036 0.041 0.01 0.013 0.501 0.043 0.036 0.003 0.013 0.031
56 P 0.056 0.025 0.023 0.031 0.01 0.02 0.036 0.036 0.013 0.025 0.036 0.041 0.01 0.013 0.501 0.043 0.036 0.003 0.013 0.031
57 L 0.042 0.026 0.018 0.017 0.013 0.019 0.024 0.023 0.028 0.078 0.226 0.028 0.034 0.091 0.015 0.027 0.03 0.017 0.175 0.07
58 G 0.077 0.023 0.039 0.033 0.011 0.019 0.025 0.517 0.013 0.019 0.028 0.033 0.009 0.016 0.019 0.051 0.029 0.005 0.011 0.024
59 D 0.04 0.029 0.068 0.406 0.007 0.029 0.09 0.046 0.018 0.022 0.028 0.044 0.009 0.015 0.022 0.051 0.035 0.004 0.011 0.024
60 L 0.076 0.032 0.034 0.032 0.017 0.024 0.036 0.043 0.014 0.071 0.213 0.039 0.032 0.037 0.022 0.128 0.057 0.006 0.02 0.068
61 Y 0.04 0.028 0.021 0.018 0.009 0.021 0.028 0.025 0.046 0.043 0.067 0.031 0.018 0.129 0.015 0.031 0.028 0.028 0.328 0.046
62 R 0.044 0.355 0.038 0.031 0.008 0.048 0.052 0.032 0.023 0.023 0.046 0.118 0.015 0.017 0.019 0.044 0.034 0.006 0.017 0.031
63 R 0.044 0.355 0.038 0.031 0.008 0.048 0.052 0.032 0.023 0.023 0.046 0.118 0.015 0.017 0.019 0.044 0.034 0.006 0.017 0.031
64 Y 0.038 0.025 0.02 0.018 0.009 0.019 0.025 0.025 0.039 0.048 0.079 0.028 0.02 0.196 0.014 0.029 0.027 0.025 0.268 0.048
65 L 0.052 0.024 0.02 0.02 0.015 0.017 0.021 0.145 0.011 0.09 0.296 0.027 0.039 0.044 0.015 0.031 0.032 0.007 0.019 0.077
66 D 0.047 0.039 0.054 0.248 0.007 0.047 0.198 0.04 0.022 0.022 0.032 0.059 0.011 0.016 0.024 0.053 0.036 0.005 0.014 0.027
67 I 0.042 0.02 0.017 0.017 0.013 0.015 0.02 0.023 0.02 0.167 0.128 0.024 0.029 0.153 0.014 0.026 0.033 0.014 0.114 0.112
68 L 0.071 0.045 0.041 0.038 0.014 0.078 0.056 0.045 0.062 0.049 0.128 0.054 0.025 0.029 0.023 0.112 0.052 0.006 0.024 0.051
69 S 0.143 0.04 0.043 0.054 0.016 0.039 0.113 0.061 0.019 0.031 0.044 0.056 0.015 0.02 0.028 0.15 0.062 0.005 0.017 0.045
70 Y 0.038 0.025 0.02 0.018 0.009 0.019 0.025 0.025 0.039 0.048 0.079 0.028 0.02 0.196 0.014 0.029 0.027 0.025 0.268 0.048
71 G 0.123 0.033 0.108 0.045 0.015 0.026 0.038 0.175 0.018 0.034 0.045 0.044 0.014 0.02 0.024 0.074 0.096 0.005 0.015 0.047
72 P 0.066 0.111 0.034 0.035 0.011 0.03 0.044 0.042 0.017 0.026 0.04 0.063 0.013 0.016 0.263 0.09 0.047 0.004 0.015 0.033
73 G 0.115 0.036 0.111 0.045 0.012 0.029 0.042 0.174 0.106 0.026 0.039 0.044 0.013 0.021 0.022 0.061 0.038 0.006 0.025 0.035
74 T 0.081 0.036 0.045 0.04 0.017 0.029 0.042 0.048 0.015 0.047 0.058 0.047 0.018 0.023 0.028 0.126 0.213 0.006 0.017 0.063
75 H 0.045 0.085 0.116 0.061 0.008 0.044 0.115 0.043 0.154 0.022 0.037 0.064 0.013 0.022 0.021 0.052 0.035 0.006 0.031 0.027
76 V 0.054 0.02 0.016 0.017 0.016 0.014 0.021 0.023 0.01 0.167 0.134 0.023 0.031 0.127 0.014 0.029 0.04 0.008 0.037 0.197
77 L 0.067 0.031 0.031 0.029 0.017 0.023 0.033 0.038 0.013 0.077 0.219 0.037 0.033 0.038 0.021 0.093 0.101 0.006 0.02 0.075
78 D 0.061 0.037 0.057 0.237 0.01 0.039 0.135 0.048 0.02 0.024 0.033 0.054 0.012 0.017 0.025 0.097 0.047 0.004 0.014 0.03
79 F 0.04 0.018 0.016 0.017 0.013 0.012 0.018 0.023 0.013 0.172 0.139 0.021 0.031 0.22 0.012 0.025 0.032 0.011 0.054 0.114
80 L 0.109 0.024 0.017 0.019 0.017 0.018 0.024 0.035 0.011 0.138 0.248 0.029 0.038 0.043 0.018 0.039 0.039 0.006 0.02 0.108
81 S 0.098 0.037 0.05 0.044 0.016 0.03 0.046 0.118 0.017 0.032 0.043 0.049 0.015 0.02 0.028 0.185 0.104 0.005 0.016 0.044
82 G 0.099 0.036 0.035 0.034 0.013 0.071 0.046 0.282 0.017 0.041 0.049 0.048 0.016 0.019 0.021 0.054 0.037 0.005 0.015 0.064
83 H 0.041 0.045 0.053 0.038 0.007 0.038 0.053 0.038 0.365 0.023 0.038 0.045 0.015 0.03 0.019 0.041 0.026 0.007 0.056 0.023
84 P 0.06 0.028 0.028 0.032 0.012 0.022 0.036 0.037 0.013 0.032 0.043 0.042 0.012 0.015 0.383 0.055 0.091 0.003 0.014 0.04
85 D 0.04 0.029 0.068 0.406 0.007 0.029 0.09 0.046 0.018 0.022 0.028 0.044 0.009 0.015 0.022 0.051 0.035 0.004 0.011 0.024
86 I 0.053 0.019 0.015 0.017 0.017 0.014 0.019 0.021 0.008 0.247 0.155 0.024 0.035 0.041 0.015 0.027 0.042 0.006 0.02 0.205
87 L 0.039 0.021 0.015 0.016 0.013 0.013 0.019 0.023 0.013 0.088 0.249 0.022 0.037 0.225 0.012 0.024 0.029 0.012 0.055 0.074
88 L 0.04 0.024 0.017 0.016 0.013 0.016 0.022 0.023 0.021 0.083 0.237 0.025 0.035 0.158 0.013 0.026 0.03 0.015 0.115 0.072
89 Y 0.04 0.028 0.021 0.018 0.009 0.021 0.028 0.025 0.046 0.043 0.067 0.031 0.018 0.129 0.015 0.031 0.028 0.028 0.328 0.046
90 L 0.051 0.022 0.015 0.016 0.017 0.015 0.02 0.022 0.009 0.168 0.266 0.025 0.041 0.047 0.015 0.026 0.038 0.006 0.021 0.161
91 G 0.058 0.037 0.115 0.047 0.011 0.029 0.041 0.165 0.106 0.029 0.04 0.044 0.014 0.022 0.021 0.063 0.09 0.006 0.025 0.036
92 G 0.062 0.02 0.027 0.025 0.013 0.016 0.021 0.269 0.011 0.15 0.097 0.028 0.023 0.03 0.017 0.038 0.034 0.006 0.015 0.099
93 V 0.052 0.023 0.017 0.017 0.014 0.017 0.024 0.026 0.019 0.099 0.094 0.026 0.024 0.065 0.014 0.029 0.037 0.135 0.109 0.159
94 I 0.052 0.018 0.015 0.017 0.017 0.014 0.019 0.021 0.009 0.252 0.156 0.024 0.035 0.041 0.015 0.027 0.042 0.006 0.02 0.2
95 F 0.033 0.019 0.017 0.017 0.01 0.01 0.019 0.025 0.017 0.062 0.113 0.019 0.025 0.396 0.01 0.025 0.025 0.017 0.087 0.054
96 R 0.053 0.151 0.042 0.041 0.008 0.138 0.081 0.039 0.025 0.026 0.045 0.147 0.018 0.015 0.023 0.052 0.039 0.006 0.019 0.033
97 L 0.049 0.033 0.101 0.038 0.013 0.024 0.034 0.038 0.025 0.058 0.137 0.038 0.024 0.056 0.019 0.054 0.092 0.011 0.096 0.059
98 L 0.042 0.023 0.014 0.015 0.015 0.015 0.02 0.022 0.011 0.105 0.339 0.024 0.045 0.111 0.013 0.024 0.032 0.009 0.033 0.088
99 N 0.043 0.044 0.15 0.142 0.009 0.032 0.056 0.047 0.03 0.028 0.041 0.075 0.013 0.044 0.02 0.053 0.039 0.01 0.093 0.032
100 I 0.046 0.017 0.014 0.017 0.016 0.013 0.017 0.02 0.009 0.282 0.165 0.023 0.036 0.044 0.014 0.025 0.039 0.006 0.02 0.174
101 P 0.097 0.026 0.023 0.03 0.012 0.021 0.036 0.043 0.013 0.028 0.039 0.041 0.011 0.014 0.422 0.05 0.038 0.003 0.013 0.037
102 F 0.037 0.023 0.019 0.018 0.01 0.016 0.023 0.025 0.031 0.053 0.09 0.025 0.022 0.262 0.013 0.028 0.026 0.022 0.208 0.05
103 F 0.035 0.021 0.018 0.017 0.01 0.013 0.021 0.025 0.024 0.058 0.101 0.022 0.023 0.329 0.012 0.026 0.026 0.019 0.148 0.052
104 F 0.04 0.018 0.016 0.017 0.013 0.012 0.018 0.023 0.013 0.172 0.139 0.021 0.031 0.22 0.012 0.025 0.032 0.011 0.054 0.114
105 I 0.049 0.025 0.017 0.019 0.016 0.02 0.023 0.024 0.012 0.19 0.18 0.029 0.105 0.046 0.015 0.03 0.039 0.007 0.022 0.133
106 P 0.056 0.025 0.023 0.031 0.01 0.02 0.036 0.036 0.013 0.025 0.036 0.041 0.01 0.013 0.501 0.043 0.036 0.003 0.013 0.031
107 A 0.301 0.031 0.025 0.029 0.021 0.025 0.04 0.077 0.015 0.043 0.059 0.044 0.017 0.021 0.029 0.084 0.049 0.005 0.017 0.068
108 F 0.114 0.028 0.026 0.025 0.016 0.021 0.03 0.043 0.015 0.079 0.105 0.035 0.047 0.122 0.021 0.058 0.093 0.009 0.036 0.078
109 Y 0.04 0.028 0.021 0.018 0.009 0.021 0.028 0.025 0.046 0.043 0.067 0.031 0.018 0.129 0.015 0.031 0.028 0.028 0.328 0.046
110 G 0.077 0.023 0.039 0.033 0.011 0.019 0.025 0.517 0.013 0.019 0.028 0.033 0.009 0.016 0.019 0.051 0.029 0.005 0.011 0.024
111 A 0.245 0.029 0.029 0.03 0.019 0.024 0.036 0.187 0.014 0.037 0.051 0.041 0.015 0.02 0.027 0.075 0.044 0.005 0.016 0.057
112 L 0.056 0.023 0.015 0.016 0.017 0.016 0.021 0.023 0.009 0.138 0.257 0.025 0.04 0.045 0.015 0.028 0.041 0.006 0.021 0.187
113 L 0.051 0.032 0.02 0.02 0.016 0.028 0.028 0.028 0.016 0.099 0.194 0.036 0.173 0.047 0.016 0.036 0.04 0.008 0.024 0.091
114 I 0.057 0.021 0.022 0.022 0.135 0.016 0.022 0.029 0.01 0.165 0.115 0.028 0.027 0.033 0.018 0.045 0.093 0.005 0.018 0.119
115 Y 0.04 0.028 0.021 0.018 0.009 0.021 0.028 0.025 0.046 0.043 0.067 0.031 0.018 0.129 0.015 0.031 0.028 0.028 0.328 0.046
116 L 0.039 0.021 0.015 0.016 0.013 0.013 0.019 0.023 0.013 0.088 0.249 0.022 0.037 0.225 0.012 0.024 0.029 0.012 0.055 0.074
117 L 0.049 0.024 0.016 0.016 0.015 0.017 0.023 0.023 0.018 0.108 0.241 0.027 0.037 0.068 0.015 0.028 0.036 0.012 0.098 0.129
118 L 0.046 0.026 0.015 0.016 0.016 0.019 0.022 0.023 0.011 0.11 0.337 0.028 0.08 0.052 0.014 0.027 0.035 0.007 0.022 0.094
119 A 0.301 0.031 0.025 0.029 0.021 0.025 0.04 0.077 0.015 0.043 0.059 0.044 0.017 0.021 0.029 0.084 0.049 0.005 0.017 0.068
120 S 0.132 0.038 0.05 0.046 0.018 0.032 0.05 0.067 0.018 0.031 0.043 0.052 0.016 0.021 0.029 0.213 0.077 0.005 0.017 0.045
121 L 0.039 0.021 0.015 0.016 0.013 0.013 0.019 0.023 0.013 0.088 0.249 0.022 0.037 0.225 0.012 0.024 0.029 0.012 0.055 0.074
122 R 0.044 0.355 0.038 0.031 0.008 0.048 0.052 0.032 0.023 0.023 0.046 0.118 0.015 0.017 0.019 0.044 0.034 0.006 0.017 0.031
123 N 0.042 0.044 0.327 0.082 0.009 0.033 0.049 0.064 0.031 0.022 0.031 0.053 0.011 0.018 0.02 0.069 0.049 0.004 0.015 0.027
124 G 0.062 0.027 0.024 0.023 0.015 0.023 0.026 0.149 0.013 0.095 0.136 0.033 0.097 0.037 0.017 0.039 0.039 0.007 0.02 0.121
125 L 0.058 0.029 0.028 0.026 0.017 0.021 0.029 0.032 0.012 0.097 0.206 0.035 0.033 0.038 0.021 0.058 0.146 0.006 0.02 0.089
126 L 0.042 0.021 0.015 0.016 0.015 0.014 0.019 0.022 0.011 0.143 0.262 0.023 0.04 0.137 0.013 0.024 0.033 0.009 0.038 0.104
127 I 0.051 0.024 0.07 0.031 0.015 0.018 0.025 0.031 0.013 0.217 0.133 0.031 0.03 0.037 0.017 0.049 0.044 0.006 0.019 0.138
128 D 0.106 0.039 0.084 0.115 0.012 0.027 0.05 0.051 0.019 0.038 0.059 0.07 0.016 0.112 0.021 0.056 0.039 0.008 0.033 0.044
129 D 0.054 0.036 0.092 0.237 0.01 0.036 0.112 0.048 0.021 0.025 0.034 0.051 0.012 0.017 0.024 0.08 0.061 0.004 0.014 0.031
130 C 0.064 0.025 0.027 0.055 0.133 0.02 0.033 0.035 0.017 0.067 0.071 0.032 0.019 0.041 0.079 0.062 0.043 0.008 0.067 0.103
131 E 0.065 0.042 0.04 0.069 0.01 0.049 0.206 0.099 0.025 0.024 0.039 0.062 0.013 0.026 0.024 0.081 0.042 0.007 0.042 0.033
132 L 0.062 0.074 0.067 0.035 0.014 0.029 0.037 0.041 0.018 0.066 0.165 0.05 0.063 0.035 0.02 0.087 0.049 0.006 0.02 0.064
133 E 0.059 0.045 0.04 0.08 0.008 0.056 0.256 0.115 0.024 0.021 0.035 0.068 0.012 0.016 0.024 0.054 0.035 0.005 0.016 0.03
134 N 0.049 0.047 0.181 0.086 0.008 0.049 0.175 0.05 0.028 0.022 0.034 0.064 0.012 0.017 0.023 0.062 0.043 0.005 0.016 0.029
135 R 0.077 0.195 0.046 0.04 0.013 0.04 0.052 0.049 0.021 0.026 0.044 0.087 0.015 0.019 0.024 0.135 0.058 0.005 0.017 0.036
136 T 0.068 0.039 0.042 0.05 0.015 0.037 0.105 0.041 0.017 0.045 0.058 0.053 0.018 0.022 0.027 0.083 0.198 0.006 0.017 0.061
137 V 0.058 0.02 0.016 0.018 0.018 0.015 0.02 0.023 0.008 0.218 0.149 0.025 0.034 0.04 0.016 0.029 0.045 0.006 0.021 0.223
138 S 0.095 0.056 0.05 0.046 0.015 0.038 0.056 0.06 0.019 0.029 0.042 0.112 0.015 0.019 0.029 0.187 0.07 0.005 0.017 0.039
139 G 0.076 0.028 0.046 0.098 0.012 0.024 0.043 0.285 0.018 0.024 0.034 0.04 0.012 0.026 0.022 0.094 0.043 0.007 0.039 0.03
140 K 0.055 0.065 0.035 0.033 0.01 0.035 0.048 0.098 0.018 0.038 0.061 0.159 0.017 0.112 0.022 0.05 0.062 0.008 0.034 0.041
141 K 0.058 0.147 0.04 0.036 0.009 0.043 0.054 0.159 0.019 0.024 0.04 0.182 0.014 0.016 0.023 0.05 0.035 0.005 0.015 0.03
142 K 0.047 0.063 0.028 0.028 0.011 0.033 0.045 0.033 0.017 0.058 0.146 0.155 0.026 0.12 0.02 0.039 0.034 0.008 0.036 0.053
143 I 0.114 0.021 0.017 0.02 0.018 0.017 0.024 0.035 0.01 0.202 0.133 0.029 0.031 0.037 0.018 0.041 0.043 0.006 0.02 0.165
144 L 0.058 0.025 0.025 0.024 0.015 0.018 0.027 0.033 0.014 0.122 0.176 0.03 0.031 0.128 0.017 0.076 0.044 0.009 0.037 0.091
145 A 0.186 0.033 0.034 0.033 0.019 0.026 0.039 0.06 0.014 0.048 0.061 0.044 0.018 0.022 0.028 0.088 0.153 0.006 0.017 0.069
146 Y 0.04 0.032 0.029 0.023 0.009 0.026 0.034 0.028 0.126 0.038 0.06 0.034 0.018 0.104 0.016 0.033 0.027 0.023 0.26 0.04
147 L 0.054 0.021 0.016 0.017 0.016 0.015 0.021 0.024 0.011 0.125 0.188 0.024 0.034 0.13 0.014 0.028 0.039 0.009 0.038 0.177
148 L 0.052 0.025 0.021 0.021 0.016 0.018 0.024 0.026 0.011 0.14 0.25 0.029 0.038 0.044 0.017 0.041 0.091 0.006 0.02 0.108
149 V 0.057 0.021 0.015 0.017 0.017 0.015 0.021 0.022 0.009 0.18 0.202 0.025 0.037 0.042 0.015 0.028 0.042 0.006 0.021 0.207
150 L 0.039 0.021 0.015 0.016 0.013 0.013 0.019 0.023 0.013 0.088 0.249 0.022 0.037 0.225 0.012 0.024 0.029 0.012 0.055 0.074
151 S 0.108 0.04 0.053 0.048 0.017 0.033 0.052 0.065 0.019 0.029 0.041 0.053 0.015 0.021 0.029 0.231 0.081 0.005 0.017 0.041
152 A 0.272 0.031 0.027 0.03 0.021 0.025 0.04 0.073 0.014 0.044 0.059 0.044 0.018 0.022 0.029 0.085 0.075 0.005 0.017 0.068
153 L 0.039 0.021 0.015 0.016 0.013 0.013 0.019 0.023 0.013 0.088 0.249 0.022 0.037 0.225 0.012 0.024 0.029 0.012 0.055 0.074
154 D 0.041 0.037 0.197 0.244 0.008 0.031 0.069 0.055 0.025 0.022 0.029 0.049 0.01 0.016 0.021 0.06 0.042 0.004 0.013 0.025
155 I 0.046 0.017 0.014 0.017 0.016 0.013 0.017 0.02 0.009 0.282 0.165 0.023 0.036 0.044 0.014 0.025 0.039 0.006 0.02 0.174
156 L 0.051 0.022 0.015 0.016 0.017 0.015 0.02 0.022 0.009 0.168 0.266 0.025 0.041 0.047 0.015 0.026 0.038 0.006 0.021 0.161
157 N 0.051 0.039 0.255 0.07 0.009 0.03 0.043 0.178 0.027 0.021 0.03 0.048 0.011 0.017 0.02 0.064 0.044 0.005 0.014 0.026
158 L 0.04 0.024 0.017 0.016 0.013 0.016 0.022 0.023 0.021 0.083 0.237 0.025 0.035 0.158 0.013 0.026 0.03 0.015 0.115 0.072
159 V 0.135 0.028 0.028 0.028 0.019 0.022 0.034 0.047 0.012 0.109 0.092 0.037 0.024 0.029 0.023 0.094 0.056 0.005 0.019 0.158
160 L 0.044 0.024 0.014 0.015 0.016 0.016 0.02 0.021 0.01 0.114 0.385 0.025 0.049 0.054 0.014 0.024 0.033 0.007 0.022 0.095
161 G 0.077 0.023 0.039 0.033 0.011 0.019 0.025 0.517 0.013 0.019 0.028 0.033 0.009 0.016 0.019 0.051 0.029 0.005 0.011 0.024
162 L 0.045 0.021 0.014 0.016 0.016 0.015 0.019 0.021 0.009 0.198 0.275 0.024 0.043 0.049 0.014 0.024 0.036 0.006 0.021 0.134
163 R 0.044 0.355 0.038 0.031 0.008 0.048 0.052 0.032 0.023 0.023 0.046 0.118 0.015 0.017 0.019 0.044 0.034 0.006 0.017 0.031
164 F 0.037 0.023 0.019 0.018 0.01 0.016 0.023 0.025 0.031 0.053 0.09 0.025 0.022 0.262 0.013 0.028 0.026 0.022 0.208 0.05
165 G 0.077 0.023 0.039 0.033 0.011 0.019 0.025 0.517 0.013 0.019 0.028 0.033 0.009 0.016 0.019 0.051 0.029 0.005 0.011 0.024
166 L 0.115 0.028 0.024 0.024 0.018 0.021 0.03 0.04 0.012 0.081 0.223 0.035 0.034 0.038 0.021 0.056 0.093 0.006 0.02 0.082
167 A 0.18 0.036 0.043 0.041 0.019 0.03 0.047 0.07 0.017 0.034 0.048 0.05 0.016 0.021 0.029 0.176 0.069 0.005 0.017 0.051
168 L 0.047 0.023 0.016 0.017 0.016 0.017 0.021 0.022 0.011 0.194 0.227 0.027 0.074 0.047 0.015 0.027 0.038 0.007 0.022 0.133
169 V 0.128 0.027 0.025 0.025 0.019 0.021 0.031 0.042 0.011 0.105 0.095 0.035 0.025 0.029 0.022 0.06 0.101 0.005 0.019 0.174
170 F 0.04 0.023 0.017 0.017 0.013 0.016 0.021 0.025 0.015 0.084 0.201 0.024 0.068 0.223 0.013 0.027 0.031 0.012 0.055 0.074
171 A 0.175 0.028 0.021 0.024 0.019 0.023 0.031 0.051 0.013 0.116 0.119 0.037 0.061 0.033 0.022 0.057 0.044 0.006 0.02 0.1
172 V 0.058 0.02 0.015 0.017 0.017 0.015 0.02 0.022 0.008 0.222 0.147 0.024 0.034 0.039 0.015 0.029 0.044 0.006 0.02 0.227
173 Y 0.04 0.028 0.021 0.018 0.009 0.021 0.028 0.025 0.046 0.043 0.067 0.031 0.018 0.129 0.015 0.031 0.028 0.028 0.328 0.046
174 A 0.245 0.029 0.029 0.03 0.019 0.024 0.036 0.187 0.014 0.037 0.051 0.041 0.015 0.02 0.027 0.075 0.044 0.005 0.016 0.057
175 I 0.052 0.018 0.015 0.017 0.017 0.014 0.019 0.021 0.009 0.252 0.156 0.024 0.035 0.041 0.015 0.027 0.042 0.006 0.02 0.2
176 T 0.081 0.036 0.045 0.04 0.017 0.029 0.042 0.048 0.015 0.047 0.058 0.047 0.018 0.023 0.028 0.126 0.213 0.006 0.017 0.063
177 C 0.068 0.026 0.029 0.027 0.254 0.02 0.027 0.037 0.011 0.048 0.064 0.032 0.018 0.022 0.022 0.066 0.147 0.005 0.015 0.063
178 Y 0.038 0.025 0.02 0.018 0.009 0.019 0.025 0.025 0.039 0.048 0.079 0.028 0.02 0.196 0.014 0.029 0.027 0.025 0.268 0.048
179 Y 0.056 0.029 0.029 0.026 0.011 0.023 0.032 0.035 0.036 0.042 0.067 0.035 0.019 0.135 0.018 0.08 0.041 0.021 0.22 0.046
180 S 0.092 0.118 0.05 0.044 0.015 0.036 0.052 0.057 0.02 0.028 0.042 0.07 0.015 0.02 0.027 0.185 0.069 0.005 0.017 0.039
181 G 0.061 0.189 0.038 0.032 0.009 0.033 0.038 0.275 0.018 0.021 0.037 0.076 0.012 0.017 0.019 0.047 0.032 0.006 0.014 0.027
182 S 0.139 0.035 0.05 0.133 0.016 0.03 0.058 0.063 0.018 0.031 0.042 0.049 0.014 0.019 0.027 0.15 0.061 0.005 0.016 0.044
183 K 0.056 0.106 0.041 0.041 0.008 0.053 0.07 0.043 0.02 0.027 0.043 0.289 0.015 0.015 0.027 0.053 0.039 0.005 0.017 0.032
184 L 0.073 0.046 0.024 0.025 0.015 0.027 0.036 0.033 0.013 0.085 0.224 0.094 0.034 0.037 0.02 0.042 0.056 0.006 0.02 0.09
185 R 0.05 0.23 0.04 0.036 0.008 0.05 0.061 0.037 0.022 0.025 0.044 0.204 0.015 0.016 0.023 0.048 0.037 0.005 0.017 0.031
186 G 0.119 0.022 0.024 0.024 0.133 0.017 0.025 0.163 0.013 0.042 0.066 0.029 0.017 0.113 0.019 0.05 0.035 0.008 0.032 0.05
187 L 0.117 0.024 0.023 0.024 0.016 0.018 0.026 0.159 0.012 0.114 0.159 0.031 0.028 0.034 0.019 0.046 0.038 0.006 0.018 0.09
188 L 0.122 0.025 0.021 0.022 0.018 0.019 0.027 0.098 0.011 0.102 0.162 0.031 0.029 0.034 0.019 0.045 0.042 0.006 0.019 0.149
189 F 0.167 0.025 0.021 0.023 0.016 0.018 0.029 0.051 0.016 0.053 0.086 0.031 0.021 0.209 0.02 0.054 0.037 0.011 0.052 0.061
190 L 0.067 0.031 0.027 0.026 0.017 0.026 0.032 0.036 0.015 0.091 0.171 0.037 0.1 0.04 0.019 0.083 0.05 0.007 0.021 0.103
191 I 0.082 0.02 0.016 0.018 0.135 0.015 0.02 0.03 0.009 0.171 0.154 0.025 0.03 0.036 0.017 0.036 0.039 0.005 0.018 0.121
192 L 0.05 0.023 0.015 0.016 0.017 0.016 0.021 0.022 0.009 0.126 0.321 0.025 0.044 0.049 0.015 0.026 0.037 0.007 0.022 0.141
193 A 0.171 0.035 0.04 0.038 0.019 0.029 0.044 0.064 0.016 0.04 0.053 0.048 0.017 0.022 0.029 0.141 0.113 0.005 0.017 0.058
194 L 0.045 0.022 0.014 0.016 0.016 0.015 0.019 0.021 0.009 0.177 0.302 0.024 0.044 0.05 0.014 0.024 0.035 0.007 0.021 0.125
195 L 0.052 0.028 0.022 0.021 0.016 0.02 0.026 0.027 0.012 0.097 0.281 0.031 0.057 0.045 0.018 0.042 0.09 0.007 0.021 0.088
196 V 0.06 0.027 0.018 0.019 0.017 0.022 0.025 0.026 0.012 0.131 0.161 0.031 0.102 0.041 0.016 0.034 0.044 0.007 0.022 0.185
197 H 0.041 0.045 0.053 0.038 0.007 0.038 0.053 0.038 0.365 0.023 0.038 0.045 0.015 0.03 0.019 0.041 0.026 0.007 0.056 0.023
198 F 0.033 0.019 0.017 0.017 0.01 0.01 0.019 0.025 0.017 0.062 0.113 0.019 0.025 0.396 0.01 0.025 0.025 0.017 0.087 0.054
199 S 0.108 0.04 0.053 0.048 0.017 0.033 0.052 0.065 0.019 0.029 0.041 0.053 0.015 0.021 0.029 0.231 0.081 0.005 0.017 0.041
200 L 0.051 0.032 0.02 0.02 0.016 0.028 0.028 0.028 0.016 0.099 0.194 0.036 0.173 0.047 0.016 0.036 0.04 0.008 0.024 0.091
201 A 0.177 0.026 0.021 0.024 0.019 0.021 0.031 0.05 0.012 0.124 0.111 0.035 0.043 0.032 0.022 0.057 0.045 0.006 0.019 0.124
202 F 0.036 0.02 0.016 0.016 0.012 0.012 0.019 0.024 0.015 0.075 0.181 0.02 0.031 0.31 0.011 0.025 0.027 0.014 0.071 0.064
203 V 0.058 0.02 0.015 0.017 0.017 0.015 0.02 0.022 0.008 0.222 0.147 0.024 0.034 0.039 0.015 0.029 0.044 0.006 0.02 0.227
204 L 0.058 0.025 0.019 0.02 0.017 0.018 0.025 0.027 0.011 0.115 0.278 0.029 0.04 0.045 0.016 0.052 0.043 0.006 0.021 0.134
205 L 0.047 0.023 0.016 0.017 0.016 0.017 0.021 0.022 0.011 0.194 0.227 0.027 0.074 0.047 0.015 0.027 0.038 0.007 0.022 0.133
206 C 0.097 0.02 0.023 0.022 0.253 0.016 0.022 0.158 0.01 0.052 0.062 0.027 0.016 0.021 0.018 0.047 0.038 0.005 0.013 0.077
207 F 0.033 0.019 0.017 0.017 0.01 0.01 0.019 0.025 0.017 0.062 0.113 0.019 0.025 0.396 0.01 0.025 0.025 0.017 0.087 0.054
208 F 0.043 0.02 0.016 0.017 0.014 0.013 0.019 0.023 0.012 0.14 0.184 0.022 0.034 0.191 0.013 0.026 0.033 0.011 0.049 0.121
209 A 0.245 0.029 0.029 0.03 0.019 0.024 0.036 0.187 0.014 0.037 0.051 0.041 0.015 0.02 0.027 0.075 0.044 0.005 0.016 0.057
210 S 0.108 0.04 0.053 0.048 0.017 0.033 0.052 0.065 0.019 0.029 0.041 0.053 0.015 0.021 0.029 0.231 0.081 0.005 0.017 0.041
211 R 0.047 0.209 0.033 0.03 0.01 0.041 0.048 0.032 0.019 0.068 0.102 0.137 0.022 0.025 0.02 0.041 0.036 0.006 0.018 0.057
212 F 0.039 0.021 0.018 0.017 0.011 0.014 0.021 0.025 0.023 0.07 0.103 0.023 0.024 0.284 0.012 0.027 0.029 0.018 0.139 0.08
213 I 0.053 0.019 0.015 0.017 0.016 0.014 0.02 0.022 0.009 0.21 0.145 0.024 0.033 0.084 0.015 0.028 0.041 0.007 0.029 0.199
214 K 0.053 0.09 0.112 0.051 0.009 0.048 0.064 0.048 0.023 0.026 0.04 0.23 0.014 0.016 0.025 0.057 0.042 0.005 0.017 0.031
215 L 0.051 0.022 0.015 0.016 0.017 0.015 0.02 0.022 0.009 0.168 0.266 0.025 0.041 0.047 0.015 0.026 0.038 0.006 0.021 0.161
216 N 0.049 0.061 0.184 0.073 0.008 0.046 0.118 0.051 0.027 0.023 0.035 0.117 0.013 0.017 0.023 0.061 0.043 0.005 0.016 0.029
217 K 0.056 0.106 0.041 0.041 0.008 0.053 0.07 0.043 0.02 0.027 0.043 0.289 0.015 0.015 0.027 0.053 0.039 0.005 0.017 0.032
218 K 0.054 0.083 0.034 0.035 0.01 0.043 0.057 0.037 0.017 0.091 0.073 0.222 0.021 0.022 0.024 0.046 0.039 0.005 0.018 0.068
219 Y 0.06 0.049 0.034 0.031 0.011 0.031 0.043 0.039 0.029 0.038 0.06 0.099 0.018 0.107 0.021 0.086 0.043 0.015 0.142 0.042
220 V 0.057 0.021 0.015 0.017 0.017 0.015 0.021 0.022 0.009 0.18 0.202 0.025 0.037 0.042 0.015 0.028 0.042 0.006 0.021 0.207
221 L 0.051 0.02 0.015 0.017 0.017 0.015 0.019 0.021 0.009 0.21 0.211 0.024 0.038 0.044 0.015 0.026 0.04 0.006 0.021 0.181
222 P 0.053 0.025 0.021 0.027 0.012 0.019 0.032 0.032 0.012 0.047 0.123 0.037 0.02 0.023 0.379 0.038 0.035 0.004 0.015 0.047
223 L 0.041 0.023 0.015 0.015 0.015 0.015 0.02 0.022 0.012 0.101 0.317 0.023 0.043 0.139 0.013 0.024 0.031 0.009 0.038 0.085
224 S 0.097 0.035 0.044 0.041 0.017 0.028 0.044 0.055 0.016 0.072 0.066 0.046 0.02 0.025 0.026 0.181 0.072 0.005 0.018 0.092
225 I 0.043 0.018 0.015 0.017 0.015 0.012 0.018 0.021 0.011 0.227 0.152 0.022 0.033 0.132 0.013 0.025 0.036 0.009 0.037 0.144
226 L 0.042 0.019 0.015 0.017 0.015 0.013 0.018 0.022 0.011 0.185 0.207 0.023 0.037 0.134 0.013 0.025 0.034 0.009 0.038 0.124
227 F 0.062 0.028 0.032 0.03 0.014 0.02 0.032 0.04 0.016 0.052 0.083 0.034 0.021 0.209 0.019 0.093 0.097 0.011 0.052 0.055
228 Y 0.036 0.024 0.019 0.017 0.009 0.017 0.024 0.026 0.031 0.045 0.075 0.026 0.019 0.178 0.012 0.027 0.026 0.143 0.203 0.044
229 L 0.047 0.022 0.015 0.016 0.015 0.015 0.02 0.023 0.011 0.113 0.253 0.024 0.038 0.135 0.014 0.026 0.035 0.009 0.038 0.131
230 L 0.044 0.022 0.014 0.016 0.016 0.015 0.019 0.021 0.01 0.156 0.33 0.025 0.046 0.051 0.014 0.024 0.034 0.007 0.022 0.115
231 S 0.108 0.04 0.053 0.048 0.017 0.033 0.052 0.065 0.019 0.029 0.041 0.053 0.015 0.021 0.029 0.231 0.081 0.005 0.017 0.041
232 S 0.132 0.038 0.05 0.046 0.018 0.032 0.05 0.067 0.018 0.031 0.043 0.052 0.016 0.021 0.029 0.213 0.077 0.005 0.017 0.045
233 T 0.062 0.028 0.03 0.027 0.016 0.02 0.03 0.034 0.013 0.082 0.092 0.033 0.024 0.119 0.02 0.06 0.147 0.008 0.036 0.118
234 A 0.179 0.025 0.02 0.023 0.019 0.02 0.03 0.05 0.011 0.132 0.103 0.034 0.025 0.03 0.022 0.056 0.047 0.005 0.019 0.147
235 L 0.044 0.024 0.014 0.015 0.016 0.016 0.02 0.021 0.01 0.114 0.385 0.025 0.049 0.054 0.014 0.024 0.033 0.007 0.022 0.095
236 P 0.05 0.19 0.031 0.031 0.009 0.034 0.044 0.034 0.018 0.024 0.041 0.08 0.013 0.015 0.26 0.044 0.035 0.004 0.015 0.031
237 F 0.071 0.029 0.035 0.032 0.014 0.022 0.035 0.045 0.018 0.046 0.077 0.036 0.02 0.208 0.02 0.128 0.053 0.011 0.052 0.048
238 I 0.052 0.018 0.015 0.017 0.017 0.014 0.019 0.021 0.009 0.252 0.156 0.024 0.035 0.041 0.015 0.027 0.042 0.006 0.02 0.2
239 L 0.044 0.024 0.014 0.015 0.016 0.016 0.02 0.021 0.01 0.114 0.385 0.025 0.049 0.054 0.014 0.024 0.033 0.007 0.022 0.095
240 P 0.056 0.033 0.104 0.045 0.012 0.025 0.04 0.045 0.018 0.031 0.042 0.045 0.013 0.017 0.262 0.062 0.094 0.004 0.015 0.039
241 G 0.074 0.06 0.044 0.042 0.011 0.083 0.062 0.166 0.02 0.025 0.04 0.116 0.015 0.017 0.025 0.097 0.047 0.005 0.016 0.033
242 I 0.043 0.018 0.015 0.017 0.015 0.012 0.018 0.021 0.011 0.227 0.152 0.022 0.033 0.132 0.013 0.025 0.036 0.009 0.037 0.144
243 S 0.128 0.036 0.048 0.044 0.017 0.03 0.047 0.123 0.018 0.03 0.042 0.05 0.015 0.02 0.028 0.19 0.07 0.005 0.016 0.042
244 F 0.036 0.02 0.016 0.016 0.012 0.012 0.019 0.024 0.015 0.075 0.181 0.02 0.031 0.31 0.011 0.025 0.027 0.014 0.071 0.064
245 L 0.056 0.027 0.023 0.022 0.015 0.022 0.025 0.148 0.014 0.083 0.2 0.032 0.101 0.041 0.016 0.036 0.035 0.007 0.02 0.075
246 G 0.085 0.027 0.042 0.037 0.012 0.022 0.032 0.404 0.015 0.021 0.031 0.038 0.011 0.017 0.021 0.096 0.042 0.005 0.012 0.028
247 V 0.058 0.02 0.015 0.017 0.017 0.015 0.02 0.022 0.008 0.222 0.147 0.024 0.034 0.039 0.015 0.029 0.044 0.006 0.02 0.227
248 G 0.133 0.025 0.035 0.032 0.013 0.02 0.029 0.407 0.014 0.025 0.036 0.036 0.011 0.017 0.021 0.059 0.034 0.005 0.012 0.035
249 D 0.109 0.04 0.051 0.222 0.011 0.078 0.08 0.052 0.02 0.028 0.04 0.055 0.014 0.016 0.024 0.06 0.04 0.005 0.015 0.038
250 Y 0.04 0.028 0.021 0.018 0.009 0.021 0.028 0.025 0.046 0.043 0.067 0.031 0.018 0.129 0.015 0.031 0.028 0.028 0.328 0.046
251 A 0.301 0.031 0.025 0.029 0.021 0.025 0.04 0.077 0.015 0.043 0.059 0.044 0.017 0.021 0.029 0.084 0.049 0.005 0.017 0.068
252 L 0.048 0.026 0.017 0.018 0.016 0.021 0.023 0.024 0.013 0.148 0.234 0.03 0.108 0.048 0.015 0.03 0.038 0.007 0.022 0.113
253 G 0.093 0.031 0.046 0.041 0.014 0.026 0.038 0.291 0.016 0.024 0.035 0.043 0.012 0.018 0.024 0.141 0.055 0.005 0.014 0.033
254 G 0.077 0.023 0.039 0.033 0.011 0.019 0.025 0.517 0.013 0.019 0.028 0.033 0.009 0.016 0.019 0.051 0.029 0.005 0.011 0.024
255 Y 0.04 0.028 0.021 0.018 0.009 0.021 0.028 0.025 0.046 0.043 0.067 0.031 0.018 0.129 0.015 0.031 0.028 0.028 0.328 0.046
256 V 0.069 0.022 0.016 0.018 0.019 0.016 0.023 0.024 0.008 0.162 0.128 0.026 0.031 0.035 0.016 0.032 0.049 0.005 0.02 0.28
257 D 0.044 0.034 0.061 0.327 0.007 0.038 0.144 0.043 0.02 0.022 0.03 0.052 0.01 0.015 0.023 0.052 0.035 0.004 0.012 0.026
258 G 0.085 0.027 0.042 0.037 0.012 0.022 0.032 0.404 0.015 0.021 0.031 0.038 0.011 0.017 0.021 0.096 0.042 0.005 0.012 0.028
259 G 0.081 0.026 0.031 0.029 0.016 0.021 0.031 0.158 0.012 0.093 0.081 0.034 0.022 0.027 0.02 0.087 0.052 0.005 0.017 0.156
260 W 0.031 0.021 0.015 0.015 0.008 0.014 0.021 0.029 0.015 0.038 0.067 0.021 0.017 0.144 0.008 0.023 0.023 0.379 0.072 0.036
261 A 0.204 0.035 0.039 0.039 0.019 0.029 0.046 0.071 0.017 0.036 0.05 0.049 0.016 0.021 0.029 0.158 0.065 0.005 0.017 0.055
262 D 0.109 0.038 0.115 0.152 0.011 0.038 0.121 0.055 0.022 0.027 0.038 0.054 0.013 0.018 0.024 0.065 0.042 0.005 0.015 0.037
263 A 0.18 0.028 0.027 0.028 0.019 0.023 0.034 0.054 0.013 0.105 0.087 0.039 0.023 0.027 0.025 0.071 0.099 0.006 0.018 0.095
264 P 0.082 0.032 0.038 0.039 0.014 0.027 0.044 0.05 0.016 0.027 0.038 0.047 0.013 0.017 0.265 0.137 0.058 0.004 0.015 0.036
265 T 0.057 0.036 0.12 0.141 0.013 0.029 0.054 0.049 0.019 0.037 0.047 0.047 0.015 0.02 0.024 0.076 0.15 0.005 0.015 0.048
266 D 0.041 0.037 0.197 0.244 0.008 0.031 0.069 0.055 0.025 0.022 0.029 0.049 0.01 0.016 0.021 0.06 0.042 0.004 0.013 0.025
267 L 0.067 0.031 0.031 0.029 0.017 0.023 0.033 0.038 0.013 0.077 0.219 0.037 0.033 0.038 0.021 0.093 0.101 0.006 0.02 0.075
268 N 0.042 0.044 0.327 0.082 0.009 0.033 0.049 0.064 0.031 0.022 0.031 0.053 0.011 0.018 0.02 0.069 0.049 0.004 0.015 0.027
269 T 0.072 0.035 0.043 0.037 0.018 0.027 0.039 0.043 0.014 0.053 0.064 0.045 0.019 0.023 0.027 0.091 0.258 0.006 0.018 0.07
270 L 0.048 0.043 0.021 0.022 0.014 0.024 0.032 0.026 0.012 0.134 0.244 0.09 0.037 0.042 0.017 0.031 0.036 0.006 0.02 0.099
271 G 0.094 0.023 0.029 0.027 0.014 0.019 0.025 0.277 0.013 0.097 0.087 0.032 0.037 0.027 0.019 0.046 0.036 0.006 0.016 0.075
272 V 0.063 0.022 0.016 0.017 0.018 0.016 0.022 0.023 0.009 0.15 0.192 0.026 0.036 0.04 0.016 0.03 0.045 0.006 0.021 0.233
273 F 0.173 0.026 0.024 0.026 0.016 0.02 0.032 0.054 0.016 0.05 0.08 0.034 0.02 0.177 0.021 0.072 0.042 0.01 0.047 0.06
274 F 0.039 0.022 0.017 0.017 0.012 0.015 0.021 0.023 0.021 0.098 0.176 0.024 0.031 0.2 0.013 0.026 0.029 0.016 0.123 0.077
275 L 0.051 0.02 0.015 0.017 0.017 0.015 0.019 0.021 0.009 0.21 0.211 0.024 0.038 0.044 0.015 0.026 0.04 0.006 0.021 0.181
276 R 0.067 0.196 0.043 0.037 0.013 0.039 0.048 0.043 0.02 0.032 0.049 0.084 0.016 0.02 0.024 0.103 0.102 0.006 0.017 0.043
277 R 0.043 0.199 0.183 0.056 0.008 0.04 0.05 0.048 0.027 0.023 0.038 0.086 0.013 0.017 0.02 0.056 0.042 0.005 0.016 0.029
278 L 0.065 0.027 0.027 0.025 0.015 0.022 0.028 0.153 0.013 0.082 0.173 0.033 0.064 0.036 0.018 0.06 0.042 0.006 0.019 0.093
279 L 0.044 0.024 0.014 0.015 0.016 0.016 0.02 0.021 0.01 0.114 0.385 0.025 0.049 0.054 0.014 0.024 0.033 0.007 0.022 0.095
280 G 0.066 0.047 0.041 0.04 0.01 0.122 0.063 0.279 0.021 0.022 0.037 0.062 0.015 0.015 0.021 0.053 0.035 0.006 0.015 0.029
281 L 0.042 0.021 0.015 0.016 0.015 0.014 0.019 0.022 0.011 0.143 0.262 0.023 0.04 0.137 0.013 0.024 0.033 0.009 0.038 0.104
282 G 0.104 0.027 0.032 0.03 0.016 0.022 0.032 0.164 0.013 0.08 0.119 0.036 0.023 0.029 0.021 0.091 0.048 0.006 0.017 0.09
283 L 0.13 0.029 0.027 0.027 0.018 0.023 0.034 0.047 0.013 0.087 0.153 0.037 0.028 0.033 0.022 0.093 0.053 0.006 0.019 0.121
284 L 0.043 0.023 0.014 0.015 0.015 0.015 0.02 0.021 0.011 0.107 0.351 0.024 0.046 0.097 0.014 0.024 0.032 0.008 0.03 0.09
285 V 0.054 0.02 0.016 0.017 0.016 0.014 0.021 0.023 0.01 0.167 0.134 0.023 0.031 0.127 0.014 0.029 0.04 0.008 0.037 0.197
286 L 0.039 0.021 0.015 0.016 0.013 0.013 0.019 0.023 0.013 0.088 0.249 0.022 0.037 0.225 0.012 0.024 0.029 0.012 0.055 0.074
287 F 0.037 0.023 0.019 0.018 0.01 0.016 0.023 0.025 0.031 0.053 0.09 0.025 0.022 0.262 0.013 0.028 0.026 0.022 0.208 0.05
288 L 0.044 0.024 0.014 0.015 0.016 0.016 0.02 0.021 0.01 0.114 0.385 0.025 0.049 0.054 0.014 0.024 0.033 0.007 0.022 0.095
289 L 0.048 0.128 0.029 0.027 0.011 0.035 0.042 0.031 0.018 0.059 0.133 0.116 0.06 0.076 0.019 0.039 0.036 0.008 0.028 0.057
290 D 0.057 0.032 0.064 0.317 0.01 0.03 0.08 0.051 0.019 0.024 0.031 0.046 0.011 0.016 0.024 0.096 0.046 0.004 0.013 0.028
291 K 0.053 0.168 0.04 0.038 0.008 0.051 0.065 0.04 0.021 0.026 0.043 0.246 0.015 0.016 0.025 0.051 0.038 0.005 0.017 0.032
292 N 0.058 0.056 0.185 0.061 0.01 0.036 0.051 0.116 0.025 0.024 0.035 0.11 0.012 0.017 0.023 0.083 0.048 0.005 0.015 0.03
293 E 0.068 0.061 0.043 0.067 0.01 0.053 0.184 0.044 0.023 0.025 0.039 0.123 0.014 0.017 0.027 0.098 0.048 0.005 0.017 0.034
294 V 0.059 0.025 0.018 0.018 0.016 0.019 0.025 0.025 0.019 0.122 0.124 0.029 0.052 0.061 0.016 0.033 0.042 0.011 0.098 0.19
295 P 0.049 0.046 0.036 0.123 0.01 0.03 0.054 0.036 0.015 0.047 0.123 0.1 0.021 0.024 0.141 0.043 0.036 0.005 0.016 0.045
296 G 0.062 0.033 0.028 0.029 0.014 0.069 0.042 0.151 0.015 0.122 0.092 0.043 0.024 0.027 0.018 0.041 0.039 0.006 0.018 0.128
297 I 0.043 0.018 0.015 0.017 0.015 0.012 0.018 0.021 0.011 0.227 0.152 0.022 0.033 0.132 0.013 0.025 0.036 0.009 0.037 0.144
298 D 0.04 0.029 0.068 0.406 0.007 0.029 0.09 0.046 0.018 0.022 0.028 0.044 0.009 0.015 0.022 0.051 0.035 0.004 0.011 0.024
299 R 0.043 0.277 0.11 0.043 0.008 0.044 0.051 0.04 0.025 0.023 0.042 0.102 0.014 0.017 0.019 0.05 0.038 0.005 0.017 0.03
300 F 0.1 0.022 0.019 0.02 0.013 0.014 0.024 0.038 0.016 0.057 0.099 0.025 0.023 0.302 0.015 0.04 0.031 0.014 0.07 0.058
301 L 0.044 0.022 0.014 0.016 0.016 0.015 0.019 0.021 0.01 0.156 0.33 0.025 0.046 0.051 0.014 0.024 0.034 0.007 0.022 0.115
302 C 0.053 0.03 0.172 0.049 0.25 0.023 0.032 0.048 0.02 0.033 0.048 0.037 0.014 0.019 0.018 0.054 0.042 0.004 0.014 0.041
303 L 0.042 0.022 0.015 0.016 0.015 0.014 0.019 0.022 0.011 0.122 0.289 0.023 0.041 0.138 0.013 0.024 0.032 0.009 0.038 0.095
304 F 0.045 0.019 0.016 0.017 0.014 0.013 0.019 0.024 0.013 0.142 0.13 0.022 0.029 0.218 0.013 0.027 0.034 0.011 0.054 0.141
305 I 0.046 0.017 0.014 0.017 0.016 0.013 0.017 0.02 0.009 0.282 0.165 0.023 0.036 0.044 0.014 0.025 0.039 0.006 0.02 0.174
306 P 0.056 0.025 0.023 0.031 0.01 0.02 0.036 0.036 0.013 0.025 0.036 0.041 0.01 0.013 0.501 0.043 0.036 0.003 0.013 0.031
307 A 0.177 0.025 0.02 0.022 0.137 0.02 0.029 0.052 0.012 0.061 0.141 0.033 0.025 0.029 0.022 0.058 0.042 0.005 0.017 0.072
308 C 0.077 0.027 0.032 0.029 0.254 0.021 0.031 0.043 0.012 0.042 0.058 0.035 0.017 0.021 0.022 0.101 0.103 0.005 0.015 0.056
309 F 0.033 0.019 0.017 0.017 0.01 0.01 0.019 0.025 0.017 0.062 0.113 0.019 0.025 0.396 0.01 0.025 0.025 0.017 0.087 0.054
310 L 0.045 0.021 0.014 0.016 0.016 0.015 0.019 0.021 0.009 0.198 0.275 0.024 0.043 0.049 0.014 0.024 0.036 0.006 0.021 0.134
311 L 0.057 0.032 0.026 0.024 0.016 0.028 0.03 0.031 0.015 0.087 0.161 0.038 0.135 0.041 0.019 0.05 0.094 0.007 0.022 0.086
312 S 0.156 0.037 0.046 0.043 0.018 0.031 0.049 0.068 0.018 0.033 0.046 0.051 0.016 0.021 0.029 0.195 0.073 0.005 0.017 0.048
313 L 0.054 0.021 0.015 0.017 0.017 0.015 0.02 0.022 0.009 0.195 0.206 0.025 0.037 0.043 0.015 0.027 0.041 0.006 0.021 0.194
314 S 0.108 0.04 0.053 0.048 0.017 0.033 0.052 0.065 0.019 0.029 0.041 0.053 0.015 0.021 0.029 0.231 0.081 0.005 0.017 0.041
315 F 0.037 0.023 0.019 0.018 0.01 0.016 0.023 0.025 0.031 0.053 0.09 0.025 0.022 0.262 0.013 0.028 0.026 0.022 0.208 0.05
316 T 0.081 0.036 0.045 0.04 0.017 0.029 0.042 0.048 0.015 0.047 0.058 0.047 0.018 0.023 0.028 0.126 0.213 0.006 0.017 0.063
317 A 0.301 0.031 0.025 0.029 0.021 0.025 0.04 0.077 0.015 0.043 0.059 0.044 0.017 0.021 0.029 0.084 0.049 0.005 0.017 0.068
318 L 0.049 0.024 0.017 0.017 0.015 0.018 0.022 0.025 0.013 0.109 0.205 0.026 0.07 0.133 0.014 0.029 0.037 0.009 0.038 0.13
319 G 0.057 0.053 0.113 0.052 0.009 0.126 0.069 0.166 0.026 0.023 0.038 0.067 0.015 0.016 0.021 0.057 0.04 0.005 0.017 0.03
