#Seq2Logo.py -f /work3/idamei/ssn-clusterings/clustering/2205111239/clusters/0028_95/sequences.afa -o /work3/idamei/ssn-clusterings/clustering/2205111239/clusters/0028_95/sequences.logo
#Position Specific Frequency Matrix
A R N D C Q E G H I L K M F P S T W Y V
0 M 0.048 0.03 0.018 0.018 0.015 0.026 0.026 0.026 0.015 0.092 0.181 0.033 0.228 0.044 0.015 0.033 0.037 0.007 0.022 0.085
1 L 0.057 0.079 0.05 0.036 0.012 0.034 0.072 0.064 0.018 0.079 0.117 0.065 0.022 0.031 0.024 0.082 0.042 0.006 0.037 0.072
2 L 0.076 0.039 0.051 0.038 0.013 0.03 0.076 0.038 0.015 0.09 0.131 0.077 0.024 0.028 0.021 0.076 0.072 0.005 0.017 0.084
3 Y 0.041 0.028 0.022 0.019 0.009 0.022 0.028 0.025 0.047 0.044 0.069 0.031 0.019 0.131 0.016 0.031 0.028 0.028 0.315 0.047
4 N 0.043 0.045 0.314 0.083 0.009 0.034 0.05 0.065 0.032 0.023 0.032 0.054 0.011 0.018 0.02 0.07 0.05 0.005 0.016 0.027
5 R 0.045 0.343 0.039 0.031 0.008 0.049 0.052 0.033 0.023 0.023 0.047 0.121 0.016 0.017 0.019 0.045 0.035 0.006 0.017 0.031
6 K 0.057 0.108 0.042 0.042 0.009 0.054 0.071 0.043 0.021 0.028 0.043 0.275 0.016 0.016 0.028 0.054 0.04 0.005 0.017 0.033
7 L 0.045 0.024 0.014 0.015 0.016 0.016 0.02 0.021 0.01 0.116 0.373 0.025 0.05 0.055 0.014 0.024 0.034 0.007 0.022 0.097
8 L 0.052 0.032 0.02 0.02 0.016 0.028 0.028 0.028 0.016 0.101 0.198 0.036 0.157 0.048 0.016 0.036 0.04 0.008 0.024 0.093
9 L 0.045 0.024 0.014 0.015 0.016 0.016 0.02 0.021 0.01 0.116 0.373 0.025 0.05 0.055 0.014 0.024 0.034 0.007 0.022 0.097
10 E 0.055 0.05 0.041 0.091 0.007 0.065 0.294 0.035 0.026 0.022 0.037 0.076 0.013 0.017 0.026 0.055 0.037 0.006 0.017 0.031
11 I 0.047 0.018 0.015 0.018 0.016 0.013 0.018 0.021 0.009 0.268 0.169 0.024 0.037 0.044 0.015 0.025 0.04 0.006 0.021 0.177
12 S 0.11 0.04 0.054 0.049 0.018 0.033 0.053 0.067 0.019 0.03 0.042 0.054 0.016 0.021 0.03 0.217 0.082 0.005 0.018 0.042
13 I 0.047 0.018 0.015 0.018 0.016 0.013 0.018 0.021 0.009 0.268 0.169 0.024 0.037 0.044 0.015 0.025 0.04 0.006 0.021 0.177
14 L 0.045 0.024 0.014 0.015 0.016 0.016 0.02 0.021 0.01 0.116 0.373 0.025 0.05 0.055 0.014 0.024 0.034 0.007 0.022 0.097
15 K 0.061 0.098 0.072 0.034 0.045 0.033 0.044 0.038 0.046 0.038 0.094 0.126 0.018 0.029 0.055 0.045 0.035 0.006 0.042 0.041
16 L 0.057 0.042 0.094 0.045 0.012 0.033 0.068 0.042 0.053 0.049 0.121 0.069 0.038 0.028 0.021 0.083 0.066 0.006 0.021 0.05
17 L 0.05 0.041 0.026 0.027 0.013 0.049 0.04 0.031 0.015 0.066 0.184 0.07 0.029 0.079 0.079 0.042 0.063 0.007 0.027 0.062
18 Y 0.04 0.028 0.022 0.019 0.009 0.022 0.028 0.025 0.046 0.043 0.068 0.031 0.019 0.13 0.016 0.031 0.028 0.028 0.321 0.046
19 G 0.069 0.033 0.041 0.088 0.013 0.03 0.077 0.103 0.016 0.07 0.074 0.045 0.037 0.025 0.022 0.098 0.075 0.005 0.017 0.061
20 G 0.072 0.033 0.04 0.036 0.012 0.027 0.041 0.124 0.079 0.028 0.042 0.043 0.014 0.038 0.102 0.106 0.047 0.009 0.074 0.034
21 L 0.063 0.08 0.029 0.026 0.093 0.024 0.031 0.115 0.014 0.057 0.159 0.046 0.026 0.03 0.018 0.069 0.041 0.006 0.017 0.057
22 L 0.057 0.092 0.029 0.028 0.012 0.025 0.036 0.036 0.016 0.051 0.124 0.051 0.023 0.1 0.115 0.073 0.042 0.007 0.031 0.05
23 G 0.093 0.031 0.046 0.041 0.014 0.026 0.039 0.29 0.016 0.024 0.035 0.044 0.012 0.018 0.024 0.139 0.055 0.005 0.014 0.033
24 G 0.066 0.031 0.048 0.128 0.013 0.026 0.049 0.162 0.015 0.037 0.046 0.042 0.014 0.019 0.024 0.072 0.143 0.005 0.014 0.047
25 L 0.053 0.041 0.099 0.04 0.013 0.072 0.049 0.038 0.02 0.082 0.147 0.049 0.028 0.031 0.018 0.045 0.043 0.006 0.02 0.108
26 P 0.079 0.037 0.113 0.053 0.013 0.03 0.047 0.058 0.021 0.027 0.038 0.05 0.013 0.018 0.144 0.141 0.062 0.004 0.016 0.035
27 A 0.166 0.095 0.036 0.034 0.016 0.03 0.042 0.154 0.017 0.031 0.046 0.059 0.015 0.019 0.025 0.099 0.049 0.005 0.016 0.046
28 P 0.07 0.036 0.111 0.05 0.014 0.029 0.044 0.052 0.019 0.033 0.043 0.048 0.014 0.019 0.144 0.108 0.105 0.005 0.016 0.042
29 L 0.052 0.029 0.026 0.024 0.014 0.022 0.029 0.03 0.023 0.07 0.171 0.034 0.029 0.069 0.019 0.049 0.104 0.014 0.121 0.071
30 G 0.136 0.024 0.027 0.027 0.014 0.018 0.028 0.206 0.015 0.042 0.067 0.032 0.017 0.143 0.02 0.053 0.035 0.009 0.039 0.049
31 P 0.052 0.048 0.04 0.051 0.008 0.086 0.123 0.037 0.107 0.024 0.039 0.063 0.015 0.019 0.141 0.049 0.035 0.005 0.027 0.03
32 P 0.102 0.051 0.091 0.054 0.011 0.039 0.1 0.051 0.021 0.028 0.041 0.1 0.013 0.017 0.12 0.061 0.042 0.005 0.016 0.038
33 E 0.056 0.037 0.032 0.052 0.012 0.038 0.141 0.034 0.017 0.047 0.111 0.052 0.021 0.025 0.118 0.054 0.08 0.005 0.017 0.051
34 G 0.159 0.027 0.039 0.106 0.014 0.023 0.044 0.247 0.015 0.029 0.04 0.04 0.012 0.018 0.024 0.064 0.038 0.005 0.013 0.042
35 L 0.063 0.024 0.023 0.023 0.017 0.018 0.026 0.03 0.011 0.173 0.177 0.03 0.034 0.039 0.018 0.067 0.048 0.006 0.02 0.153
36 R 0.056 0.167 0.102 0.046 0.01 0.04 0.051 0.046 0.092 0.024 0.04 0.078 0.014 0.021 0.021 0.086 0.045 0.006 0.025 0.03
37 R 0.047 0.171 0.029 0.027 0.011 0.035 0.042 0.03 0.017 0.094 0.137 0.115 0.026 0.029 0.019 0.038 0.036 0.006 0.019 0.073
38 G 0.106 0.025 0.027 0.027 0.016 0.019 0.029 0.122 0.013 0.1 0.089 0.033 0.022 0.089 0.02 0.075 0.045 0.007 0.029 0.107
39 P 0.072 0.028 0.031 0.032 0.014 0.022 0.036 0.042 0.015 0.055 0.066 0.039 0.018 0.083 0.182 0.102 0.051 0.006 0.028 0.08
40 A 0.137 0.052 0.035 0.034 0.015 0.033 0.046 0.122 0.017 0.041 0.066 0.114 0.038 0.022 0.025 0.085 0.046 0.006 0.017 0.051
41 R 0.084 0.13 0.026 0.026 0.013 0.031 0.038 0.035 0.015 0.115 0.13 0.092 0.026 0.03 0.02 0.042 0.038 0.006 0.019 0.086
42 R 0.068 0.121 0.1 0.048 0.009 0.041 0.079 0.044 0.059 0.024 0.039 0.117 0.013 0.017 0.073 0.053 0.038 0.005 0.02 0.031
43 R 0.073 0.124 0.088 0.084 0.012 0.031 0.045 0.078 0.018 0.034 0.068 0.06 0.016 0.02 0.021 0.073 0.093 0.005 0.015 0.042
44 L 0.042 0.021 0.014 0.015 0.014 0.014 0.019 0.021 0.01 0.132 0.3 0.022 0.039 0.113 0.013 0.024 0.032 0.008 0.031 0.118
45 G 0.079 0.023 0.039 0.034 0.011 0.019 0.026 0.508 0.014 0.019 0.028 0.034 0.009 0.016 0.019 0.052 0.03 0.005 0.011 0.024
46 G 0.079 0.023 0.039 0.034 0.011 0.019 0.026 0.508 0.014 0.019 0.028 0.034 0.009 0.016 0.019 0.052 0.03 0.005 0.011 0.024
47 G 0.095 0.022 0.022 0.021 0.012 0.015 0.023 0.166 0.013 0.052 0.134 0.026 0.022 0.159 0.015 0.038 0.03 0.042 0.04 0.052
48 L 0.075 0.064 0.029 0.035 0.012 0.053 0.079 0.068 0.018 0.073 0.112 0.067 0.022 0.031 0.02 0.068 0.04 0.007 0.04 0.088
49 L 0.047 0.058 0.023 0.021 0.012 0.023 0.027 0.063 0.02 0.074 0.172 0.036 0.026 0.075 0.015 0.047 0.048 0.043 0.108 0.062
50 P 0.097 0.025 0.023 0.025 0.045 0.019 0.03 0.038 0.012 0.06 0.103 0.034 0.02 0.041 0.205 0.07 0.041 0.005 0.018 0.092
51 G 0.074 0.023 0.029 0.027 0.013 0.018 0.026 0.22 0.013 0.088 0.072 0.03 0.018 0.097 0.017 0.072 0.053 0.007 0.027 0.076
52 G 0.099 0.029 0.026 0.026 0.013 0.048 0.034 0.149 0.019 0.049 0.135 0.037 0.022 0.066 0.018 0.056 0.034 0.01 0.081 0.051
53 L 0.042 0.021 0.015 0.016 0.014 0.015 0.019 0.021 0.01 0.16 0.268 0.024 0.061 0.089 0.014 0.027 0.044 0.007 0.027 0.104
54 L 0.04 0.022 0.014 0.014 0.014 0.014 0.019 0.02 0.012 0.11 0.354 0.023 0.041 0.097 0.013 0.023 0.03 0.009 0.047 0.086
55 L 0.037 0.019 0.014 0.015 0.013 0.012 0.018 0.021 0.012 0.125 0.254 0.021 0.035 0.201 0.012 0.023 0.029 0.01 0.044 0.086
56 F 0.041 0.019 0.016 0.016 0.012 0.012 0.019 0.052 0.013 0.091 0.159 0.02 0.028 0.263 0.012 0.026 0.029 0.011 0.054 0.107
57 L 0.052 0.024 0.021 0.02 0.014 0.018 0.023 0.085 0.012 0.093 0.249 0.028 0.066 0.079 0.015 0.056 0.036 0.007 0.025 0.075
58 M 0.099 0.031 0.029 0.028 0.016 0.026 0.034 0.042 0.015 0.079 0.119 0.039 0.124 0.033 0.02 0.119 0.05 0.006 0.019 0.072
59 L 0.043 0.022 0.014 0.015 0.015 0.015 0.019 0.02 0.009 0.145 0.345 0.024 0.057 0.047 0.013 0.024 0.033 0.006 0.02 0.114
60 F 0.07 0.021 0.018 0.019 0.014 0.015 0.022 0.028 0.012 0.093 0.12 0.025 0.026 0.189 0.015 0.037 0.065 0.009 0.043 0.159
61 L 0.078 0.021 0.016 0.017 0.014 0.014 0.021 0.027 0.011 0.095 0.193 0.023 0.03 0.171 0.014 0.031 0.034 0.009 0.04 0.14
62 P 0.052 0.024 0.021 0.028 0.009 0.019 0.033 0.033 0.012 0.024 0.033 0.038 0.009 0.012 0.535 0.04 0.033 0.002 0.012 0.028
63 T 0.079 0.029 0.032 0.029 0.016 0.023 0.032 0.037 0.013 0.081 0.075 0.037 0.021 0.03 0.022 0.069 0.219 0.006 0.037 0.113
64 S 0.119 0.034 0.053 0.035 0.016 0.026 0.038 0.048 0.014 0.071 0.065 0.057 0.019 0.023 0.023 0.123 0.111 0.005 0.017 0.103
65 F 0.054 0.022 0.017 0.017 0.011 0.016 0.022 0.025 0.024 0.076 0.16 0.025 0.026 0.183 0.013 0.028 0.028 0.016 0.174 0.063
66 Q 0.058 0.053 0.056 0.04 0.011 0.153 0.066 0.039 0.021 0.055 0.062 0.078 0.031 0.02 0.021 0.078 0.073 0.005 0.018 0.063
67 P 0.076 0.03 0.03 0.033 0.012 0.038 0.053 0.096 0.015 0.056 0.088 0.041 0.04 0.046 0.134 0.094 0.043 0.005 0.019 0.051
68 L 0.08 0.028 0.019 0.021 0.014 0.059 0.033 0.029 0.012 0.162 0.179 0.035 0.031 0.057 0.016 0.034 0.037 0.006 0.022 0.125
69 K 0.051 0.132 0.038 0.037 0.008 0.049 0.063 0.039 0.019 0.025 0.04 0.312 0.014 0.014 0.025 0.048 0.036 0.005 0.016 0.03
70 G 0.119 0.024 0.023 0.023 0.015 0.019 0.025 0.151 0.012 0.092 0.142 0.031 0.046 0.053 0.018 0.045 0.05 0.006 0.02 0.086
71 V 0.088 0.02 0.019 0.02 0.015 0.015 0.023 0.087 0.01 0.123 0.099 0.026 0.024 0.097 0.045 0.036 0.038 0.007 0.028 0.182
72 L 0.057 0.021 0.014 0.015 0.014 0.014 0.019 0.023 0.011 0.119 0.287 0.023 0.037 0.132 0.013 0.026 0.031 0.008 0.034 0.1
73 L 0.058 0.022 0.014 0.015 0.015 0.015 0.019 0.022 0.009 0.127 0.376 0.024 0.043 0.047 0.014 0.025 0.032 0.006 0.02 0.095
74 L 0.134 0.023 0.021 0.023 0.015 0.018 0.026 0.096 0.012 0.132 0.146 0.03 0.037 0.054 0.018 0.058 0.039 0.006 0.021 0.089
75 L 0.081 0.022 0.016 0.017 0.016 0.016 0.022 0.027 0.009 0.142 0.266 0.026 0.036 0.041 0.016 0.033 0.051 0.006 0.019 0.137
76 V 0.118 0.022 0.018 0.02 0.017 0.017 0.025 0.034 0.01 0.146 0.156 0.029 0.028 0.033 0.047 0.042 0.055 0.005 0.018 0.161
77 L 0.084 0.023 0.018 0.019 0.044 0.017 0.023 0.03 0.01 0.117 0.259 0.027 0.034 0.039 0.016 0.048 0.053 0.006 0.019 0.114
78 L 0.102 0.024 0.021 0.021 0.015 0.017 0.025 0.091 0.012 0.077 0.204 0.029 0.029 0.084 0.017 0.053 0.051 0.007 0.026 0.095
79 V 0.077 0.024 0.024 0.026 0.038 0.02 0.044 0.062 0.012 0.108 0.125 0.031 0.025 0.075 0.018 0.077 0.043 0.006 0.024 0.14
80 L 0.136 0.024 0.021 0.022 0.045 0.018 0.027 0.038 0.01 0.119 0.145 0.031 0.026 0.031 0.02 0.051 0.085 0.005 0.018 0.128
81 L 0.051 0.021 0.017 0.018 0.043 0.016 0.021 0.053 0.01 0.139 0.226 0.025 0.044 0.061 0.015 0.041 0.037 0.006 0.022 0.134
82 L 0.048 0.022 0.038 0.022 0.014 0.016 0.022 0.026 0.011 0.17 0.186 0.027 0.042 0.082 0.015 0.044 0.053 0.007 0.026 0.128
83 Y 0.041 0.028 0.022 0.019 0.009 0.022 0.028 0.025 0.047 0.044 0.069 0.031 0.019 0.131 0.016 0.031 0.028 0.028 0.315 0.047
84 G 0.076 0.067 0.03 0.027 0.013 0.022 0.031 0.123 0.014 0.06 0.118 0.041 0.021 0.073 0.018 0.093 0.055 0.036 0.026 0.053
85 L 0.111 0.03 0.026 0.025 0.045 0.021 0.029 0.065 0.013 0.077 0.125 0.034 0.046 0.077 0.019 0.086 0.059 0.007 0.025 0.082
86 L 0.061 0.022 0.016 0.017 0.049 0.015 0.021 0.027 0.015 0.094 0.213 0.024 0.044 0.155 0.014 0.03 0.032 0.011 0.062 0.078
87 L 0.076 0.083 0.061 0.032 0.012 0.032 0.041 0.039 0.021 0.076 0.115 0.102 0.04 0.04 0.02 0.046 0.038 0.008 0.054 0.065
88 K 0.057 0.107 0.042 0.042 0.009 0.054 0.071 0.043 0.021 0.028 0.043 0.278 0.016 0.016 0.028 0.054 0.04 0.005 0.017 0.033
89 K 0.057 0.107 0.042 0.042 0.009 0.054 0.071 0.043 0.021 0.028 0.043 0.278 0.016 0.016 0.028 0.054 0.04 0.005 0.017 0.033
90 R 0.046 0.2 0.036 0.056 0.009 0.051 0.05 0.065 0.043 0.034 0.089 0.108 0.018 0.021 0.019 0.044 0.049 0.005 0.018 0.038
91 G 0.075 0.074 0.054 0.035 0.01 0.033 0.044 0.183 0.017 0.032 0.047 0.156 0.014 0.04 0.021 0.063 0.037 0.005 0.018 0.041
92 K 0.085 0.098 0.032 0.031 0.011 0.049 0.049 0.067 0.038 0.044 0.071 0.163 0.017 0.02 0.05 0.047 0.036 0.005 0.018 0.069
93 L 0.06 0.02 0.016 0.017 0.013 0.014 0.02 0.054 0.012 0.147 0.176 0.024 0.029 0.089 0.013 0.028 0.032 0.067 0.05 0.117
94 A 0.106 0.084 0.035 0.057 0.012 0.031 0.061 0.072 0.039 0.033 0.063 0.075 0.015 0.025 0.079 0.088 0.041 0.006 0.037 0.042
95 L 0.046 0.02 0.014 0.015 0.015 0.014 0.018 0.02 0.009 0.177 0.265 0.023 0.037 0.065 0.013 0.024 0.035 0.006 0.023 0.159
96 N 0.08 0.064 0.152 0.071 0.01 0.033 0.049 0.078 0.108 0.024 0.035 0.081 0.012 0.019 0.021 0.067 0.039 0.005 0.023 0.029
97 R 0.048 0.207 0.032 0.03 0.009 0.037 0.046 0.033 0.018 0.045 0.068 0.135 0.016 0.018 0.106 0.05 0.04 0.005 0.016 0.041
98 E 0.052 0.056 0.056 0.091 0.01 0.048 0.115 0.036 0.041 0.039 0.066 0.052 0.016 0.026 0.05 0.064 0.082 0.006 0.037 0.055
99 V 0.076 0.023 0.021 0.021 0.016 0.018 0.025 0.058 0.01 0.128 0.158 0.029 0.04 0.033 0.017 0.052 0.071 0.005 0.018 0.179
100 L 0.059 0.022 0.016 0.019 0.014 0.017 0.038 0.024 0.012 0.095 0.265 0.025 0.034 0.141 0.014 0.028 0.032 0.008 0.035 0.102
101 L 0.058 0.042 0.016 0.017 0.018 0.017 0.022 0.025 0.013 0.112 0.233 0.029 0.044 0.112 0.014 0.028 0.032 0.023 0.051 0.095
102 L 0.085 0.021 0.015 0.017 0.013 0.015 0.022 0.03 0.012 0.105 0.164 0.024 0.027 0.108 0.014 0.031 0.032 0.125 0.039 0.101
103 I 0.071 0.024 0.024 0.023 0.014 0.018 0.026 0.062 0.012 0.116 0.086 0.029 0.022 0.078 0.017 0.067 0.083 0.094 0.032 0.103
104 L 0.043 0.022 0.016 0.017 0.014 0.015 0.019 0.051 0.01 0.12 0.313 0.024 0.038 0.088 0.014 0.027 0.046 0.007 0.026 0.09
105 F 0.094 0.022 0.021 0.021 0.013 0.015 0.024 0.063 0.014 0.072 0.119 0.026 0.023 0.232 0.016 0.052 0.048 0.01 0.049 0.066
106 F 0.041 0.023 0.019 0.018 0.011 0.017 0.023 0.025 0.023 0.077 0.126 0.026 0.035 0.155 0.014 0.033 0.059 0.044 0.154 0.076
107 S 0.086 0.032 0.053 0.035 0.015 0.038 0.039 0.044 0.015 0.092 0.074 0.042 0.031 0.024 0.051 0.129 0.096 0.005 0.017 0.082
108 C 0.106 0.024 0.023 0.023 0.128 0.018 0.026 0.065 0.011 0.063 0.126 0.03 0.022 0.062 0.019 0.071 0.068 0.006 0.021 0.087
109 L 0.053 0.022 0.018 0.018 0.015 0.016 0.022 0.024 0.013 0.149 0.177 0.026 0.031 0.067 0.015 0.043 0.053 0.008 0.06 0.171
110 G 0.073 0.022 0.037 0.032 0.01 0.018 0.025 0.525 0.013 0.018 0.027 0.032 0.009 0.015 0.018 0.06 0.03 0.005 0.01 0.023
111 L 0.079 0.022 0.017 0.018 0.015 0.016 0.022 0.056 0.01 0.115 0.277 0.026 0.035 0.063 0.016 0.034 0.049 0.006 0.022 0.1
112 F 0.079 0.022 0.019 0.019 0.014 0.015 0.023 0.054 0.013 0.076 0.169 0.025 0.038 0.192 0.015 0.046 0.034 0.01 0.043 0.094
113 W 0.036 0.023 0.019 0.018 0.008 0.029 0.025 0.085 0.018 0.036 0.063 0.025 0.017 0.162 0.011 0.027 0.024 0.245 0.094 0.035
114 S 0.088 0.028 0.031 0.029 0.016 0.022 0.033 0.041 0.013 0.112 0.105 0.036 0.034 0.029 0.021 0.131 0.081 0.005 0.018 0.128
115 L 0.043 0.021 0.015 0.016 0.014 0.014 0.019 0.022 0.01 0.124 0.268 0.023 0.036 0.13 0.013 0.027 0.046 0.008 0.033 0.117
116 Y 0.043 0.046 0.024 0.021 0.011 0.021 0.028 0.027 0.048 0.063 0.085 0.034 0.02 0.075 0.016 0.037 0.072 0.071 0.193 0.067
117 G 0.101 0.022 0.035 0.031 0.011 0.018 0.025 0.5 0.013 0.02 0.029 0.032 0.009 0.015 0.018 0.05 0.029 0.005 0.011 0.027
118 L 0.115 0.029 0.026 0.033 0.015 0.026 0.081 0.039 0.016 0.067 0.141 0.038 0.024 0.055 0.02 0.082 0.048 0.007 0.04 0.099
119 L 0.063 0.04 0.016 0.017 0.014 0.016 0.021 0.025 0.011 0.142 0.188 0.028 0.031 0.103 0.014 0.029 0.034 0.035 0.034 0.14
120 T 0.073 0.036 0.043 0.038 0.018 0.028 0.039 0.043 0.014 0.053 0.065 0.045 0.02 0.024 0.028 0.093 0.246 0.006 0.018 0.071
121 N 0.06 0.099 0.156 0.048 0.01 0.058 0.063 0.043 0.023 0.04 0.075 0.073 0.017 0.025 0.019 0.05 0.039 0.006 0.035 0.059
122 G 0.095 0.026 0.077 0.08 0.011 0.021 0.035 0.365 0.015 0.021 0.03 0.036 0.01 0.016 0.019 0.065 0.034 0.005 0.011 0.028
123 N 0.126 0.037 0.229 0.06 0.012 0.03 0.059 0.061 0.023 0.027 0.038 0.048 0.013 0.018 0.022 0.08 0.06 0.004 0.015 0.038
124 V 0.07 0.022 0.016 0.018 0.019 0.016 0.023 0.025 0.008 0.165 0.13 0.026 0.032 0.036 0.016 0.033 0.049 0.006 0.021 0.269
125 I 0.047 0.018 0.015 0.018 0.016 0.013 0.018 0.021 0.009 0.271 0.168 0.024 0.037 0.044 0.015 0.025 0.04 0.006 0.021 0.177
126 P 0.07 0.025 0.023 0.029 0.01 0.02 0.034 0.036 0.012 0.026 0.042 0.038 0.011 0.013 0.473 0.055 0.036 0.003 0.012 0.032
127 G 0.07 0.021 0.035 0.03 0.01 0.017 0.024 0.523 0.014 0.019 0.028 0.031 0.009 0.02 0.017 0.046 0.027 0.006 0.029 0.023
128 A 0.316 0.028 0.023 0.026 0.019 0.023 0.035 0.066 0.015 0.055 0.06 0.039 0.017 0.026 0.026 0.072 0.044 0.006 0.035 0.067
129 L 0.049 0.023 0.018 0.018 0.015 0.017 0.022 0.024 0.012 0.123 0.261 0.026 0.046 0.067 0.015 0.042 0.05 0.008 0.042 0.126
130 R 0.068 0.229 0.035 0.032 0.01 0.049 0.048 0.038 0.019 0.026 0.045 0.095 0.015 0.038 0.074 0.081 0.04 0.005 0.019 0.033
131 V 0.065 0.026 0.021 0.022 0.017 0.032 0.029 0.028 0.01 0.12 0.123 0.031 0.038 0.031 0.017 0.061 0.061 0.005 0.019 0.244
132 L 0.082 0.028 0.03 0.028 0.016 0.022 0.031 0.066 0.013 0.08 0.181 0.035 0.038 0.032 0.02 0.117 0.076 0.006 0.018 0.082
133 T 0.071 0.033 0.04 0.035 0.016 0.026 0.037 0.042 0.013 0.048 0.076 0.042 0.019 0.023 0.025 0.113 0.257 0.005 0.017 0.062
134 V 0.063 0.02 0.015 0.016 0.017 0.015 0.021 0.022 0.008 0.16 0.121 0.024 0.029 0.033 0.015 0.03 0.045 0.005 0.019 0.32
135 Y 0.041 0.029 0.039 0.022 0.011 0.023 0.028 0.026 0.049 0.061 0.122 0.032 0.097 0.078 0.015 0.032 0.031 0.016 0.19 0.059
136 L 0.066 0.021 0.016 0.017 0.015 0.015 0.021 0.025 0.01 0.144 0.181 0.024 0.031 0.1 0.015 0.032 0.051 0.007 0.029 0.18
137 L 0.051 0.02 0.014 0.015 0.016 0.014 0.019 0.021 0.009 0.149 0.222 0.023 0.034 0.082 0.014 0.026 0.037 0.007 0.026 0.201
138 W 0.032 0.023 0.016 0.015 0.008 0.016 0.023 0.026 0.026 0.033 0.055 0.024 0.015 0.083 0.01 0.024 0.023 0.32 0.194 0.034
139 P 0.052 0.024 0.021 0.028 0.009 0.019 0.033 0.033 0.012 0.024 0.033 0.038 0.009 0.012 0.535 0.04 0.033 0.002 0.012 0.028
140 L 0.093 0.021 0.016 0.018 0.015 0.016 0.022 0.03 0.01 0.163 0.208 0.026 0.032 0.041 0.015 0.034 0.042 0.061 0.023 0.114
141 L 0.049 0.02 0.014 0.015 0.016 0.014 0.019 0.021 0.009 0.156 0.254 0.023 0.036 0.063 0.014 0.025 0.037 0.006 0.023 0.187
142 F 0.033 0.02 0.017 0.016 0.009 0.013 0.02 0.023 0.024 0.052 0.092 0.021 0.021 0.337 0.011 0.025 0.024 0.019 0.174 0.048
143 L 0.051 0.023 0.019 0.019 0.068 0.016 0.022 0.08 0.01 0.079 0.241 0.027 0.041 0.057 0.042 0.035 0.061 0.006 0.021 0.082
144 L 0.06 0.019 0.014 0.016 0.042 0.014 0.019 0.024 0.01 0.167 0.219 0.023 0.033 0.103 0.014 0.027 0.034 0.007 0.029 0.128
145 L 0.039 0.021 0.014 0.015 0.013 0.014 0.019 0.021 0.013 0.09 0.29 0.022 0.036 0.175 0.012 0.023 0.029 0.01 0.058 0.087
146 I 0.117 0.025 0.025 0.026 0.016 0.019 0.029 0.045 0.012 0.134 0.093 0.032 0.023 0.071 0.02 0.094 0.064 0.006 0.024 0.124
147 V 0.091 0.024 0.025 0.025 0.015 0.019 0.027 0.117 0.012 0.103 0.105 0.031 0.033 0.071 0.018 0.068 0.069 0.006 0.023 0.117
148 E 0.055 0.05 0.041 0.09 0.007 0.065 0.295 0.035 0.026 0.022 0.037 0.076 0.013 0.017 0.026 0.055 0.037 0.006 0.017 0.031
149 G 0.076 0.027 0.028 0.026 0.04 0.032 0.03 0.171 0.016 0.05 0.143 0.034 0.022 0.058 0.018 0.076 0.037 0.008 0.057 0.052
150 Y 0.066 0.024 0.021 0.02 0.013 0.018 0.026 0.057 0.021 0.081 0.131 0.029 0.024 0.083 0.016 0.057 0.036 0.04 0.136 0.101
151 S 0.061 0.077 0.058 0.039 0.011 0.081 0.057 0.043 0.081 0.047 0.049 0.102 0.017 0.02 0.022 0.108 0.046 0.005 0.023 0.054
152 N 0.051 0.062 0.13 0.092 0.009 0.046 0.067 0.099 0.062 0.024 0.037 0.081 0.013 0.039 0.02 0.075 0.039 0.005 0.022 0.028
153 L 0.046 0.041 0.055 0.071 0.011 0.032 0.086 0.032 0.019 0.108 0.13 0.083 0.024 0.038 0.019 0.04 0.036 0.007 0.045 0.076
154 K 0.048 0.106 0.092 0.058 0.008 0.064 0.099 0.074 0.023 0.026 0.042 0.107 0.014 0.043 0.02 0.05 0.049 0.007 0.038 0.032
155 L 0.049 0.026 0.028 0.073 0.013 0.021 0.034 0.029 0.059 0.134 0.147 0.031 0.05 0.06 0.016 0.046 0.038 0.006 0.027 0.114
156 L 0.063 0.026 0.039 0.024 0.014 0.031 0.028 0.03 0.015 0.136 0.188 0.031 0.04 0.083 0.016 0.056 0.04 0.008 0.044 0.089
157 E 0.046 0.096 0.043 0.091 0.009 0.042 0.128 0.032 0.08 0.072 0.058 0.072 0.017 0.043 0.019 0.041 0.032 0.006 0.025 0.049
158 G 0.079 0.023 0.039 0.034 0.011 0.019 0.026 0.508 0.014 0.019 0.028 0.034 0.009 0.016 0.019 0.052 0.03 0.005 0.011 0.024
159 R 0.045 0.342 0.039 0.031 0.008 0.049 0.053 0.033 0.023 0.023 0.047 0.121 0.016 0.017 0.019 0.045 0.035 0.006 0.017 0.031
160 S 0.095 0.097 0.071 0.04 0.012 0.032 0.059 0.1 0.018 0.039 0.048 0.085 0.015 0.019 0.022 0.102 0.06 0.005 0.015 0.067
161 L 0.043 0.022 0.014 0.015 0.015 0.015 0.019 0.02 0.01 0.14 0.325 0.024 0.061 0.068 0.013 0.024 0.033 0.007 0.024 0.11
162 L 0.048 0.052 0.028 0.039 0.011 0.04 0.079 0.056 0.039 0.078 0.108 0.057 0.022 0.101 0.017 0.048 0.033 0.009 0.067 0.07
163 K 0.05 0.183 0.055 0.036 0.008 0.044 0.055 0.065 0.02 0.025 0.04 0.219 0.014 0.015 0.022 0.049 0.049 0.005 0.016 0.031
164 L 0.086 0.023 0.02 0.02 0.016 0.017 0.025 0.031 0.011 0.11 0.183 0.028 0.03 0.077 0.017 0.051 0.068 0.007 0.025 0.157
165 L 0.043 0.022 0.015 0.016 0.041 0.016 0.02 0.023 0.012 0.1 0.221 0.024 0.09 0.147 0.013 0.027 0.032 0.009 0.036 0.092
166 I 0.049 0.048 0.019 0.02 0.014 0.019 0.026 0.024 0.011 0.167 0.146 0.061 0.03 0.076 0.016 0.032 0.051 0.006 0.025 0.158
167 L 0.062 0.022 0.018 0.018 0.013 0.016 0.022 0.026 0.017 0.128 0.153 0.025 0.028 0.125 0.015 0.033 0.052 0.012 0.105 0.112
168 G 0.146 0.028 0.035 0.032 0.042 0.023 0.034 0.186 0.014 0.047 0.049 0.038 0.015 0.02 0.023 0.12 0.079 0.005 0.014 0.051
169 A 0.146 0.028 0.03 0.029 0.016 0.022 0.033 0.097 0.013 0.068 0.117 0.037 0.022 0.026 0.022 0.105 0.089 0.005 0.017 0.077
170 L 0.062 0.021 0.016 0.017 0.014 0.015 0.021 0.053 0.011 0.104 0.214 0.024 0.043 0.089 0.014 0.029 0.033 0.063 0.031 0.127
171 L 0.096 0.023 0.019 0.02 0.015 0.017 0.024 0.033 0.012 0.105 0.227 0.028 0.035 0.101 0.016 0.059 0.038 0.007 0.029 0.093
172 I 0.076 0.019 0.015 0.017 0.016 0.014 0.019 0.025 0.009 0.232 0.214 0.024 0.035 0.04 0.015 0.029 0.036 0.006 0.019 0.141
173 G 0.086 0.027 0.032 0.032 0.042 0.023 0.048 0.13 0.013 0.082 0.084 0.037 0.019 0.024 0.021 0.109 0.075 0.005 0.016 0.096
174 L 0.079 0.02 0.015 0.017 0.016 0.015 0.02 0.026 0.009 0.177 0.217 0.024 0.034 0.061 0.015 0.03 0.037 0.006 0.022 0.16
175 Y 0.046 0.024 0.021 0.02 0.012 0.019 0.025 0.026 0.042 0.108 0.129 0.028 0.036 0.105 0.015 0.044 0.048 0.013 0.139 0.099
176 S 0.096 0.035 0.056 0.08 0.04 0.064 0.05 0.101 0.017 0.048 0.066 0.046 0.017 0.02 0.022 0.113 0.061 0.005 0.015 0.047
177 L 0.042 0.021 0.016 0.016 0.014 0.014 0.019 0.023 0.011 0.137 0.264 0.023 0.036 0.148 0.013 0.036 0.032 0.009 0.036 0.091
178 L 0.095 0.027 0.028 0.027 0.015 0.021 0.031 0.067 0.015 0.089 0.15 0.034 0.036 0.057 0.019 0.114 0.047 0.007 0.04 0.082
179 F 0.054 0.022 0.018 0.017 0.011 0.015 0.022 0.025 0.026 0.074 0.089 0.024 0.021 0.218 0.013 0.029 0.029 0.018 0.191 0.083
180 L 0.049 0.02 0.015 0.017 0.016 0.015 0.019 0.021 0.009 0.207 0.215 0.024 0.045 0.041 0.014 0.028 0.051 0.006 0.019 0.169
181 L 0.05 0.023 0.018 0.018 0.013 0.016 0.021 0.079 0.013 0.092 0.244 0.026 0.055 0.108 0.014 0.031 0.045 0.009 0.047 0.077
182 S 0.096 0.031 0.037 0.053 0.013 0.026 0.039 0.089 0.062 0.039 0.055 0.039 0.026 0.043 0.021 0.123 0.046 0.01 0.095 0.056
183 G 0.111 0.036 0.052 0.037 0.013 0.04 0.056 0.128 0.017 0.037 0.061 0.058 0.037 0.064 0.021 0.112 0.046 0.006 0.023 0.044
184 L 0.052 0.028 0.023 0.022 0.013 0.02 0.027 0.028 0.018 0.107 0.141 0.045 0.026 0.094 0.017 0.06 0.066 0.011 0.1 0.102
185 G 0.066 0.021 0.029 0.026 0.011 0.016 0.022 0.385 0.013 0.036 0.081 0.028 0.015 0.067 0.016 0.041 0.028 0.034 0.025 0.041
186 L 0.046 0.02 0.017 0.017 0.013 0.014 0.02 0.106 0.011 0.105 0.189 0.023 0.028 0.083 0.013 0.027 0.031 0.095 0.032 0.11
187 L 0.063 0.023 0.025 0.065 0.013 0.018 0.031 0.057 0.034 0.108 0.154 0.029 0.025 0.079 0.05 0.043 0.034 0.007 0.044 0.098
188 P 0.058 0.025 0.027 0.032 0.01 0.021 0.047 0.17 0.015 0.025 0.037 0.037 0.011 0.041 0.29 0.054 0.033 0.005 0.034 0.029
189 A 0.29 0.031 0.026 0.03 0.022 0.026 0.04 0.078 0.015 0.043 0.059 0.045 0.018 0.022 0.03 0.085 0.05 0.005 0.018 0.069
190 G 0.095 0.038 0.097 0.094 0.011 0.058 0.085 0.136 0.02 0.024 0.035 0.051 0.013 0.017 0.023 0.106 0.046 0.005 0.014 0.033
191 G 0.087 0.025 0.025 0.025 0.013 0.021 0.028 0.117 0.016 0.055 0.099 0.032 0.02 0.079 0.063 0.066 0.051 0.036 0.063 0.079
192 L 0.045 0.021 0.014 0.016 0.014 0.015 0.02 0.021 0.011 0.15 0.264 0.024 0.036 0.067 0.041 0.025 0.034 0.007 0.041 0.134
193 Y 0.062 0.025 0.022 0.02 0.011 0.019 0.026 0.057 0.03 0.049 0.086 0.029 0.019 0.124 0.044 0.046 0.031 0.018 0.221 0.061
194 E 0.073 0.037 0.044 0.129 0.011 0.038 0.138 0.043 0.056 0.031 0.04 0.052 0.013 0.018 0.073 0.091 0.044 0.005 0.019 0.045
195 F 0.05 0.023 0.024 0.022 0.013 0.017 0.025 0.061 0.018 0.087 0.13 0.028 0.025 0.188 0.015 0.059 0.05 0.012 0.084 0.069
196 L 0.075 0.022 0.015 0.017 0.015 0.016 0.021 0.026 0.011 0.153 0.227 0.026 0.065 0.083 0.015 0.031 0.035 0.007 0.026 0.113
197 T 0.091 0.08 0.037 0.035 0.013 0.08 0.055 0.043 0.018 0.045 0.09 0.088 0.021 0.022 0.024 0.082 0.097 0.006 0.018 0.056
198 G 0.153 0.028 0.068 0.036 0.014 0.023 0.033 0.274 0.015 0.03 0.041 0.039 0.013 0.018 0.022 0.066 0.065 0.005 0.014 0.042
199 L 0.047 0.03 0.024 0.059 0.012 0.03 0.117 0.027 0.015 0.072 0.204 0.04 0.049 0.033 0.075 0.035 0.034 0.005 0.018 0.075
200 L 0.04 0.044 0.038 0.021 0.011 0.019 0.025 0.025 0.043 0.105 0.157 0.031 0.026 0.106 0.014 0.029 0.031 0.013 0.139 0.084
201 D 0.058 0.03 0.095 0.171 0.01 0.026 0.066 0.111 0.018 0.029 0.046 0.04 0.023 0.061 0.047 0.072 0.038 0.005 0.02 0.032
202 L 0.044 0.024 0.014 0.015 0.016 0.016 0.02 0.021 0.01 0.115 0.377 0.025 0.049 0.055 0.014 0.024 0.033 0.007 0.022 0.096
203 L 0.046 0.036 0.035 0.121 0.01 0.079 0.086 0.059 0.038 0.052 0.145 0.046 0.023 0.048 0.018 0.039 0.033 0.006 0.022 0.06
204 G 0.088 0.051 0.036 0.078 0.011 0.028 0.069 0.202 0.036 0.035 0.083 0.058 0.026 0.022 0.02 0.061 0.035 0.005 0.016 0.039
205 A 0.18 0.044 0.031 0.034 0.014 0.131 0.06 0.052 0.019 0.044 0.056 0.058 0.019 0.018 0.024 0.073 0.044 0.005 0.018 0.077
206 G 0.094 0.044 0.062 0.03 0.014 0.021 0.029 0.173 0.013 0.077 0.07 0.036 0.019 0.023 0.018 0.057 0.041 0.005 0.015 0.157
207 V 0.049 0.018 0.014 0.016 0.015 0.013 0.019 0.021 0.009 0.198 0.162 0.022 0.032 0.101 0.013 0.026 0.037 0.007 0.029 0.198
208 D 0.041 0.03 0.069 0.397 0.008 0.03 0.091 0.047 0.019 0.022 0.028 0.045 0.009 0.015 0.022 0.052 0.035 0.004 0.011 0.024
209 G 0.071 0.025 0.061 0.186 0.01 0.022 0.048 0.257 0.015 0.027 0.033 0.036 0.01 0.016 0.046 0.049 0.032 0.004 0.011 0.041
210 F 0.051 0.033 0.069 0.077 0.011 0.036 0.041 0.039 0.024 0.053 0.066 0.052 0.018 0.161 0.018 0.089 0.04 0.01 0.071 0.045
211 Y 0.101 0.047 0.046 0.028 0.011 0.023 0.032 0.148 0.027 0.032 0.048 0.039 0.014 0.061 0.019 0.07 0.036 0.014 0.165 0.04
212 D 0.075 0.055 0.048 0.154 0.011 0.047 0.106 0.079 0.019 0.025 0.035 0.054 0.012 0.017 0.023 0.138 0.049 0.005 0.014 0.034
213 G 0.063 0.045 0.094 0.06 0.01 0.022 0.032 0.388 0.016 0.02 0.029 0.039 0.01 0.015 0.018 0.052 0.046 0.005 0.011 0.025
214 Y 0.045 0.027 0.026 0.023 0.01 0.021 0.029 0.029 0.068 0.059 0.077 0.03 0.03 0.153 0.016 0.058 0.046 0.016 0.185 0.051
215 L 0.045 0.024 0.018 0.019 0.014 0.03 0.025 0.024 0.012 0.148 0.203 0.028 0.053 0.102 0.015 0.032 0.062 0.007 0.029 0.109
216 E 0.096 0.053 0.03 0.046 0.011 0.053 0.144 0.038 0.018 0.055 0.108 0.126 0.02 0.022 0.022 0.049 0.036 0.005 0.017 0.051
217 F 0.052 0.021 0.017 0.017 0.011 0.014 0.021 0.026 0.022 0.059 0.096 0.023 0.032 0.29 0.012 0.028 0.027 0.017 0.149 0.066
218 T 0.092 0.109 0.056 0.056 0.014 0.03 0.042 0.044 0.016 0.042 0.053 0.056 0.016 0.02 0.023 0.09 0.156 0.005 0.016 0.064
219 L 0.043 0.023 0.016 0.016 0.014 0.017 0.021 0.021 0.031 0.119 0.317 0.025 0.065 0.067 0.013 0.025 0.032 0.007 0.025 0.101
220 P 0.046 0.027 0.059 0.03 0.009 0.021 0.032 0.033 0.025 0.031 0.045 0.036 0.013 0.053 0.262 0.041 0.046 0.011 0.146 0.035
221 N 0.067 0.039 0.219 0.061 0.012 0.03 0.046 0.059 0.023 0.025 0.035 0.049 0.012 0.018 0.023 0.158 0.072 0.004 0.015 0.033
222 V 0.068 0.02 0.016 0.017 0.016 0.015 0.021 0.024 0.009 0.187 0.189 0.025 0.033 0.038 0.015 0.032 0.053 0.005 0.019 0.198
223 S 0.102 0.034 0.046 0.062 0.015 0.028 0.045 0.109 0.016 0.03 0.041 0.045 0.014 0.019 0.026 0.205 0.103 0.005 0.015 0.041
224 S 0.108 0.036 0.046 0.042 0.016 0.029 0.045 0.058 0.016 0.032 0.043 0.048 0.015 0.02 0.027 0.237 0.117 0.005 0.016 0.045
225 L 0.045 0.022 0.014 0.015 0.015 0.015 0.019 0.02 0.009 0.112 0.366 0.024 0.053 0.047 0.013 0.024 0.033 0.006 0.02 0.126
226 L 0.044 0.02 0.014 0.016 0.015 0.015 0.018 0.02 0.009 0.225 0.241 0.023 0.058 0.044 0.014 0.024 0.035 0.006 0.02 0.139
227 F 0.032 0.018 0.016 0.016 0.01 0.011 0.018 0.023 0.018 0.056 0.1 0.019 0.023 0.404 0.01 0.024 0.024 0.017 0.112 0.05
228 L 0.044 0.022 0.016 0.016 0.014 0.015 0.019 0.076 0.01 0.106 0.354 0.024 0.04 0.066 0.013 0.025 0.03 0.007 0.022 0.083
229 I 0.046 0.018 0.014 0.016 0.015 0.013 0.018 0.02 0.009 0.229 0.185 0.022 0.034 0.082 0.013 0.024 0.036 0.007 0.026 0.174
230 P 0.055 0.025 0.024 0.03 0.01 0.02 0.034 0.035 0.012 0.025 0.035 0.039 0.01 0.013 0.482 0.055 0.05 0.003 0.012 0.031
231 F 0.033 0.019 0.016 0.016 0.01 0.012 0.019 0.023 0.021 0.057 0.113 0.02 0.023 0.35 0.011 0.024 0.024 0.017 0.14 0.051
232 L 0.066 0.021 0.018 0.019 0.068 0.015 0.022 0.028 0.011 0.109 0.17 0.025 0.037 0.119 0.015 0.046 0.051 0.008 0.031 0.119
233 L 0.042 0.019 0.014 0.015 0.014 0.014 0.018 0.02 0.01 0.197 0.243 0.022 0.047 0.092 0.013 0.024 0.033 0.007 0.027 0.127
234 A 0.149 0.029 0.033 0.031 0.097 0.024 0.036 0.051 0.034 0.048 0.057 0.038 0.017 0.021 0.023 0.13 0.08 0.005 0.018 0.08
235 L 0.095 0.048 0.023 0.022 0.013 0.022 0.03 0.061 0.021 0.072 0.13 0.051 0.034 0.075 0.018 0.051 0.035 0.011 0.115 0.074
236 L 0.061 0.02 0.015 0.016 0.015 0.014 0.02 0.023 0.011 0.182 0.221 0.024 0.034 0.066 0.014 0.027 0.036 0.007 0.041 0.152
237 L 0.043 0.021 0.015 0.016 0.041 0.015 0.02 0.022 0.013 0.126 0.239 0.024 0.065 0.11 0.013 0.026 0.032 0.009 0.048 0.103
238 L 0.07 0.024 0.022 0.022 0.069 0.018 0.025 0.031 0.013 0.09 0.155 0.029 0.026 0.079 0.017 0.056 0.094 0.007 0.043 0.111
239 W 0.041 0.111 0.099 0.036 0.008 0.036 0.041 0.042 0.02 0.026 0.044 0.067 0.014 0.051 0.042 0.052 0.034 0.172 0.034 0.029
240 P 0.062 0.121 0.034 0.079 0.009 0.036 0.081 0.036 0.019 0.029 0.059 0.119 0.014 0.022 0.129 0.045 0.034 0.005 0.033 0.034
241 N 0.061 0.068 0.156 0.059 0.01 0.041 0.058 0.056 0.025 0.026 0.038 0.146 0.014 0.017 0.025 0.094 0.052 0.005 0.017 0.032
242 D 0.041 0.03 0.069 0.397 0.008 0.03 0.091 0.047 0.019 0.022 0.028 0.045 0.009 0.015 0.022 0.052 0.035 0.004 0.011 0.024
243 R 0.045 0.345 0.039 0.031 0.008 0.048 0.052 0.033 0.023 0.023 0.047 0.12 0.016 0.017 0.019 0.045 0.035 0.006 0.017 0.031
244 K 0.09 0.073 0.07 0.038 0.011 0.046 0.049 0.072 0.018 0.038 0.048 0.14 0.015 0.043 0.049 0.077 0.055 0.005 0.02 0.043
245 S 0.061 0.033 0.078 0.096 0.011 0.031 0.098 0.073 0.02 0.043 0.044 0.047 0.013 0.024 0.082 0.103 0.06 0.006 0.035 0.041
246 F 0.034 0.019 0.017 0.017 0.011 0.011 0.019 0.025 0.017 0.063 0.114 0.019 0.025 0.387 0.011 0.025 0.025 0.017 0.089 0.055
247 Y 0.04 0.028 0.022 0.019 0.009 0.022 0.028 0.025 0.047 0.044 0.068 0.031 0.019 0.131 0.016 0.031 0.028 0.028 0.318 0.047
248 L 0.045 0.04 0.023 0.022 0.012 0.024 0.032 0.027 0.036 0.087 0.204 0.095 0.029 0.064 0.016 0.034 0.047 0.037 0.046 0.081
249 P 0.059 0.05 0.038 0.09 0.009 0.039 0.113 0.041 0.018 0.025 0.036 0.107 0.012 0.015 0.187 0.07 0.041 0.004 0.015 0.031
250 L 0.057 0.035 0.029 0.029 0.012 0.062 0.043 0.035 0.022 0.071 0.109 0.044 0.038 0.08 0.064 0.074 0.042 0.01 0.084 0.061
251 P 0.058 0.082 0.032 0.034 0.009 0.032 0.045 0.135 0.016 0.024 0.037 0.125 0.012 0.014 0.218 0.047 0.035 0.004 0.014 0.029
252 I 0.045 0.051 0.017 0.018 0.014 0.016 0.022 0.023 0.012 0.163 0.147 0.031 0.03 0.108 0.013 0.027 0.035 0.054 0.036 0.139
253 R 0.062 0.137 0.125 0.054 0.01 0.041 0.076 0.05 0.023 0.024 0.038 0.094 0.014 0.018 0.023 0.107 0.05 0.005 0.016 0.032
254 R 0.049 0.266 0.038 0.033 0.009 0.046 0.054 0.035 0.021 0.026 0.046 0.161 0.015 0.017 0.022 0.049 0.057 0.005 0.017 0.034
255 W 0.03 0.023 0.015 0.015 0.008 0.015 0.023 0.03 0.015 0.03 0.053 0.023 0.015 0.061 0.008 0.023 0.023 0.492 0.068 0.03
256 V 0.057 0.034 0.028 0.047 0.013 0.023 0.035 0.033 0.033 0.086 0.111 0.066 0.023 0.053 0.018 0.065 0.07 0.061 0.027 0.118
257 G 0.064 0.024 0.028 0.07 0.011 0.019 0.032 0.109 0.036 0.068 0.091 0.029 0.03 0.099 0.016 0.048 0.033 0.064 0.051 0.078
258 L 0.042 0.022 0.015 0.016 0.014 0.015 0.02 0.021 0.013 0.119 0.321 0.024 0.039 0.075 0.014 0.026 0.045 0.009 0.061 0.089
259 W 0.057 0.021 0.017 0.017 0.012 0.015 0.022 0.028 0.016 0.092 0.089 0.024 0.025 0.138 0.013 0.031 0.045 0.156 0.084 0.097
260 L 0.048 0.024 0.02 0.02 0.015 0.017 0.023 0.025 0.011 0.131 0.254 0.027 0.037 0.08 0.016 0.037 0.081 0.007 0.027 0.1
261 L 0.073 0.024 0.021 0.021 0.015 0.018 0.024 0.084 0.01 0.094 0.241 0.029 0.032 0.037 0.017 0.06 0.051 0.006 0.018 0.125
262 L 0.043 0.023 0.035 0.02 0.014 0.016 0.022 0.025 0.012 0.088 0.283 0.025 0.035 0.126 0.014 0.032 0.06 0.008 0.032 0.087
263 L 0.063 0.02 0.016 0.017 0.015 0.015 0.02 0.079 0.01 0.157 0.236 0.024 0.034 0.06 0.014 0.029 0.034 0.006 0.022 0.128
264 L 0.045 0.024 0.014 0.015 0.016 0.016 0.02 0.021 0.01 0.115 0.375 0.025 0.05 0.055 0.014 0.024 0.033 0.007 0.022 0.096
265 L 0.084 0.023 0.021 0.021 0.015 0.017 0.024 0.112 0.011 0.09 0.237 0.028 0.031 0.057 0.017 0.05 0.049 0.006 0.021 0.086
266 G 0.06 0.024 0.026 0.025 0.013 0.019 0.025 0.194 0.012 0.088 0.172 0.031 0.057 0.032 0.017 0.063 0.051 0.006 0.017 0.068
267 L 0.048 0.019 0.014 0.015 0.042 0.014 0.018 0.021 0.009 0.17 0.21 0.022 0.034 0.082 0.014 0.026 0.036 0.007 0.026 0.174
268 L 0.117 0.022 0.018 0.02 0.044 0.017 0.024 0.034 0.01 0.144 0.168 0.028 0.029 0.034 0.018 0.051 0.042 0.005 0.018 0.16
269 L 0.098 0.023 0.017 0.019 0.016 0.017 0.024 0.031 0.01 0.124 0.241 0.028 0.044 0.039 0.017 0.047 0.039 0.006 0.019 0.14
270 V 0.121 0.023 0.022 0.023 0.017 0.018 0.027 0.064 0.01 0.139 0.114 0.031 0.025 0.03 0.019 0.058 0.071 0.005 0.017 0.166
271 L 0.044 0.02 0.014 0.015 0.015 0.014 0.019 0.021 0.01 0.164 0.238 0.023 0.047 0.106 0.013 0.025 0.034 0.007 0.03 0.142
272 L 0.045 0.022 0.016 0.016 0.014 0.015 0.019 0.076 0.01 0.095 0.319 0.024 0.048 0.086 0.013 0.026 0.031 0.007 0.026 0.09
273 S 0.09 0.035 0.047 0.042 0.016 0.029 0.044 0.054 0.016 0.034 0.045 0.047 0.016 0.02 0.027 0.221 0.149 0.005 0.016 0.047
274 G 0.101 0.022 0.035 0.031 0.011 0.018 0.025 0.5 0.013 0.02 0.029 0.032 0.009 0.015 0.018 0.05 0.029 0.005 0.011 0.027
275 R 0.041 0.399 0.036 0.028 0.007 0.044 0.048 0.03 0.021 0.021 0.043 0.11 0.014 0.016 0.018 0.041 0.032 0.005 0.016 0.028
276 R 0.041 0.399 0.036 0.028 0.007 0.044 0.048 0.03 0.021 0.021 0.043 0.11 0.014 0.016 0.018 0.041 0.032 0.005 0.016 0.028
277 A 0.286 0.027 0.022 0.025 0.019 0.022 0.034 0.061 0.013 0.079 0.075 0.038 0.03 0.024 0.025 0.067 0.044 0.005 0.017 0.089
278 L 0.054 0.021 0.015 0.016 0.013 0.014 0.019 0.024 0.012 0.096 0.261 0.022 0.045 0.19 0.013 0.026 0.029 0.01 0.043 0.077
279 L 0.038 0.023 0.016 0.017 0.012 0.028 0.023 0.023 0.013 0.125 0.196 0.026 0.051 0.128 0.012 0.025 0.03 0.092 0.04 0.083
280 L 0.045 0.021 0.014 0.015 0.015 0.015 0.019 0.02 0.009 0.125 0.331 0.023 0.04 0.066 0.013 0.024 0.034 0.007 0.023 0.141
281 V 0.084 0.028 0.047 0.03 0.016 0.022 0.032 0.039 0.012 0.086 0.114 0.035 0.024 0.028 0.02 0.099 0.106 0.005 0.018 0.157
282 V 0.083 0.023 0.02 0.02 0.015 0.017 0.024 0.031 0.012 0.115 0.125 0.028 0.042 0.12 0.017 0.042 0.081 0.008 0.032 0.146
283 A 0.155 0.023 0.018 0.02 0.016 0.017 0.026 0.041 0.013 0.078 0.144 0.029 0.036 0.142 0.018 0.045 0.037 0.008 0.035 0.102
284 L 0.061 0.022 0.016 0.016 0.015 0.015 0.02 0.024 0.01 0.107 0.315 0.025 0.038 0.093 0.014 0.03 0.046 0.007 0.027 0.097
285 G 0.111 0.03 0.039 0.035 0.015 0.024 0.037 0.158 0.014 0.052 0.051 0.041 0.016 0.021 0.023 0.154 0.095 0.005 0.015 0.064
286 P 0.051 0.023 0.019 0.024 0.011 0.018 0.029 0.029 0.011 0.054 0.125 0.033 0.019 0.022 0.371 0.035 0.034 0.004 0.014 0.073
287 L 0.058 0.019 0.015 0.017 0.014 0.013 0.02 0.024 0.011 0.152 0.171 0.023 0.03 0.164 0.041 0.028 0.033 0.009 0.038 0.122
288 L 0.041 0.019 0.014 0.015 0.014 0.013 0.018 0.021 0.011 0.165 0.227 0.022 0.045 0.148 0.013 0.024 0.032 0.008 0.036 0.116
289 A 0.162 0.024 0.02 0.022 0.017 0.019 0.027 0.042 0.011 0.118 0.126 0.031 0.025 0.051 0.02 0.051 0.069 0.006 0.021 0.137
290 L 0.042 0.021 0.015 0.015 0.013 0.014 0.02 0.021 0.015 0.127 0.207 0.023 0.031 0.121 0.013 0.025 0.031 0.038 0.085 0.122
291 F 0.06 0.021 0.019 0.02 0.035 0.015 0.023 0.029 0.013 0.09 0.117 0.026 0.034 0.196 0.069 0.039 0.06 0.009 0.043 0.081
292 L 0.058 0.023 0.017 0.02 0.013 0.017 0.038 0.025 0.013 0.108 0.223 0.027 0.038 0.128 0.041 0.029 0.032 0.009 0.051 0.091
293 L 0.071 0.053 0.031 0.031 0.013 0.052 0.055 0.062 0.038 0.055 0.121 0.045 0.033 0.053 0.019 0.068 0.085 0.007 0.041 0.067
294 L 0.052 0.032 0.02 0.02 0.016 0.028 0.028 0.028 0.016 0.101 0.198 0.036 0.157 0.048 0.016 0.036 0.04 0.008 0.024 0.093
295 F 0.034 0.019 0.017 0.017 0.011 0.011 0.019 0.026 0.017 0.064 0.115 0.019 0.026 0.384 0.011 0.026 0.026 0.017 0.089 0.055
296 F 0.034 0.019 0.017 0.017 0.011 0.011 0.019 0.026 0.017 0.064 0.115 0.019 0.026 0.384 0.011 0.026 0.026 0.017 0.089 0.055
297 K 0.057 0.108 0.042 0.042 0.009 0.054 0.071 0.043 0.021 0.028 0.043 0.275 0.016 0.016 0.028 0.054 0.04 0.005 0.017 0.033
298 L 0.046 0.038 0.024 0.024 0.038 0.062 0.039 0.03 0.017 0.052 0.133 0.068 0.044 0.083 0.043 0.047 0.033 0.077 0.05 0.051
299 L 0.076 0.062 0.023 0.042 0.012 0.019 0.028 0.08 0.017 0.069 0.147 0.035 0.024 0.147 0.015 0.035 0.03 0.01 0.071 0.058
300 L 0.122 0.046 0.028 0.027 0.015 0.022 0.032 0.07 0.014 0.066 0.14 0.038 0.023 0.093 0.02 0.105 0.045 0.007 0.027 0.061
301 S 0.11 0.04 0.054 0.049 0.018 0.033 0.052 0.066 0.019 0.03 0.042 0.054 0.016 0.021 0.03 0.22 0.082 0.005 0.018 0.042
302 G 0.078 0.023 0.039 0.034 0.011 0.019 0.026 0.51 0.014 0.019 0.028 0.034 0.009 0.016 0.019 0.051 0.03 0.005 0.011 0.024
303 P 0.084 0.055 0.067 0.059 0.011 0.041 0.059 0.068 0.02 0.038 0.082 0.061 0.017 0.03 0.097 0.072 0.039 0.007 0.053 0.041
304 K 0.057 0.108 0.042 0.042 0.009 0.054 0.071 0.043 0.021 0.028 0.043 0.275 0.016 0.016 0.028 0.054 0.04 0.005 0.017 0.033
305 K 0.052 0.094 0.071 0.059 0.01 0.034 0.051 0.053 0.039 0.038 0.069 0.14 0.017 0.063 0.02 0.071 0.039 0.006 0.025 0.05
306 K 0.054 0.108 0.052 0.055 0.011 0.032 0.045 0.06 0.017 0.055 0.109 0.127 0.02 0.045 0.02 0.079 0.04 0.006 0.02 0.047
307 L 0.044 0.024 0.014 0.015 0.016 0.016 0.02 0.021 0.01 0.115 0.376 0.025 0.05 0.055 0.014 0.024 0.033 0.007 0.022 0.096
308 L 0.051 0.076 0.085 0.037 0.011 0.055 0.044 0.042 0.039 0.072 0.085 0.08 0.03 0.045 0.046 0.067 0.04 0.006 0.022 0.066
309 R 0.064 0.156 0.029 0.027 0.01 0.042 0.038 0.113 0.017 0.039 0.073 0.076 0.017 0.067 0.046 0.041 0.032 0.035 0.025 0.052
310 K 0.049 0.107 0.049 0.052 0.011 0.032 0.044 0.06 0.016 0.076 0.113 0.14 0.021 0.024 0.019 0.042 0.049 0.01 0.017 0.069
311 R 0.126 0.146 0.025 0.025 0.013 0.028 0.036 0.039 0.015 0.094 0.091 0.072 0.021 0.024 0.047 0.046 0.038 0.005 0.017 0.094
312 L 0.062 0.022 0.037 0.022 0.014 0.016 0.023 0.03 0.013 0.138 0.176 0.026 0.031 0.142 0.015 0.056 0.037 0.008 0.035 0.096
313 K 0.084 0.074 0.048 0.045 0.013 0.043 0.062 0.055 0.02 0.029 0.043 0.165 0.016 0.018 0.029 0.136 0.061 0.005 0.017 0.037
314 N 0.043 0.045 0.314 0.083 0.009 0.034 0.05 0.065 0.032 0.023 0.032 0.054 0.011 0.018 0.02 0.07 0.05 0.005 0.016 0.027
315 N 0.043 0.045 0.314 0.083 0.009 0.034 0.05 0.065 0.032 0.023 0.032 0.054 0.011 0.018 0.02 0.07 0.05 0.005 0.016 0.027
316 G 0.064 0.079 0.041 0.039 0.009 0.042 0.056 0.199 0.018 0.025 0.038 0.198 0.013 0.016 0.025 0.053 0.036 0.005 0.015 0.03
317 L 0.053 0.023 0.015 0.016 0.017 0.016 0.021 0.022 0.009 0.131 0.295 0.026 0.043 0.048 0.015 0.027 0.039 0.007 0.022 0.154
318 L 0.074 0.07 0.029 0.027 0.04 0.025 0.034 0.064 0.018 0.063 0.115 0.058 0.043 0.051 0.019 0.091 0.056 0.008 0.057 0.058
319 R 0.055 0.183 0.034 0.031 0.01 0.037 0.047 0.036 0.018 0.037 0.068 0.143 0.017 0.041 0.048 0.079 0.04 0.006 0.02 0.051
320 L 0.056 0.048 0.025 0.024 0.014 0.021 0.03 0.031 0.033 0.103 0.141 0.05 0.026 0.095 0.017 0.072 0.055 0.007 0.03 0.122
