#Seq2Logo.py -f /work3/idamei/ssn-clusterings/2206011120/clusters/0512_16/sequences.afa -m 0.0001 -b 50 -o /work3/idamei/ssn-clusterings/2206011120/clusters/0512_16/sequences.logo
#Position Specific Frequency Matrix
A R N D C Q E G H I L K M F P S T W Y V
0 L 0.053 0.033 0.021 0.021 0.016 0.029 0.029 0.029 0.016 0.102 0.201 0.037 0.144 0.049 0.016 0.037 0.041 0.008 0.025 0.094
1 R 0.161 0.182 0.033 0.031 0.015 0.038 0.047 0.057 0.019 0.034 0.054 0.084 0.017 0.02 0.025 0.066 0.043 0.006 0.018 0.051
2 R 0.06 0.184 0.042 0.035 0.013 0.039 0.047 0.039 0.019 0.039 0.057 0.084 0.018 0.021 0.024 0.07 0.133 0.006 0.018 0.052
3 G 0.063 0.178 0.04 0.033 0.009 0.034 0.04 0.267 0.019 0.022 0.038 0.079 0.013 0.017 0.02 0.049 0.033 0.006 0.014 0.028
4 I 0.048 0.018 0.015 0.018 0.017 0.014 0.018 0.021 0.009 0.256 0.171 0.024 0.038 0.045 0.015 0.026 0.041 0.006 0.021 0.18
5 G 0.08 0.023 0.04 0.034 0.011 0.019 0.026 0.5 0.014 0.019 0.029 0.034 0.01 0.017 0.019 0.052 0.03 0.006 0.011 0.025
6 I 0.048 0.018 0.015 0.018 0.017 0.014 0.018 0.021 0.009 0.256 0.171 0.024 0.038 0.045 0.015 0.026 0.041 0.006 0.021 0.18
7 G 0.08 0.023 0.04 0.034 0.011 0.019 0.026 0.5 0.014 0.019 0.029 0.034 0.01 0.017 0.019 0.052 0.03 0.006 0.011 0.025
8 N 0.044 0.046 0.303 0.085 0.009 0.034 0.05 0.067 0.032 0.023 0.032 0.055 0.011 0.018 0.021 0.071 0.05 0.005 0.016 0.028
9 E 0.056 0.051 0.041 0.092 0.008 0.066 0.282 0.036 0.026 0.023 0.038 0.077 0.013 0.017 0.026 0.056 0.038 0.006 0.017 0.032
10 G 0.08 0.023 0.04 0.034 0.011 0.019 0.026 0.5 0.014 0.019 0.029 0.034 0.01 0.017 0.019 0.052 0.03 0.006 0.011 0.025
11 N 0.16 0.039 0.165 0.058 0.016 0.03 0.046 0.073 0.024 0.034 0.046 0.05 0.015 0.02 0.025 0.079 0.051 0.005 0.017 0.049
12 L 0.045 0.025 0.014 0.016 0.017 0.017 0.021 0.022 0.01 0.118 0.363 0.026 0.051 0.056 0.014 0.025 0.034 0.007 0.023 0.098
13 M 0.035 0.022 0.014 0.014 0.011 0.019 0.019 0.019 0.011 0.068 0.133 0.024 0.433 0.033 0.011 0.024 0.027 0.005 0.016 0.062
14 L 0.045 0.025 0.014 0.016 0.017 0.017 0.021 0.022 0.01 0.118 0.363 0.026 0.051 0.056 0.014 0.025 0.034 0.007 0.023 0.098
15 T 0.115 0.024 0.079 0.026 0.011 0.019 0.037 0.032 0.011 0.069 0.077 0.04 0.056 0.019 0.017 0.062 0.24 0.004 0.013 0.05
16 L 0.067 0.022 0.043 0.062 0.01 0.023 0.103 0.038 0.011 0.052 0.314 0.029 0.036 0.026 0.015 0.056 0.027 0.004 0.013 0.048
17 L 0.092 0.018 0.015 0.015 0.01 0.014 0.019 0.073 0.009 0.077 0.146 0.022 0.064 0.027 0.085 0.029 0.051 0.122 0.019 0.095
18 P 0.058 0.026 0.024 0.032 0.011 0.021 0.037 0.037 0.013 0.026 0.037 0.042 0.011 0.013 0.483 0.045 0.037 0.003 0.013 0.032
19 E 0.064 0.038 0.044 0.07 0.006 0.199 0.245 0.028 0.03 0.02 0.048 0.051 0.015 0.012 0.017 0.039 0.032 0.004 0.013 0.026
20 F 0.028 0.016 0.013 0.012 0.021 0.011 0.015 0.044 0.016 0.063 0.174 0.017 0.019 0.236 0.009 0.019 0.019 0.038 0.187 0.044
21 L 0.119 0.019 0.019 0.019 0.013 0.015 0.021 0.096 0.009 0.093 0.137 0.024 0.065 0.058 0.014 0.11 0.056 0.005 0.016 0.091
22 G 0.042 0.015 0.017 0.016 0.035 0.012 0.015 0.295 0.008 0.093 0.219 0.02 0.027 0.023 0.015 0.025 0.023 0.004 0.011 0.084
23 L 0.032 0.016 0.01 0.01 0.011 0.011 0.014 0.015 0.007 0.081 0.537 0.017 0.033 0.036 0.01 0.017 0.023 0.005 0.015 0.101
24 L 0.055 0.019 0.021 0.019 0.01 0.014 0.021 0.077 0.009 0.082 0.129 0.023 0.017 0.102 0.013 0.112 0.126 0.044 0.021 0.085
25 L 0.044 0.017 0.016 0.015 0.088 0.013 0.019 0.146 0.008 0.061 0.251 0.02 0.037 0.025 0.012 0.06 0.03 0.004 0.012 0.122
26 F 0.034 0.014 0.011 0.011 0.061 0.009 0.014 0.017 0.008 0.123 0.162 0.015 0.021 0.228 0.009 0.019 0.024 0.007 0.03 0.181
27 Y 0.027 0.018 0.014 0.012 0.032 0.013 0.018 0.018 0.026 0.029 0.046 0.02 0.012 0.098 0.01 0.02 0.019 0.12 0.42 0.03
28 L 0.034 0.016 0.012 0.012 0.036 0.011 0.014 0.046 0.007 0.116 0.374 0.017 0.027 0.078 0.01 0.02 0.042 0.005 0.018 0.103
29 L 0.065 0.016 0.012 0.012 0.041 0.011 0.015 0.052 0.007 0.145 0.314 0.018 0.042 0.054 0.011 0.022 0.025 0.005 0.016 0.12
30 S 0.177 0.023 0.028 0.026 0.07 0.019 0.029 0.093 0.011 0.025 0.037 0.031 0.028 0.015 0.018 0.261 0.061 0.004 0.011 0.035
31 L 0.096 0.017 0.015 0.015 0.012 0.013 0.018 0.084 0.007 0.128 0.226 0.021 0.022 0.026 0.013 0.049 0.063 0.004 0.013 0.158
32 G 0.105 0.018 0.023 0.019 0.045 0.014 0.02 0.156 0.009 0.114 0.093 0.023 0.016 0.024 0.014 0.118 0.032 0.056 0.015 0.086
33 L 0.072 0.016 0.013 0.013 0.01 0.011 0.015 0.071 0.008 0.08 0.24 0.018 0.03 0.162 0.01 0.025 0.024 0.032 0.026 0.124
34 I 0.035 0.014 0.01 0.012 0.011 0.01 0.013 0.015 0.007 0.331 0.157 0.017 0.057 0.052 0.01 0.019 0.027 0.004 0.016 0.181
35 L 0.105 0.017 0.017 0.016 0.01 0.013 0.018 0.195 0.008 0.049 0.243 0.021 0.036 0.061 0.013 0.031 0.061 0.005 0.015 0.064
36 T 0.068 0.043 0.022 0.02 0.009 0.035 0.025 0.027 0.014 0.056 0.062 0.029 0.014 0.055 0.014 0.096 0.164 0.098 0.103 0.045
37 L 0.054 0.039 0.012 0.013 0.011 0.012 0.016 0.018 0.009 0.105 0.352 0.021 0.026 0.078 0.011 0.038 0.026 0.006 0.039 0.116
38 I 0.067 0.016 0.015 0.015 0.053 0.012 0.017 0.021 0.007 0.261 0.124 0.02 0.043 0.048 0.012 0.044 0.104 0.004 0.015 0.103
39 Y 0.05 0.02 0.015 0.015 0.033 0.05 0.022 0.057 0.021 0.032 0.065 0.023 0.013 0.057 0.01 0.026 0.021 0.137 0.277 0.056
40 R 0.035 0.345 0.04 0.024 0.006 0.107 0.04 0.025 0.016 0.026 0.037 0.096 0.023 0.022 0.014 0.055 0.027 0.004 0.013 0.043
41 D 0.12 0.024 0.031 0.188 0.008 0.025 0.163 0.06 0.013 0.04 0.049 0.035 0.01 0.014 0.017 0.125 0.032 0.003 0.011 0.031
42 Y 0.028 0.016 0.013 0.012 0.007 0.012 0.016 0.017 0.021 0.052 0.083 0.018 0.016 0.248 0.009 0.02 0.02 0.014 0.304 0.075
43 R 0.034 0.3 0.027 0.024 0.007 0.141 0.044 0.024 0.038 0.022 0.036 0.125 0.012 0.035 0.014 0.032 0.025 0.004 0.015 0.042
44 R 0.055 0.228 0.028 0.025 0.007 0.152 0.045 0.027 0.064 0.021 0.053 0.112 0.013 0.013 0.015 0.052 0.045 0.004 0.015 0.026
45 Q 0.069 0.078 0.023 0.025 0.012 0.182 0.068 0.026 0.014 0.042 0.046 0.084 0.014 0.017 0.014 0.048 0.029 0.04 0.025 0.143
46 G 0.059 0.213 0.025 0.022 0.009 0.04 0.029 0.231 0.034 0.018 0.029 0.066 0.009 0.035 0.065 0.034 0.041 0.004 0.013 0.022
47 F 0.024 0.014 0.012 0.012 0.007 0.026 0.015 0.017 0.012 0.046 0.096 0.015 0.018 0.538 0.008 0.018 0.018 0.011 0.056 0.038
48 S 0.061 0.028 0.162 0.038 0.01 0.022 0.034 0.044 0.015 0.02 0.028 0.036 0.01 0.014 0.018 0.337 0.081 0.003 0.012 0.027
49 F 0.023 0.013 0.011 0.011 0.007 0.007 0.013 0.017 0.011 0.045 0.107 0.013 0.018 0.553 0.007 0.017 0.017 0.011 0.057 0.039
50 H 0.028 0.051 0.153 0.032 0.005 0.024 0.034 0.029 0.371 0.017 0.027 0.033 0.01 0.024 0.013 0.032 0.022 0.006 0.071 0.018
51 L 0.052 0.016 0.011 0.012 0.011 0.011 0.015 0.043 0.007 0.104 0.377 0.018 0.045 0.055 0.01 0.02 0.024 0.031 0.017 0.12
52 L 0.03 0.015 0.01 0.011 0.036 0.01 0.013 0.015 0.007 0.088 0.46 0.016 0.03 0.12 0.009 0.017 0.022 0.006 0.022 0.063
53 F 0.023 0.013 0.011 0.011 0.007 0.007 0.013 0.017 0.011 0.043 0.077 0.013 0.017 0.586 0.007 0.017 0.017 0.011 0.06 0.037
54 S 0.072 0.027 0.036 0.032 0.012 0.022 0.035 0.043 0.013 0.022 0.03 0.036 0.011 0.014 0.02 0.433 0.097 0.004 0.012 0.03
55 L 0.054 0.016 0.012 0.013 0.011 0.012 0.015 0.095 0.007 0.091 0.411 0.019 0.046 0.031 0.011 0.021 0.024 0.005 0.014 0.093
56 A 0.276 0.032 0.026 0.03 0.022 0.026 0.041 0.08 0.015 0.044 0.061 0.045 0.018 0.022 0.03 0.087 0.051 0.006 0.018 0.07
57 L 0.052 0.015 0.01 0.012 0.011 0.011 0.014 0.016 0.007 0.247 0.298 0.018 0.06 0.032 0.01 0.019 0.026 0.004 0.014 0.121
58 Y 0.027 0.018 0.014 0.013 0.006 0.014 0.018 0.017 0.029 0.031 0.049 0.02 0.013 0.14 0.01 0.021 0.019 0.018 0.49 0.032
59 L 0.05 0.016 0.011 0.012 0.01 0.011 0.014 0.043 0.008 0.067 0.365 0.017 0.026 0.144 0.01 0.019 0.023 0.033 0.025 0.096
60 L 0.06 0.017 0.014 0.014 0.012 0.012 0.017 0.02 0.007 0.16 0.26 0.02 0.025 0.028 0.012 0.075 0.031 0.004 0.014 0.199
61 T 0.049 0.023 0.028 0.024 0.012 0.018 0.026 0.028 0.009 0.058 0.049 0.03 0.014 0.017 0.018 0.059 0.454 0.004 0.012 0.069
62 F 0.024 0.013 0.011 0.011 0.033 0.007 0.013 0.017 0.011 0.042 0.076 0.013 0.017 0.563 0.007 0.018 0.017 0.011 0.058 0.037
63 Y 0.026 0.017 0.014 0.012 0.007 0.012 0.017 0.017 0.025 0.034 0.057 0.018 0.014 0.258 0.009 0.02 0.018 0.016 0.376 0.033
64 L 0.084 0.017 0.014 0.014 0.01 0.012 0.017 0.099 0.009 0.054 0.308 0.019 0.023 0.158 0.011 0.049 0.024 0.006 0.024 0.049
65 W 0.031 0.023 0.016 0.016 0.008 0.016 0.023 0.031 0.016 0.031 0.054 0.023 0.016 0.062 0.008 0.023 0.023 0.482 0.07 0.031
66 G 0.053 0.015 0.026 0.023 0.007 0.013 0.017 0.669 0.009 0.013 0.019 0.023 0.006 0.011 0.013 0.035 0.02 0.004 0.007 0.016
67 F 0.024 0.013 0.012 0.011 0.007 0.008 0.013 0.017 0.012 0.046 0.086 0.013 0.017 0.53 0.008 0.018 0.018 0.011 0.076 0.058
68 P 0.038 0.017 0.016 0.021 0.007 0.014 0.024 0.024 0.009 0.017 0.024 0.028 0.007 0.009 0.658 0.03 0.024 0.002 0.009 0.021
69 L 0.028 0.014 0.01 0.011 0.035 0.009 0.013 0.016 0.009 0.078 0.323 0.015 0.025 0.271 0.009 0.017 0.021 0.008 0.034 0.054
70 S 0.067 0.026 0.035 0.031 0.012 0.021 0.033 0.041 0.012 0.024 0.033 0.035 0.011 0.015 0.02 0.361 0.174 0.004 0.012 0.034
71 L 0.088 0.019 0.015 0.015 0.087 0.015 0.019 0.055 0.009 0.057 0.232 0.022 0.14 0.027 0.012 0.071 0.029 0.004 0.014 0.071
72 L 0.11 0.017 0.015 0.015 0.011 0.013 0.018 0.05 0.008 0.163 0.2 0.021 0.059 0.027 0.013 0.05 0.06 0.03 0.015 0.105
73 L 0.031 0.017 0.01 0.011 0.011 0.013 0.015 0.015 0.008 0.076 0.489 0.019 0.113 0.036 0.01 0.018 0.023 0.005 0.015 0.064
74 A 0.226 0.024 0.039 0.021 0.012 0.017 0.025 0.061 0.01 0.076 0.059 0.065 0.048 0.023 0.016 0.068 0.05 0.004 0.013 0.143
75 L 0.028 0.018 0.033 0.015 0.008 0.012 0.03 0.022 0.012 0.053 0.235 0.018 0.04 0.228 0.009 0.02 0.021 0.06 0.075 0.063
76 G 0.04 0.079 0.024 0.021 0.011 0.068 0.028 0.269 0.047 0.025 0.078 0.072 0.029 0.045 0.013 0.03 0.022 0.006 0.067 0.026
77 F 0.023 0.013 0.011 0.011 0.007 0.007 0.013 0.017 0.011 0.043 0.077 0.013 0.017 0.586 0.007 0.017 0.017 0.011 0.06 0.037
78 G 0.075 0.025 0.135 0.184 0.007 0.046 0.098 0.188 0.036 0.016 0.023 0.034 0.008 0.012 0.015 0.04 0.026 0.003 0.01 0.02
79 V 0.069 0.022 0.018 0.018 0.011 0.069 0.033 0.023 0.034 0.085 0.084 0.027 0.018 0.029 0.013 0.064 0.054 0.006 0.078 0.246
80 P 0.122 0.046 0.024 0.052 0.009 0.059 0.11 0.037 0.012 0.027 0.039 0.038 0.011 0.013 0.194 0.078 0.059 0.003 0.011 0.057
81 L 0.036 0.017 0.013 0.013 0.011 0.012 0.016 0.017 0.007 0.141 0.328 0.019 0.043 0.03 0.037 0.024 0.082 0.004 0.014 0.136
82 P 0.134 0.02 0.016 0.019 0.011 0.047 0.025 0.028 0.009 0.084 0.073 0.027 0.015 0.017 0.227 0.05 0.03 0.003 0.012 0.154
83 P 0.079 0.044 0.062 0.11 0.008 0.021 0.076 0.059 0.012 0.019 0.027 0.035 0.009 0.011 0.225 0.128 0.032 0.003 0.01 0.031
84 P 0.07 0.022 0.018 0.019 0.009 0.015 0.024 0.025 0.011 0.059 0.052 0.063 0.013 0.078 0.219 0.049 0.076 0.005 0.058 0.114
85 E 0.115 0.026 0.046 0.087 0.008 0.028 0.214 0.057 0.035 0.047 0.093 0.039 0.013 0.016 0.017 0.058 0.046 0.004 0.013 0.038
86 Y 0.058 0.025 0.06 0.024 0.009 0.058 0.047 0.026 0.033 0.061 0.056 0.03 0.064 0.05 0.014 0.064 0.104 0.008 0.146 0.062
87 L 0.033 0.02 0.013 0.013 0.01 0.049 0.019 0.017 0.009 0.069 0.466 0.022 0.063 0.045 0.011 0.037 0.025 0.005 0.016 0.059
88 L 0.052 0.017 0.011 0.012 0.035 0.028 0.016 0.018 0.009 0.074 0.305 0.018 0.025 0.188 0.009 0.02 0.021 0.059 0.03 0.052
89 L 0.034 0.049 0.04 0.024 0.008 0.128 0.076 0.022 0.017 0.077 0.193 0.036 0.036 0.032 0.013 0.046 0.026 0.006 0.092 0.045
90 A 0.283 0.021 0.021 0.021 0.013 0.017 0.026 0.04 0.009 0.048 0.047 0.029 0.013 0.016 0.018 0.072 0.191 0.004 0.012 0.095
91 L 0.031 0.02 0.013 0.013 0.01 0.059 0.02 0.017 0.009 0.07 0.425 0.022 0.048 0.099 0.01 0.028 0.023 0.006 0.02 0.057
92 L 0.093 0.016 0.012 0.013 0.011 0.012 0.016 0.072 0.008 0.062 0.35 0.019 0.034 0.119 0.011 0.024 0.026 0.006 0.021 0.074
93 S 0.126 0.021 0.022 0.021 0.011 0.017 0.025 0.032 0.011 0.077 0.071 0.027 0.015 0.026 0.016 0.16 0.107 0.057 0.057 0.101
94 A 0.38 0.022 0.021 0.022 0.013 0.018 0.027 0.073 0.01 0.029 0.041 0.03 0.028 0.015 0.045 0.105 0.063 0.004 0.012 0.043
95 L 0.102 0.019 0.019 0.018 0.011 0.014 0.02 0.055 0.009 0.086 0.221 0.023 0.02 0.069 0.014 0.055 0.166 0.005 0.017 0.058
96 G 0.153 0.016 0.018 0.018 0.069 0.013 0.019 0.215 0.008 0.081 0.082 0.022 0.014 0.034 0.014 0.05 0.028 0.004 0.012 0.13
97 F 0.059 0.016 0.02 0.018 0.008 0.011 0.017 0.274 0.011 0.029 0.049 0.02 0.012 0.287 0.011 0.068 0.022 0.007 0.033 0.029
98 Y 0.027 0.019 0.015 0.013 0.006 0.015 0.019 0.017 0.032 0.029 0.046 0.021 0.013 0.088 0.011 0.021 0.019 0.019 0.539 0.032
99 L 0.133 0.017 0.014 0.014 0.011 0.012 0.017 0.112 0.008 0.085 0.304 0.02 0.023 0.062 0.012 0.028 0.025 0.005 0.016 0.083
100 I 0.033 0.013 0.01 0.011 0.036 0.01 0.013 0.015 0.007 0.306 0.2 0.016 0.025 0.064 0.01 0.018 0.026 0.031 0.018 0.14
101 Y 0.027 0.019 0.015 0.013 0.006 0.014 0.019 0.017 0.031 0.03 0.048 0.021 0.013 0.108 0.01 0.021 0.019 0.019 0.52 0.032
102 Y 0.037 0.02 0.016 0.017 0.007 0.033 0.041 0.019 0.045 0.032 0.088 0.023 0.014 0.119 0.01 0.022 0.019 0.091 0.315 0.032
103 V 0.087 0.016 0.012 0.013 0.011 0.011 0.016 0.05 0.008 0.108 0.15 0.018 0.037 0.094 0.011 0.024 0.027 0.057 0.022 0.227
104 S 0.095 0.02 0.024 0.022 0.069 0.016 0.023 0.137 0.009 0.06 0.067 0.026 0.014 0.017 0.015 0.167 0.082 0.004 0.011 0.122
105 Y 0.027 0.019 0.015 0.013 0.006 0.015 0.019 0.017 0.032 0.029 0.046 0.021 0.013 0.088 0.011 0.021 0.019 0.019 0.539 0.032
106 K 0.038 0.14 0.029 0.026 0.006 0.082 0.042 0.053 0.118 0.02 0.051 0.203 0.012 0.015 0.016 0.068 0.026 0.004 0.028 0.023
107 T 0.052 0.064 0.019 0.018 0.009 0.015 0.021 0.074 0.012 0.08 0.077 0.027 0.015 0.118 0.013 0.051 0.135 0.033 0.078 0.089
108 R 0.056 0.171 0.02 0.018 0.065 0.02 0.026 0.05 0.012 0.052 0.056 0.098 0.013 0.122 0.013 0.059 0.026 0.031 0.022 0.07
109 L 0.069 0.039 0.057 0.041 0.028 0.014 0.021 0.049 0.01 0.051 0.264 0.024 0.021 0.104 0.037 0.044 0.032 0.014 0.02 0.063
110 V 0.071 0.022 0.017 0.018 0.02 0.017 0.024 0.025 0.008 0.168 0.133 0.027 0.032 0.036 0.017 0.034 0.05 0.006 0.021 0.254
111 R 0.036 0.22 0.063 0.023 0.008 0.022 0.028 0.051 0.014 0.028 0.119 0.047 0.014 0.042 0.094 0.076 0.034 0.016 0.035 0.03
112 P 0.048 0.071 0.042 0.023 0.009 0.038 0.03 0.027 0.022 0.068 0.044 0.088 0.012 0.054 0.177 0.084 0.07 0.004 0.016 0.072
113 R 0.087 0.14 0.043 0.025 0.008 0.058 0.03 0.068 0.013 0.033 0.091 0.07 0.023 0.067 0.055 0.04 0.047 0.005 0.038 0.058
114 I 0.048 0.018 0.015 0.018 0.017 0.014 0.018 0.021 0.009 0.256 0.171 0.024 0.038 0.045 0.015 0.026 0.041 0.006 0.021 0.18
115 R 0.046 0.332 0.04 0.032 0.008 0.049 0.053 0.034 0.024 0.024 0.047 0.123 0.016 0.018 0.02 0.046 0.036 0.006 0.018 0.032
116 P 0.085 0.034 0.039 0.041 0.014 0.027 0.045 0.052 0.016 0.028 0.04 0.049 0.013 0.017 0.257 0.124 0.06 0.004 0.016 0.037
117 H 0.043 0.046 0.179 0.062 0.008 0.037 0.052 0.053 0.187 0.023 0.036 0.051 0.014 0.025 0.02 0.057 0.039 0.006 0.037 0.025
118 D 0.077 0.036 0.063 0.218 0.013 0.032 0.073 0.058 0.019 0.027 0.036 0.05 0.013 0.018 0.027 0.129 0.06 0.005 0.015 0.034
119 D 0.05 0.07 0.056 0.214 0.008 0.043 0.083 0.046 0.02 0.026 0.036 0.155 0.013 0.016 0.026 0.054 0.038 0.005 0.015 0.029
120 I 0.048 0.018 0.015 0.018 0.017 0.014 0.018 0.021 0.009 0.256 0.171 0.024 0.038 0.045 0.015 0.026 0.041 0.006 0.021 0.18
121 E 0.057 0.08 0.042 0.067 0.008 0.06 0.177 0.04 0.024 0.025 0.041 0.17 0.014 0.016 0.027 0.055 0.039 0.005 0.017 0.033
122 P 0.085 0.034 0.039 0.041 0.014 0.027 0.045 0.052 0.016 0.028 0.04 0.049 0.013 0.017 0.257 0.124 0.06 0.004 0.016 0.037
123 D 0.049 0.041 0.056 0.239 0.008 0.048 0.188 0.042 0.023 0.023 0.033 0.061 0.011 0.016 0.025 0.055 0.037 0.005 0.014 0.028
124 N 0.059 0.041 0.174 0.062 0.014 0.031 0.045 0.055 0.023 0.039 0.049 0.051 0.016 0.021 0.024 0.083 0.141 0.005 0.017 0.05
125 P 0.052 0.026 0.019 0.024 0.014 0.019 0.029 0.029 0.012 0.072 0.2 0.034 0.031 0.034 0.249 0.035 0.036 0.005 0.018 0.065
126 T 0.093 0.039 0.05 0.044 0.018 0.031 0.047 0.056 0.017 0.042 0.055 0.051 0.018 0.023 0.029 0.149 0.157 0.006 0.018 0.058
127 S 0.065 0.078 0.045 0.024 0.022 0.057 0.03 0.06 0.013 0.054 0.093 0.056 0.014 0.021 0.076 0.109 0.059 0.031 0.035 0.058
128 L 0.055 0.032 0.025 0.023 0.017 0.021 0.028 0.029 0.012 0.095 0.261 0.034 0.04 0.045 0.021 0.048 0.099 0.007 0.021 0.088
129 A 0.119 0.08 0.03 0.031 0.016 0.028 0.039 0.049 0.015 0.07 0.092 0.054 0.022 0.026 0.1 0.078 0.049 0.005 0.018 0.08
130 V 0.071 0.022 0.017 0.018 0.02 0.017 0.024 0.025 0.008 0.168 0.133 0.027 0.032 0.036 0.017 0.034 0.05 0.006 0.021 0.255
131 Y 0.041 0.029 0.022 0.019 0.009 0.022 0.029 0.025 0.048 0.044 0.07 0.032 0.019 0.133 0.016 0.032 0.029 0.029 0.305 0.048
132 K 0.058 0.109 0.042 0.042 0.009 0.055 0.072 0.044 0.021 0.028 0.044 0.264 0.016 0.016 0.028 0.055 0.04 0.005 0.018 0.033
133 T 0.074 0.036 0.044 0.038 0.018 0.028 0.04 0.044 0.014 0.054 0.066 0.046 0.02 0.024 0.028 0.094 0.232 0.006 0.018 0.072
134 G 0.08 0.023 0.04 0.034 0.011 0.019 0.026 0.501 0.014 0.019 0.029 0.034 0.01 0.017 0.019 0.052 0.03 0.006 0.011 0.025
135 R 0.061 0.184 0.051 0.125 0.01 0.041 0.063 0.045 0.022 0.025 0.041 0.086 0.014 0.018 0.023 0.087 0.048 0.005 0.016 0.033
136 D 0.045 0.049 0.111 0.257 0.008 0.036 0.08 0.051 0.022 0.024 0.032 0.091 0.011 0.016 0.023 0.057 0.04 0.004 0.014 0.027
137 N 0.062 0.042 0.137 0.123 0.012 0.038 0.095 0.055 0.024 0.029 0.04 0.056 0.014 0.019 0.025 0.092 0.082 0.005 0.016 0.038
138 N 0.091 0.034 0.144 0.121 0.013 0.028 0.051 0.056 0.021 0.074 0.065 0.045 0.018 0.024 0.022 0.061 0.046 0.005 0.016 0.066
139 R 0.087 0.14 0.03 0.029 0.013 0.034 0.043 0.039 0.017 0.106 0.09 0.101 0.023 0.027 0.021 0.047 0.041 0.006 0.019 0.088
140 R 0.071 0.128 0.048 0.085 0.011 0.043 0.101 0.092 0.022 0.025 0.04 0.077 0.014 0.018 0.024 0.097 0.05 0.005 0.016 0.034
141 D 0.05 0.053 0.088 0.192 0.075 0.035 0.07 0.047 0.02 0.028 0.039 0.106 0.013 0.017 0.023 0.054 0.04 0.004 0.014 0.032
142 N 0.067 0.039 0.121 0.053 0.013 0.031 0.045 0.118 0.067 0.032 0.044 0.048 0.015 0.022 0.024 0.09 0.101 0.006 0.022 0.042
143 A 0.12 0.031 0.068 0.037 0.017 0.024 0.036 0.051 0.015 0.105 0.09 0.041 0.023 0.029 0.024 0.069 0.1 0.006 0.019 0.096
144 E 0.071 0.062 0.05 0.108 0.011 0.048 0.13 0.049 0.022 0.026 0.04 0.12 0.014 0.018 0.027 0.098 0.051 0.005 0.017 0.034
145 P 0.074 0.031 0.035 0.036 0.014 0.024 0.039 0.047 0.017 0.037 0.059 0.042 0.017 0.107 0.177 0.107 0.054 0.007 0.034 0.042
146 E 0.07 0.048 0.045 0.081 0.01 0.058 0.226 0.044 0.025 0.024 0.039 0.071 0.014 0.018 0.027 0.094 0.049 0.006 0.017 0.035
147 T 0.069 0.036 0.062 0.04 0.017 0.028 0.04 0.044 0.016 0.053 0.072 0.046 0.029 0.025 0.065 0.083 0.185 0.006 0.018 0.067
148 P 0.072 0.031 0.031 0.032 0.015 0.024 0.037 0.042 0.014 0.058 0.148 0.041 0.026 0.03 0.176 0.092 0.051 0.005 0.018 0.057
149 S 0.111 0.041 0.055 0.049 0.018 0.034 0.053 0.067 0.019 0.031 0.045 0.055 0.017 0.022 0.03 0.204 0.084 0.005 0.018 0.043
150 R 0.056 0.23 0.041 0.034 0.011 0.042 0.049 0.038 0.02 0.035 0.055 0.096 0.018 0.02 0.022 0.062 0.1 0.006 0.018 0.047
151 V 0.049 0.024 0.051 0.085 0.009 0.018 0.03 0.062 0.049 0.089 0.065 0.052 0.014 0.069 0.056 0.076 0.031 0.023 0.047 0.103
152 E 0.064 0.051 0.048 0.105 0.01 0.104 0.126 0.078 0.023 0.027 0.041 0.068 0.016 0.017 0.025 0.081 0.059 0.005 0.017 0.035
153 K 0.052 0.086 0.134 0.055 0.009 0.047 0.064 0.05 0.024 0.026 0.039 0.204 0.014 0.016 0.025 0.059 0.043 0.005 0.017 0.031
154 E 0.05 0.043 0.05 0.193 0.007 0.053 0.229 0.039 0.023 0.022 0.034 0.065 0.012 0.016 0.025 0.054 0.036 0.005 0.015 0.029
155 S 0.086 0.037 0.045 0.04 0.016 0.029 0.044 0.052 0.022 0.04 0.054 0.047 0.018 0.04 0.027 0.146 0.128 0.009 0.068 0.052
156 A 0.291 0.031 0.026 0.03 0.022 0.026 0.04 0.078 0.015 0.043 0.059 0.044 0.017 0.022 0.03 0.085 0.05 0.005 0.017 0.069
157 T 0.085 0.037 0.047 0.041 0.018 0.029 0.044 0.051 0.016 0.045 0.057 0.048 0.018 0.023 0.028 0.135 0.192 0.006 0.018 0.061
158 S 0.11 0.04 0.054 0.049 0.017 0.033 0.052 0.066 0.019 0.03 0.042 0.054 0.016 0.021 0.03 0.221 0.082 0.005 0.017 0.042
159 G 0.136 0.032 0.062 0.042 0.015 0.028 0.062 0.171 0.017 0.051 0.055 0.044 0.016 0.021 0.024 0.074 0.064 0.005 0.016 0.064
160 A 0.317 0.028 0.03 0.076 0.015 0.03 0.045 0.066 0.018 0.036 0.05 0.038 0.014 0.017 0.025 0.07 0.049 0.004 0.014 0.057
161 S 0.112 0.041 0.055 0.05 0.018 0.034 0.053 0.068 0.02 0.03 0.043 0.055 0.016 0.021 0.03 0.204 0.084 0.005 0.018 0.043
162 R 0.046 0.332 0.04 0.032 0.008 0.049 0.053 0.034 0.024 0.024 0.047 0.123 0.016 0.018 0.02 0.046 0.036 0.006 0.018 0.032
163 P 0.058 0.026 0.024 0.032 0.011 0.021 0.037 0.037 0.013 0.026 0.037 0.042 0.011 0.013 0.483 0.045 0.037 0.003 0.013 0.032
164 L 0.056 0.025 0.015 0.016 0.017 0.017 0.022 0.024 0.011 0.114 0.349 0.027 0.049 0.054 0.015 0.028 0.035 0.007 0.023 0.097
165 P 0.069 0.027 0.025 0.032 0.011 0.022 0.038 0.04 0.013 0.027 0.038 0.043 0.011 0.014 0.447 0.053 0.039 0.003 0.014 0.034
166 T 0.099 0.041 0.068 0.027 0.01 0.096 0.035 0.066 0.013 0.051 0.065 0.057 0.014 0.016 0.029 0.101 0.108 0.004 0.013 0.089
167 P 0.065 0.072 0.032 0.031 0.013 0.029 0.04 0.068 0.019 0.057 0.063 0.078 0.018 0.035 0.105 0.068 0.057 0.008 0.056 0.084
168 P 0.066 0.069 0.043 0.026 0.034 0.057 0.056 0.029 0.012 0.024 0.073 0.094 0.011 0.013 0.234 0.083 0.032 0.003 0.011 0.029
169 R 0.046 0.332 0.04 0.032 0.008 0.049 0.053 0.034 0.024 0.024 0.047 0.123 0.016 0.018 0.02 0.046 0.036 0.006 0.018 0.032
170 P 0.058 0.026 0.024 0.032 0.011 0.021 0.037 0.037 0.013 0.026 0.037 0.042 0.011 0.013 0.483 0.045 0.037 0.003 0.013 0.032
171 S 0.112 0.041 0.055 0.05 0.018 0.034 0.053 0.068 0.02 0.03 0.043 0.055 0.016 0.021 0.03 0.204 0.084 0.005 0.018 0.043
172 R 0.044 0.191 0.036 0.024 0.007 0.116 0.04 0.079 0.06 0.03 0.037 0.129 0.012 0.03 0.016 0.035 0.026 0.004 0.016 0.068
173 T 0.074 0.036 0.044 0.038 0.018 0.028 0.04 0.044 0.014 0.054 0.066 0.046 0.02 0.024 0.028 0.095 0.231 0.006 0.018 0.072
174 V 0.071 0.022 0.017 0.018 0.02 0.017 0.024 0.025 0.008 0.168 0.133 0.027 0.032 0.036 0.017 0.034 0.05 0.006 0.021 0.254
175 T 0.074 0.036 0.044 0.038 0.018 0.028 0.04 0.044 0.014 0.054 0.066 0.046 0.02 0.024 0.028 0.095 0.231 0.006 0.018 0.072
176 A 0.174 0.027 0.021 0.024 0.021 0.021 0.033 0.053 0.012 0.106 0.097 0.036 0.025 0.029 0.024 0.06 0.051 0.006 0.019 0.162
177 A 0.172 0.093 0.046 0.028 0.01 0.026 0.062 0.063 0.035 0.022 0.033 0.062 0.01 0.016 0.072 0.125 0.058 0.004 0.033 0.031
178 V 0.068 0.023 0.025 0.024 0.093 0.018 0.025 0.108 0.01 0.119 0.1 0.03 0.025 0.03 0.019 0.047 0.074 0.005 0.017 0.141
179 L 0.089 0.032 0.024 0.04 0.016 0.032 0.1 0.035 0.015 0.094 0.161 0.043 0.03 0.034 0.021 0.045 0.042 0.006 0.02 0.12
180 L 0.06 0.025 0.045 0.021 0.01 0.017 0.025 0.038 0.01 0.045 0.154 0.073 0.017 0.075 0.13 0.074 0.074 0.004 0.017 0.084
181 S 0.109 0.04 0.053 0.048 0.018 0.033 0.052 0.066 0.019 0.034 0.057 0.054 0.018 0.023 0.03 0.196 0.081 0.005 0.018 0.045
182 L 0.096 0.021 0.043 0.022 0.01 0.038 0.049 0.027 0.01 0.095 0.169 0.027 0.019 0.032 0.125 0.052 0.033 0.018 0.015 0.098
183 A nan nan nan nan nan nan nan nan nan nan nan nan nan nan nan nan nan nan nan nan
184 A nan nan nan nan nan nan nan nan nan nan nan nan nan nan nan nan nan nan nan nan
185 A nan nan nan nan nan nan nan nan nan nan nan nan nan nan nan nan nan nan nan nan
186 A nan nan nan nan nan nan nan nan nan nan nan nan nan nan nan nan nan nan nan nan
187 A nan nan nan nan nan nan nan nan nan nan nan nan nan nan nan nan nan nan nan nan
188 A nan nan nan nan nan nan nan nan nan nan nan nan nan nan nan nan nan nan nan nan
189 A nan nan nan nan nan nan nan nan nan nan nan nan nan nan nan nan nan nan nan nan
190 F 0.063 0.049 0.046 0.022 0.009 0.055 0.028 0.054 0.012 0.039 0.096 0.071 0.015 0.147 0.067 0.069 0.053 0.006 0.024 0.074
191 T 0.083 0.033 0.111 0.078 0.009 0.064 0.059 0.086 0.015 0.035 0.037 0.065 0.011 0.014 0.016 0.103 0.116 0.004 0.011 0.05
192 F 0.033 0.018 0.035 0.017 0.009 0.015 0.037 0.02 0.011 0.079 0.16 0.021 0.134 0.19 0.011 0.036 0.043 0.007 0.049 0.075
193 A 0.245 0.026 0.16 0.031 0.011 0.02 0.03 0.044 0.013 0.029 0.036 0.051 0.011 0.014 0.043 0.093 0.068 0.003 0.012 0.061
194 K 0.057 0.217 0.045 0.028 0.006 0.05 0.061 0.029 0.015 0.019 0.031 0.265 0.011 0.011 0.017 0.054 0.046 0.004 0.012 0.024
195 F 0.041 0.024 0.04 0.02 0.01 0.016 0.033 0.024 0.011 0.07 0.142 0.071 0.018 0.152 0.013 0.098 0.067 0.006 0.024 0.119
196 E 0.04 0.033 0.028 0.054 0.006 0.079 0.37 0.026 0.049 0.019 0.049 0.047 0.011 0.013 0.017 0.072 0.046 0.004 0.013 0.024
197 A 0.342 0.02 0.019 0.02 0.013 0.016 0.025 0.068 0.011 0.035 0.046 0.028 0.013 0.042 0.018 0.052 0.116 0.005 0.038 0.073
198 K 0.033 0.062 0.15 0.037 0.007 0.064 0.038 0.039 0.074 0.062 0.086 0.169 0.013 0.019 0.014 0.034 0.027 0.004 0.036 0.033
199 L 0.033 0.016 0.011 0.012 0.011 0.011 0.015 0.016 0.007 0.13 0.433 0.018 0.03 0.033 0.036 0.02 0.048 0.004 0.014 0.101
200 T 0.06 0.023 0.027 0.023 0.012 0.017 0.025 0.028 0.009 0.039 0.081 0.029 0.015 0.048 0.017 0.058 0.419 0.004 0.015 0.049
201 A 0.311 0.018 0.016 0.017 0.072 0.015 0.022 0.072 0.01 0.049 0.047 0.025 0.029 0.042 0.015 0.054 0.029 0.092 0.018 0.046
202 C 0.043 0.015 0.015 0.014 0.215 0.012 0.016 0.129 0.01 0.046 0.078 0.019 0.04 0.029 0.011 0.043 0.025 0.058 0.077 0.104
203 L 0.03 0.015 0.01 0.011 0.011 0.011 0.013 0.015 0.007 0.159 0.43 0.017 0.045 0.079 0.01 0.017 0.023 0.005 0.018 0.074
204 L 0.03 0.016 0.01 0.01 0.011 0.011 0.014 0.014 0.007 0.078 0.577 0.017 0.034 0.037 0.01 0.016 0.023 0.005 0.015 0.065
205 A 0.214 0.019 0.017 0.017 0.063 0.015 0.021 0.11 0.009 0.061 0.123 0.024 0.083 0.043 0.015 0.055 0.038 0.004 0.014 0.055
206 L 0.078 0.017 0.013 0.013 0.011 0.012 0.016 0.077 0.008 0.083 0.359 0.02 0.063 0.053 0.011 0.025 0.041 0.005 0.016 0.078
207 V 0.039 0.014 0.011 0.012 0.012 0.011 0.014 0.015 0.006 0.239 0.187 0.017 0.036 0.029 0.01 0.019 0.029 0.004 0.014 0.281
208 A 0.446 0.021 0.02 0.021 0.014 0.017 0.027 0.102 0.01 0.027 0.037 0.03 0.011 0.014 0.019 0.09 0.034 0.004 0.011 0.043
209 L 0.055 0.015 0.011 0.012 0.011 0.011 0.015 0.017 0.007 0.187 0.249 0.018 0.025 0.076 0.011 0.022 0.049 0.005 0.018 0.186
210 G 0.072 0.016 0.018 0.017 0.01 0.012 0.017 0.24 0.008 0.093 0.107 0.021 0.033 0.066 0.012 0.048 0.031 0.004 0.015 0.159
211 S 0.121 0.025 0.031 0.028 0.039 0.02 0.03 0.04 0.011 0.027 0.036 0.033 0.012 0.015 0.019 0.266 0.195 0.004 0.012 0.038
212 L 0.081 0.016 0.011 0.012 0.012 0.012 0.016 0.019 0.007 0.114 0.368 0.019 0.044 0.031 0.011 0.022 0.028 0.004 0.014 0.158
213 G 0.178 0.017 0.018 0.018 0.011 0.013 0.019 0.212 0.009 0.096 0.107 0.023 0.016 0.058 0.014 0.045 0.035 0.004 0.015 0.094
214 V 0.076 0.015 0.013 0.013 0.011 0.012 0.016 0.06 0.01 0.176 0.127 0.019 0.02 0.034 0.011 0.024 0.027 0.058 0.079 0.2
215 F 0.023 0.013 0.011 0.011 0.007 0.007 0.013 0.017 0.011 0.043 0.077 0.013 0.017 0.586 0.007 0.017 0.017 0.011 0.06 0.037
216 I 0.049 0.022 0.016 0.019 0.016 0.017 0.021 0.023 0.011 0.22 0.178 0.027 0.065 0.046 0.015 0.028 0.041 0.007 0.022 0.158
217 F 0.029 0.014 0.012 0.012 0.009 0.01 0.014 0.042 0.012 0.142 0.138 0.016 0.02 0.261 0.009 0.019 0.021 0.009 0.116 0.093
218 G 0.078 0.023 0.039 0.034 0.011 0.019 0.026 0.51 0.013 0.019 0.028 0.034 0.009 0.016 0.019 0.051 0.03 0.005 0.011 0.024
219 L 0.109 0.019 0.016 0.016 0.011 0.015 0.02 0.051 0.012 0.088 0.222 0.023 0.075 0.057 0.013 0.08 0.029 0.006 0.079 0.062
220 N 0.031 0.049 0.2 0.031 0.008 0.051 0.03 0.028 0.07 0.045 0.172 0.051 0.06 0.044 0.012 0.032 0.027 0.004 0.017 0.037
221 N 0.03 0.031 0.438 0.098 0.006 0.042 0.076 0.041 0.02 0.015 0.022 0.038 0.008 0.012 0.014 0.045 0.032 0.003 0.011 0.019
222 G 0.053 0.016 0.026 0.023 0.007 0.013 0.019 0.667 0.009 0.013 0.019 0.023 0.006 0.011 0.013 0.035 0.02 0.004 0.007 0.016
223 F 0.026 0.015 0.011 0.011 0.009 0.009 0.013 0.016 0.009 0.057 0.303 0.015 0.024 0.303 0.008 0.017 0.02 0.047 0.039 0.049
224 L 0.03 0.016 0.01 0.01 0.011 0.011 0.014 0.014 0.007 0.078 0.578 0.017 0.034 0.037 0.01 0.016 0.023 0.005 0.015 0.065
225 L 0.029 0.016 0.01 0.01 0.011 0.01 0.013 0.015 0.007 0.091 0.505 0.017 0.031 0.096 0.009 0.017 0.022 0.005 0.02 0.064
226 F 0.023 0.013 0.011 0.011 0.007 0.007 0.013 0.017 0.011 0.043 0.077 0.013 0.017 0.586 0.007 0.017 0.017 0.011 0.06 0.037
227 K 0.038 0.186 0.028 0.029 0.006 0.035 0.082 0.028 0.014 0.018 0.03 0.33 0.01 0.011 0.017 0.053 0.046 0.004 0.012 0.023
228 L 0.031 0.017 0.01 0.011 0.011 0.011 0.014 0.015 0.007 0.076 0.556 0.018 0.033 0.036 0.023 0.026 0.023 0.005 0.015 0.063
229 E 0.041 0.055 0.034 0.09 0.007 0.075 0.275 0.03 0.044 0.019 0.028 0.048 0.01 0.012 0.017 0.08 0.093 0.004 0.013 0.025
230 K 0.078 0.072 0.03 0.029 0.008 0.047 0.042 0.035 0.014 0.02 0.03 0.286 0.011 0.012 0.019 0.169 0.055 0.004 0.012 0.027
231 Y 0.027 0.019 0.015 0.013 0.006 0.015 0.019 0.017 0.032 0.029 0.046 0.021 0.013 0.088 0.011 0.021 0.019 0.019 0.539 0.032
232 S 0.067 0.027 0.086 0.035 0.011 0.022 0.035 0.069 0.036 0.019 0.027 0.036 0.01 0.014 0.019 0.396 0.05 0.004 0.013 0.026
233 Q 0.037 0.049 0.029 0.031 0.006 0.415 0.065 0.027 0.041 0.02 0.053 0.077 0.014 0.011 0.016 0.036 0.027 0.004 0.015 0.025
234 R 0.045 0.334 0.039 0.032 0.008 0.049 0.053 0.033 0.024 0.024 0.047 0.122 0.016 0.018 0.02 0.045 0.036 0.006 0.018 0.032
235 I 0.032 0.012 0.01 0.012 0.011 0.009 0.012 0.014 0.006 0.473 0.151 0.016 0.026 0.03 0.01 0.017 0.027 0.004 0.014 0.115
236 F 0.023 0.013 0.011 0.011 0.007 0.007 0.013 0.017 0.011 0.043 0.077 0.013 0.017 0.586 0.007 0.017 0.017 0.011 0.06 0.037
237 S 0.092 0.027 0.036 0.033 0.012 0.022 0.035 0.045 0.013 0.02 0.029 0.036 0.011 0.014 0.02 0.456 0.055 0.004 0.012 0.029
238 A 0.187 0.092 0.067 0.028 0.01 0.04 0.034 0.044 0.014 0.022 0.032 0.078 0.011 0.013 0.069 0.157 0.055 0.003 0.012 0.031
239 D 0.043 0.038 0.187 0.235 0.008 0.032 0.072 0.057 0.026 0.023 0.03 0.05 0.01 0.017 0.022 0.062 0.043 0.004 0.014 0.026
240 D 0.058 0.056 0.029 0.153 0.007 0.129 0.103 0.053 0.014 0.047 0.119 0.044 0.014 0.016 0.015 0.055 0.039 0.004 0.012 0.034
241 W 0.031 0.023 0.015 0.015 0.008 0.015 0.023 0.031 0.015 0.031 0.054 0.023 0.015 0.062 0.008 0.023 0.023 0.483 0.07 0.031
242 V 0.045 0.014 0.011 0.012 0.013 0.011 0.015 0.016 0.006 0.16 0.111 0.017 0.022 0.025 0.011 0.021 0.032 0.004 0.014 0.439
243 S 0.08 0.054 0.03 0.03 0.01 0.095 0.061 0.061 0.014 0.036 0.035 0.078 0.012 0.025 0.018 0.243 0.05 0.004 0.013 0.053
244 G 0.115 0.017 0.027 0.044 0.008 0.014 0.021 0.422 0.032 0.022 0.067 0.024 0.01 0.04 0.013 0.035 0.022 0.005 0.033 0.026
245 V 0.045 0.015 0.013 0.014 0.012 0.012 0.016 0.018 0.006 0.18 0.107 0.019 0.022 0.025 0.012 0.04 0.069 0.004 0.014 0.358
246 A 0.341 0.019 0.017 0.02 0.012 0.016 0.025 0.068 0.01 0.028 0.057 0.028 0.011 0.015 0.172 0.047 0.034 0.029 0.012 0.04
247 L 0.03 0.016 0.01 0.01 0.011 0.011 0.014 0.014 0.007 0.077 0.568 0.017 0.033 0.048 0.01 0.016 0.022 0.005 0.016 0.064
248 K 0.039 0.072 0.028 0.028 0.006 0.036 0.048 0.029 0.014 0.019 0.029 0.512 0.01 0.01 0.019 0.036 0.027 0.004 0.012 0.022
249 R 0.03 0.557 0.026 0.021 0.005 0.033 0.035 0.022 0.016 0.016 0.031 0.081 0.01 0.012 0.013 0.03 0.024 0.004 0.012 0.021
250 F 0.023 0.013 0.011 0.011 0.007 0.007 0.013 0.017 0.011 0.044 0.097 0.013 0.018 0.564 0.007 0.017 0.017 0.011 0.058 0.038
251 F 0.023 0.013 0.011 0.011 0.007 0.007 0.013 0.017 0.011 0.043 0.077 0.013 0.017 0.586 0.007 0.017 0.017 0.011 0.06 0.037
252 Y 0.027 0.019 0.015 0.013 0.01 0.015 0.019 0.017 0.031 0.029 0.046 0.021 0.013 0.088 0.011 0.021 0.019 0.019 0.536 0.032
253 F 0.023 0.013 0.011 0.011 0.007 0.007 0.013 0.017 0.011 0.043 0.077 0.013 0.017 0.586 0.007 0.017 0.017 0.011 0.06 0.037
254 F 0.025 0.013 0.011 0.011 0.033 0.008 0.013 0.017 0.011 0.05 0.143 0.013 0.019 0.486 0.008 0.017 0.018 0.01 0.052 0.041
255 I 0.031 0.014 0.01 0.011 0.011 0.01 0.013 0.014 0.007 0.301 0.297 0.016 0.028 0.055 0.01 0.017 0.025 0.005 0.016 0.11
256 P 0.058 0.018 0.016 0.021 0.007 0.014 0.025 0.026 0.009 0.018 0.025 0.028 0.007 0.009 0.632 0.031 0.025 0.002 0.009 0.022
257 A 0.489 0.021 0.018 0.02 0.014 0.017 0.027 0.091 0.01 0.028 0.039 0.03 0.011 0.014 0.02 0.058 0.033 0.004 0.012 0.045
258 L 0.032 0.019 0.011 0.012 0.011 0.014 0.016 0.016 0.008 0.074 0.4 0.02 0.193 0.035 0.01 0.02 0.024 0.005 0.016 0.064
259 L 0.03 0.016 0.01 0.01 0.011 0.011 0.014 0.014 0.007 0.078 0.578 0.017 0.034 0.037 0.01 0.016 0.023 0.005 0.015 0.065
260 I 0.035 0.014 0.01 0.012 0.011 0.01 0.014 0.015 0.006 0.316 0.196 0.017 0.05 0.03 0.01 0.018 0.028 0.004 0.014 0.186
261 F 0.049 0.016 0.011 0.012 0.009 0.01 0.015 0.019 0.009 0.065 0.16 0.016 0.036 0.22 0.01 0.02 0.022 0.123 0.036 0.142
262 F 0.025 0.016 0.013 0.012 0.01 0.011 0.016 0.017 0.022 0.036 0.061 0.017 0.015 0.327 0.009 0.019 0.018 0.015 0.306 0.034
263 F 0.023 0.013 0.011 0.011 0.007 0.008 0.013 0.017 0.011 0.045 0.116 0.013 0.018 0.52 0.007 0.017 0.018 0.037 0.056 0.039
264 L 0.032 0.017 0.031 0.013 0.036 0.012 0.015 0.016 0.007 0.094 0.48 0.018 0.039 0.034 0.01 0.022 0.024 0.005 0.015 0.082
265 K 0.065 0.13 0.03 0.024 0.011 0.063 0.038 0.028 0.05 0.021 0.034 0.197 0.011 0.03 0.016 0.079 0.028 0.007 0.113 0.026
266 P 0.057 0.034 0.042 0.029 0.007 0.123 0.081 0.027 0.013 0.018 0.027 0.074 0.009 0.01 0.353 0.034 0.026 0.003 0.011 0.023
267 T 0.051 0.026 0.132 0.08 0.01 0.021 0.034 0.038 0.018 0.025 0.032 0.034 0.011 0.014 0.018 0.19 0.219 0.004 0.012 0.033
268 K 0.037 0.208 0.025 0.024 0.006 0.058 0.04 0.026 0.014 0.027 0.062 0.276 0.013 0.026 0.016 0.038 0.026 0.009 0.014 0.054
269 R 0.035 0.272 0.026 0.025 0.006 0.035 0.059 0.025 0.014 0.022 0.055 0.265 0.02 0.013 0.016 0.033 0.038 0.004 0.012 0.025
270 A 0.186 0.182 0.085 0.026 0.01 0.047 0.032 0.037 0.014 0.029 0.043 0.047 0.045 0.015 0.016 0.077 0.041 0.004 0.012 0.052
271 W 0.02 0.015 0.01 0.01 0.005 0.01 0.015 0.02 0.01 0.02 0.036 0.015 0.01 0.041 0.005 0.015 0.015 0.657 0.046 0.02
272 W 0.028 0.015 0.011 0.011 0.013 0.01 0.014 0.049 0.009 0.087 0.213 0.016 0.025 0.086 0.008 0.017 0.02 0.266 0.031 0.07
273 L 0.084 0.021 0.016 0.016 0.011 0.041 0.022 0.05 0.011 0.081 0.22 0.042 0.029 0.093 0.012 0.048 0.044 0.058 0.042 0.059
274 F 0.025 0.013 0.012 0.012 0.008 0.008 0.013 0.043 0.011 0.047 0.121 0.014 0.018 0.497 0.008 0.018 0.018 0.01 0.052 0.052
275 L 0.03 0.016 0.01 0.01 0.011 0.011 0.014 0.014 0.007 0.078 0.578 0.017 0.034 0.037 0.01 0.016 0.023 0.005 0.015 0.065
276 I 0.068 0.015 0.012 0.013 0.038 0.011 0.015 0.019 0.007 0.241 0.212 0.018 0.024 0.054 0.011 0.043 0.028 0.004 0.016 0.151
277 L 0.086 0.018 0.016 0.016 0.045 0.013 0.019 0.04 0.008 0.092 0.17 0.021 0.028 0.07 0.013 0.075 0.075 0.031 0.022 0.142
278 G 0.071 0.02 0.028 0.024 0.011 0.016 0.022 0.364 0.009 0.023 0.03 0.027 0.01 0.013 0.016 0.065 0.209 0.004 0.01 0.031
279 V 0.083 0.017 0.014 0.014 0.012 0.013 0.018 0.044 0.007 0.115 0.143 0.021 0.062 0.025 0.012 0.047 0.05 0.004 0.014 0.285
280 A 0.148 0.02 0.022 0.021 0.011 0.016 0.023 0.136 0.01 0.074 0.106 0.026 0.015 0.041 0.016 0.127 0.101 0.004 0.014 0.068
281 F 0.023 0.013 0.011 0.011 0.007 0.008 0.013 0.017 0.012 0.044 0.096 0.013 0.018 0.544 0.007 0.017 0.017 0.011 0.077 0.038
282 G 0.053 0.015 0.026 0.023 0.007 0.013 0.017 0.669 0.009 0.013 0.019 0.023 0.006 0.011 0.013 0.035 0.02 0.004 0.007 0.016
283 L 0.06 0.015 0.015 0.015 0.011 0.011 0.016 0.165 0.007 0.151 0.185 0.019 0.022 0.048 0.011 0.025 0.044 0.004 0.014 0.161
284 L 0.029 0.016 0.01 0.011 0.01 0.01 0.013 0.015 0.007 0.097 0.492 0.017 0.031 0.104 0.009 0.017 0.022 0.006 0.02 0.065
285 T 0.076 0.025 0.031 0.027 0.037 0.02 0.029 0.035 0.033 0.03 0.038 0.032 0.012 0.015 0.019 0.205 0.28 0.004 0.013 0.039
286 Y 0.027 0.019 0.015 0.013 0.006 0.015 0.019 0.017 0.032 0.029 0.046 0.021 0.013 0.088 0.011 0.021 0.019 0.019 0.539 0.032
287 L 0.046 0.016 0.011 0.011 0.011 0.011 0.014 0.016 0.007 0.106 0.34 0.017 0.039 0.103 0.01 0.019 0.025 0.005 0.02 0.17
288 A 0.286 0.017 0.014 0.016 0.013 0.014 0.02 0.034 0.008 0.187 0.128 0.024 0.019 0.022 0.015 0.038 0.03 0.004 0.013 0.096
289 V 0.047 0.015 0.011 0.012 0.013 0.011 0.016 0.017 0.006 0.127 0.089 0.018 0.021 0.024 0.011 0.022 0.033 0.004 0.014 0.491
290 G 0.053 0.015 0.026 0.023 0.007 0.013 0.017 0.669 0.009 0.013 0.019 0.023 0.006 0.011 0.013 0.035 0.02 0.004 0.007 0.016
291 G 0.053 0.015 0.026 0.023 0.007 0.013 0.017 0.669 0.009 0.013 0.019 0.023 0.006 0.011 0.013 0.035 0.02 0.004 0.007 0.016
292 T 0.049 0.024 0.029 0.025 0.012 0.019 0.027 0.029 0.009 0.036 0.044 0.031 0.013 0.016 0.019 0.063 0.491 0.004 0.012 0.048
293 R 0.03 0.557 0.026 0.021 0.005 0.033 0.035 0.022 0.016 0.016 0.031 0.081 0.01 0.012 0.013 0.03 0.024 0.004 0.012 0.021
294 A 0.52 0.021 0.017 0.02 0.015 0.017 0.027 0.053 0.01 0.029 0.04 0.03 0.012 0.015 0.02 0.057 0.034 0.004 0.012 0.046
295 N 0.029 0.03 0.538 0.056 0.006 0.023 0.033 0.044 0.021 0.015 0.021 0.036 0.008 0.012 0.014 0.047 0.033 0.003 0.011 0.018
296 L 0.033 0.015 0.011 0.012 0.011 0.011 0.014 0.015 0.007 0.278 0.281 0.018 0.073 0.032 0.01 0.02 0.047 0.004 0.015 0.091
297 A 0.297 0.018 0.015 0.017 0.013 0.015 0.021 0.062 0.009 0.16 0.089 0.025 0.042 0.021 0.016 0.046 0.031 0.004 0.013 0.088
298 L 0.032 0.016 0.011 0.012 0.011 0.012 0.014 0.015 0.007 0.212 0.355 0.018 0.078 0.033 0.01 0.019 0.043 0.005 0.015 0.081
299 A 0.409 0.021 0.018 0.02 0.014 0.017 0.026 0.047 0.01 0.038 0.044 0.029 0.013 0.015 0.045 0.085 0.035 0.004 0.012 0.099
300 F 0.034 0.014 0.012 0.012 0.01 0.009 0.014 0.043 0.009 0.088 0.123 0.015 0.02 0.293 0.009 0.02 0.024 0.007 0.036 0.209
301 A 0.264 0.019 0.017 0.018 0.013 0.015 0.023 0.04 0.009 0.051 0.101 0.025 0.049 0.065 0.016 0.061 0.068 0.005 0.017 0.124
302 L 0.029 0.015 0.01 0.011 0.01 0.01 0.013 0.015 0.008 0.134 0.412 0.017 0.046 0.124 0.009 0.017 0.023 0.006 0.022 0.068
303 F 0.025 0.013 0.012 0.012 0.007 0.008 0.014 0.018 0.011 0.042 0.075 0.014 0.017 0.563 0.008 0.035 0.019 0.011 0.058 0.037
304 L 0.031 0.016 0.01 0.011 0.011 0.011 0.014 0.015 0.007 0.111 0.388 0.017 0.045 0.118 0.009 0.018 0.024 0.006 0.022 0.118
305 L 0.028 0.014 0.01 0.011 0.035 0.009 0.013 0.016 0.009 0.095 0.3 0.015 0.025 0.276 0.009 0.017 0.021 0.008 0.034 0.056
306 I 0.032 0.013 0.01 0.011 0.011 0.01 0.013 0.014 0.006 0.362 0.262 0.016 0.028 0.032 0.01 0.017 0.026 0.004 0.014 0.11
307 G 0.053 0.015 0.026 0.023 0.007 0.013 0.017 0.669 0.009 0.013 0.019 0.023 0.006 0.011 0.013 0.035 0.02 0.004 0.007 0.016
308 L 0.032 0.015 0.01 0.011 0.01 0.011 0.014 0.015 0.008 0.178 0.3 0.017 0.029 0.057 0.01 0.018 0.024 0.057 0.04 0.143
309 Y 0.095 0.047 0.023 0.026 0.009 0.079 0.049 0.026 0.017 0.082 0.081 0.052 0.015 0.037 0.014 0.056 0.056 0.008 0.159 0.069
310 R 0.032 0.241 0.037 0.058 0.006 0.087 0.042 0.025 0.037 0.02 0.035 0.168 0.011 0.081 0.014 0.032 0.024 0.005 0.022 0.023
311 G 0.043 0.152 0.038 0.047 0.006 0.038 0.029 0.38 0.034 0.014 0.024 0.073 0.008 0.011 0.013 0.034 0.022 0.004 0.01 0.018
312 Y 0.025 0.018 0.014 0.012 0.006 0.013 0.018 0.018 0.045 0.027 0.045 0.019 0.012 0.11 0.009 0.019 0.018 0.222 0.323 0.028
313 L 0.032 0.014 0.01 0.011 0.011 0.01 0.013 0.014 0.006 0.269 0.335 0.017 0.029 0.033 0.01 0.017 0.025 0.004 0.014 0.124
314 S 0.115 0.093 0.055 0.03 0.011 0.023 0.034 0.04 0.013 0.023 0.032 0.059 0.011 0.014 0.019 0.274 0.108 0.004 0.012 0.033
315 L 0.07 0.018 0.012 0.013 0.01 0.012 0.017 0.02 0.009 0.079 0.304 0.038 0.024 0.103 0.037 0.022 0.023 0.054 0.043 0.094
316 K 0.058 0.109 0.042 0.042 0.009 0.055 0.072 0.044 0.021 0.028 0.044 0.263 0.016 0.016 0.028 0.055 0.041 0.005 0.018 0.033
317 W 0.055 0.153 0.023 0.021 0.007 0.025 0.032 0.028 0.013 0.021 0.035 0.173 0.019 0.021 0.014 0.072 0.057 0.186 0.021 0.025
318 W 0.034 0.022 0.016 0.015 0.009 0.015 0.019 0.022 0.01 0.07 0.067 0.025 0.102 0.031 0.01 0.046 0.115 0.265 0.027 0.081
319 L 0.031 0.015 0.01 0.011 0.011 0.01 0.014 0.015 0.007 0.132 0.443 0.017 0.03 0.079 0.01 0.017 0.023 0.005 0.018 0.102
320 L 0.163 0.016 0.013 0.014 0.012 0.012 0.018 0.078 0.008 0.111 0.201 0.021 0.023 0.07 0.013 0.03 0.028 0.005 0.017 0.148
321 A 0.149 0.038 0.016 0.016 0.011 0.014 0.019 0.088 0.009 0.129 0.11 0.024 0.041 0.086 0.013 0.051 0.031 0.023 0.019 0.111
322 A 0.302 0.02 0.018 0.019 0.013 0.016 0.024 0.044 0.009 0.062 0.087 0.027 0.015 0.041 0.017 0.081 0.079 0.004 0.014 0.107
