#Seq2Logo.py -f /work3/idamei/ssn-clusterings/2206011120/clusters/0512_16/sequences.afa -m 0.0001 -b 50 -o /work3/idamei/ssn-clusterings/2206011120/clusters/0512_16/sequences.logo -p 640x1000 -l 30
#Position Specific Frequency Matrix
A R N D C Q E G H I L K M F P S T W Y V
0 L 0.053 0.033 0.021 0.021 0.016 0.029 0.029 0.029 0.016 0.102 0.201 0.037 0.144 0.049 0.016 0.037 0.041 0.008 0.025 0.094
1 R 0.161 0.182 0.033 0.031 0.015 0.038 0.047 0.057 0.019 0.034 0.054 0.084 0.017 0.02 0.025 0.066 0.043 0.006 0.018 0.051
2 R 0.06 0.184 0.042 0.035 0.013 0.039 0.047 0.039 0.019 0.039 0.057 0.084 0.018 0.021 0.024 0.07 0.133 0.006 0.018 0.052
3 G 0.063 0.178 0.04 0.033 0.009 0.034 0.04 0.267 0.019 0.022 0.038 0.079 0.013 0.017 0.02 0.049 0.033 0.006 0.014 0.028
4 I 0.048 0.018 0.015 0.018 0.017 0.014 0.018 0.021 0.009 0.256 0.171 0.024 0.038 0.045 0.015 0.026 0.041 0.006 0.021 0.18
5 G 0.08 0.023 0.04 0.034 0.011 0.019 0.026 0.5 0.014 0.019 0.029 0.034 0.01 0.017 0.019 0.052 0.03 0.006 0.011 0.025
6 I 0.048 0.018 0.015 0.018 0.017 0.014 0.018 0.021 0.009 0.256 0.171 0.024 0.038 0.045 0.015 0.026 0.041 0.006 0.021 0.18
7 G 0.08 0.023 0.04 0.034 0.011 0.019 0.026 0.5 0.014 0.019 0.029 0.034 0.01 0.017 0.019 0.052 0.03 0.006 0.011 0.025
8 N 0.044 0.046 0.303 0.085 0.009 0.034 0.05 0.067 0.032 0.023 0.032 0.055 0.011 0.018 0.021 0.071 0.05 0.005 0.016 0.028
9 E 0.056 0.051 0.041 0.092 0.008 0.066 0.282 0.036 0.026 0.023 0.038 0.077 0.013 0.017 0.026 0.056 0.038 0.006 0.017 0.032
10 G 0.08 0.023 0.04 0.034 0.011 0.019 0.026 0.5 0.014 0.019 0.029 0.034 0.01 0.017 0.019 0.052 0.03 0.006 0.011 0.025
11 N 0.16 0.039 0.165 0.058 0.016 0.03 0.046 0.073 0.024 0.034 0.046 0.05 0.015 0.02 0.025 0.079 0.051 0.005 0.017 0.049
12 L 0.045 0.025 0.014 0.016 0.017 0.017 0.021 0.022 0.01 0.118 0.363 0.026 0.051 0.056 0.014 0.025 0.034 0.007 0.023 0.098
13 M 0.036 0.022 0.014 0.014 0.011 0.019 0.019 0.019 0.011 0.07 0.137 0.025 0.418 0.033 0.011 0.025 0.028 0.006 0.017 0.064
14 L 0.045 0.025 0.014 0.015 0.017 0.017 0.021 0.022 0.01 0.118 0.363 0.026 0.051 0.056 0.014 0.025 0.034 0.007 0.023 0.098
15 T 0.117 0.025 0.081 0.028 0.011 0.02 0.049 0.034 0.012 0.068 0.054 0.042 0.053 0.018 0.017 0.064 0.24 0.004 0.013 0.05
16 L 0.071 0.021 0.016 0.02 0.011 0.021 0.072 0.038 0.009 0.063 0.383 0.027 0.042 0.031 0.015 0.056 0.028 0.005 0.015 0.057
17 W 0.097 0.018 0.016 0.017 0.01 0.014 0.021 0.078 0.009 0.074 0.075 0.024 0.067 0.025 0.126 0.032 0.054 0.13 0.02 0.094
18 E 0.061 0.037 0.058 0.091 0.006 0.185 0.237 0.028 0.029 0.019 0.032 0.049 0.028 0.012 0.016 0.039 0.031 0.004 0.013 0.025
19 F 0.028 0.016 0.012 0.012 0.021 0.011 0.015 0.042 0.015 0.065 0.205 0.017 0.02 0.212 0.009 0.019 0.02 0.037 0.179 0.045
20 L 0.116 0.019 0.019 0.018 0.013 0.015 0.021 0.093 0.009 0.094 0.135 0.024 0.064 0.056 0.014 0.106 0.055 0.005 0.016 0.109
21 G 0.041 0.015 0.017 0.016 0.036 0.012 0.015 0.287 0.008 0.093 0.226 0.019 0.028 0.04 0.015 0.025 0.023 0.004 0.013 0.067
22 L 0.031 0.016 0.01 0.01 0.011 0.011 0.014 0.015 0.007 0.081 0.539 0.017 0.033 0.036 0.01 0.017 0.023 0.005 0.015 0.1
23 L 0.055 0.019 0.021 0.019 0.01 0.014 0.021 0.094 0.009 0.08 0.126 0.023 0.017 0.1 0.013 0.11 0.123 0.043 0.021 0.083
24 L 0.044 0.017 0.016 0.015 0.088 0.013 0.019 0.146 0.008 0.061 0.251 0.02 0.037 0.025 0.012 0.06 0.03 0.004 0.012 0.122
25 F 0.034 0.014 0.011 0.011 0.061 0.009 0.014 0.017 0.008 0.123 0.162 0.015 0.021 0.228 0.009 0.019 0.024 0.007 0.03 0.181
26 Y 0.027 0.018 0.014 0.012 0.032 0.013 0.018 0.018 0.026 0.029 0.046 0.02 0.012 0.098 0.01 0.02 0.019 0.12 0.42 0.03
27 L 0.034 0.016 0.012 0.012 0.036 0.011 0.014 0.046 0.007 0.116 0.374 0.017 0.027 0.078 0.01 0.02 0.042 0.005 0.018 0.103
28 L 0.065 0.016 0.012 0.012 0.041 0.011 0.015 0.052 0.007 0.145 0.314 0.018 0.042 0.054 0.011 0.022 0.025 0.005 0.016 0.12
29 S 0.177 0.023 0.028 0.026 0.07 0.019 0.029 0.093 0.011 0.025 0.037 0.031 0.028 0.015 0.018 0.261 0.061 0.004 0.011 0.035
30 L 0.096 0.017 0.015 0.015 0.012 0.013 0.018 0.084 0.007 0.128 0.226 0.021 0.022 0.026 0.013 0.049 0.063 0.004 0.013 0.158
31 G 0.105 0.018 0.023 0.019 0.045 0.014 0.02 0.156 0.009 0.114 0.093 0.023 0.016 0.024 0.014 0.118 0.032 0.056 0.015 0.086
32 L 0.072 0.016 0.013 0.013 0.01 0.011 0.015 0.071 0.008 0.08 0.24 0.018 0.03 0.162 0.01 0.025 0.024 0.032 0.026 0.124
33 I 0.035 0.014 0.01 0.012 0.011 0.01 0.013 0.015 0.007 0.331 0.157 0.017 0.057 0.052 0.01 0.019 0.027 0.004 0.016 0.181
34 L 0.105 0.017 0.017 0.016 0.01 0.013 0.018 0.195 0.008 0.049 0.243 0.021 0.036 0.061 0.013 0.031 0.061 0.005 0.015 0.064
35 T 0.068 0.043 0.022 0.02 0.009 0.035 0.025 0.027 0.014 0.056 0.062 0.029 0.014 0.055 0.014 0.096 0.164 0.098 0.103 0.045
36 L 0.054 0.039 0.012 0.013 0.011 0.012 0.016 0.018 0.009 0.105 0.352 0.021 0.026 0.078 0.011 0.038 0.026 0.006 0.039 0.116
37 I 0.067 0.016 0.015 0.015 0.053 0.012 0.017 0.021 0.007 0.261 0.124 0.02 0.043 0.048 0.012 0.044 0.104 0.004 0.015 0.103
38 Y 0.05 0.02 0.015 0.015 0.033 0.05 0.022 0.057 0.021 0.032 0.065 0.023 0.013 0.057 0.01 0.026 0.021 0.137 0.277 0.056
39 R 0.035 0.345 0.04 0.024 0.006 0.107 0.04 0.025 0.016 0.026 0.037 0.096 0.023 0.022 0.014 0.055 0.027 0.004 0.013 0.043
40 D 0.12 0.024 0.031 0.188 0.008 0.025 0.163 0.06 0.013 0.04 0.049 0.035 0.01 0.014 0.017 0.125 0.032 0.003 0.011 0.031
41 Y 0.028 0.016 0.013 0.012 0.007 0.012 0.016 0.017 0.021 0.052 0.083 0.018 0.016 0.248 0.009 0.02 0.02 0.014 0.304 0.075
42 R 0.034 0.3 0.027 0.024 0.007 0.141 0.044 0.024 0.038 0.022 0.036 0.125 0.012 0.035 0.014 0.032 0.025 0.004 0.015 0.042
43 R 0.055 0.228 0.028 0.025 0.007 0.152 0.045 0.027 0.064 0.021 0.053 0.112 0.013 0.013 0.015 0.052 0.045 0.004 0.015 0.026
44 Q 0.069 0.078 0.023 0.025 0.012 0.182 0.068 0.026 0.014 0.042 0.046 0.084 0.014 0.017 0.014 0.048 0.029 0.04 0.025 0.143
45 G 0.059 0.213 0.025 0.022 0.009 0.04 0.029 0.231 0.034 0.018 0.029 0.066 0.009 0.035 0.065 0.034 0.041 0.004 0.013 0.022
46 F 0.024 0.014 0.012 0.012 0.007 0.026 0.015 0.017 0.012 0.046 0.096 0.015 0.018 0.538 0.008 0.018 0.018 0.011 0.056 0.038
47 S 0.061 0.028 0.162 0.038 0.01 0.022 0.034 0.044 0.015 0.02 0.028 0.036 0.01 0.014 0.018 0.337 0.081 0.003 0.012 0.027
48 F 0.023 0.013 0.011 0.011 0.007 0.007 0.013 0.017 0.011 0.045 0.107 0.013 0.018 0.553 0.007 0.017 0.017 0.011 0.057 0.039
49 H 0.028 0.051 0.153 0.032 0.005 0.024 0.034 0.029 0.371 0.017 0.027 0.033 0.01 0.024 0.013 0.032 0.022 0.006 0.071 0.018
50 L 0.052 0.016 0.011 0.012 0.011 0.011 0.015 0.043 0.007 0.104 0.377 0.018 0.045 0.055 0.01 0.02 0.024 0.031 0.017 0.12
51 L 0.03 0.015 0.01 0.011 0.036 0.01 0.013 0.015 0.007 0.088 0.46 0.016 0.03 0.12 0.009 0.017 0.022 0.006 0.022 0.063
52 F 0.023 0.013 0.011 0.011 0.007 0.007 0.013 0.017 0.011 0.043 0.077 0.013 0.017 0.586 0.007 0.017 0.017 0.011 0.06 0.037
53 S 0.072 0.027 0.036 0.032 0.012 0.022 0.035 0.043 0.013 0.022 0.03 0.036 0.011 0.014 0.02 0.433 0.097 0.004 0.012 0.03
54 L 0.054 0.016 0.012 0.013 0.011 0.012 0.015 0.095 0.007 0.091 0.411 0.019 0.046 0.031 0.011 0.021 0.024 0.005 0.014 0.093
55 A 0.29 0.031 0.026 0.03 0.022 0.026 0.04 0.078 0.015 0.043 0.059 0.044 0.017 0.022 0.03 0.085 0.05 0.005 0.017 0.069
56 L 0.052 0.015 0.01 0.012 0.011 0.011 0.014 0.016 0.007 0.247 0.298 0.018 0.06 0.032 0.01 0.019 0.026 0.004 0.014 0.121
57 Y 0.027 0.018 0.014 0.013 0.006 0.014 0.018 0.017 0.029 0.031 0.049 0.02 0.013 0.14 0.01 0.021 0.019 0.018 0.49 0.032
58 L 0.05 0.016 0.011 0.012 0.01 0.011 0.014 0.043 0.008 0.067 0.365 0.017 0.026 0.144 0.01 0.019 0.023 0.033 0.025 0.096
59 L 0.06 0.017 0.014 0.014 0.012 0.012 0.017 0.02 0.007 0.16 0.26 0.02 0.025 0.028 0.012 0.075 0.031 0.004 0.014 0.199
60 T 0.049 0.023 0.028 0.024 0.012 0.018 0.026 0.028 0.009 0.058 0.049 0.03 0.014 0.017 0.018 0.059 0.454 0.004 0.012 0.069
61 F 0.024 0.013 0.011 0.011 0.033 0.007 0.013 0.017 0.011 0.042 0.076 0.013 0.017 0.563 0.007 0.018 0.017 0.011 0.058 0.037
62 Y 0.026 0.017 0.014 0.012 0.007 0.012 0.017 0.017 0.025 0.034 0.057 0.018 0.014 0.258 0.009 0.02 0.018 0.016 0.376 0.033
63 F 0.034 0.019 0.017 0.017 0.011 0.011 0.019 0.026 0.017 0.065 0.117 0.019 0.026 0.374 0.011 0.026 0.026 0.017 0.091 0.056
64 L 0.084 0.017 0.014 0.014 0.01 0.012 0.017 0.099 0.009 0.054 0.308 0.019 0.023 0.158 0.011 0.049 0.024 0.006 0.024 0.049
65 G 0.053 0.015 0.026 0.023 0.007 0.013 0.017 0.669 0.009 0.013 0.019 0.023 0.006 0.011 0.013 0.035 0.02 0.004 0.007 0.016
66 F 0.024 0.013 0.012 0.011 0.007 0.008 0.013 0.017 0.012 0.046 0.086 0.013 0.017 0.53 0.008 0.018 0.018 0.011 0.076 0.058
67 P 0.038 0.017 0.016 0.021 0.007 0.014 0.024 0.024 0.009 0.017 0.024 0.028 0.007 0.009 0.658 0.03 0.024 0.002 0.009 0.021
68 L 0.028 0.014 0.01 0.011 0.035 0.009 0.013 0.016 0.009 0.078 0.323 0.015 0.025 0.271 0.009 0.017 0.021 0.008 0.034 0.054
69 S 0.067 0.026 0.035 0.031 0.012 0.021 0.033 0.041 0.012 0.024 0.033 0.035 0.011 0.015 0.02 0.361 0.174 0.004 0.012 0.034
70 L 0.088 0.019 0.015 0.015 0.087 0.015 0.019 0.055 0.009 0.057 0.232 0.022 0.14 0.027 0.012 0.071 0.029 0.004 0.014 0.071
71 L 0.11 0.017 0.015 0.015 0.011 0.013 0.018 0.05 0.008 0.163 0.2 0.021 0.059 0.027 0.013 0.05 0.06 0.03 0.015 0.105
72 L 0.031 0.017 0.01 0.011 0.011 0.013 0.015 0.015 0.008 0.076 0.489 0.019 0.113 0.036 0.01 0.018 0.023 0.005 0.015 0.064
73 A 0.226 0.024 0.039 0.021 0.012 0.017 0.025 0.061 0.01 0.076 0.059 0.065 0.048 0.023 0.016 0.068 0.05 0.004 0.013 0.143
74 L 0.028 0.018 0.033 0.015 0.008 0.012 0.03 0.022 0.012 0.053 0.235 0.018 0.04 0.228 0.009 0.02 0.021 0.06 0.075 0.063
75 G 0.04 0.079 0.024 0.021 0.011 0.068 0.028 0.269 0.047 0.025 0.078 0.072 0.029 0.045 0.013 0.03 0.022 0.006 0.067 0.026
76 F 0.023 0.013 0.011 0.011 0.007 0.007 0.013 0.017 0.011 0.043 0.077 0.013 0.017 0.586 0.007 0.017 0.017 0.011 0.06 0.037
77 G 0.075 0.025 0.135 0.184 0.007 0.046 0.098 0.188 0.036 0.016 0.023 0.034 0.008 0.012 0.015 0.04 0.026 0.003 0.01 0.02
78 V 0.069 0.022 0.018 0.018 0.011 0.069 0.033 0.023 0.034 0.085 0.084 0.027 0.018 0.029 0.013 0.064 0.054 0.006 0.078 0.246
79 P 0.122 0.046 0.024 0.052 0.009 0.059 0.11 0.037 0.012 0.027 0.039 0.038 0.011 0.013 0.194 0.078 0.059 0.003 0.011 0.057
80 L 0.036 0.017 0.013 0.013 0.011 0.012 0.016 0.017 0.007 0.141 0.328 0.019 0.043 0.03 0.037 0.024 0.082 0.004 0.014 0.136
81 P 0.134 0.02 0.016 0.019 0.011 0.047 0.025 0.028 0.009 0.084 0.073 0.027 0.015 0.017 0.227 0.05 0.03 0.003 0.012 0.154
82 P 0.079 0.044 0.062 0.11 0.008 0.021 0.076 0.059 0.012 0.019 0.027 0.035 0.009 0.011 0.225 0.128 0.032 0.003 0.01 0.031
83 P 0.07 0.022 0.018 0.019 0.009 0.015 0.024 0.025 0.011 0.059 0.052 0.063 0.013 0.078 0.219 0.049 0.076 0.005 0.058 0.114
84 E 0.115 0.026 0.046 0.087 0.008 0.028 0.214 0.057 0.035 0.047 0.093 0.039 0.013 0.016 0.017 0.058 0.046 0.004 0.013 0.038
85 Y 0.058 0.025 0.06 0.024 0.009 0.058 0.047 0.026 0.033 0.061 0.056 0.03 0.064 0.05 0.014 0.064 0.104 0.008 0.146 0.062
86 L 0.033 0.02 0.013 0.013 0.01 0.049 0.019 0.017 0.009 0.069 0.466 0.022 0.063 0.045 0.011 0.037 0.025 0.005 0.016 0.059
87 L 0.052 0.017 0.011 0.012 0.035 0.028 0.016 0.018 0.009 0.074 0.305 0.018 0.025 0.188 0.009 0.02 0.021 0.059 0.03 0.052
88 L 0.034 0.049 0.04 0.024 0.008 0.128 0.076 0.022 0.017 0.077 0.193 0.036 0.036 0.032 0.013 0.046 0.026 0.006 0.092 0.045
89 A 0.283 0.021 0.021 0.021 0.013 0.017 0.026 0.04 0.009 0.048 0.047 0.029 0.013 0.016 0.018 0.072 0.191 0.004 0.012 0.095
90 L 0.031 0.02 0.013 0.013 0.01 0.059 0.02 0.017 0.009 0.07 0.425 0.022 0.048 0.099 0.01 0.028 0.023 0.006 0.02 0.057
91 L 0.093 0.016 0.012 0.013 0.011 0.012 0.016 0.072 0.008 0.062 0.35 0.019 0.034 0.119 0.011 0.024 0.026 0.006 0.021 0.074
92 S 0.126 0.021 0.022 0.021 0.011 0.017 0.025 0.032 0.011 0.077 0.071 0.027 0.015 0.026 0.016 0.16 0.107 0.057 0.057 0.101
93 A 0.38 0.022 0.021 0.022 0.013 0.018 0.027 0.073 0.01 0.029 0.041 0.03 0.028 0.015 0.045 0.105 0.063 0.004 0.012 0.043
94 L 0.102 0.019 0.019 0.018 0.011 0.014 0.02 0.055 0.009 0.086 0.221 0.023 0.02 0.069 0.014 0.055 0.166 0.005 0.017 0.058
95 G 0.153 0.016 0.018 0.018 0.069 0.013 0.019 0.215 0.008 0.081 0.082 0.022 0.014 0.034 0.014 0.05 0.028 0.004 0.012 0.13
96 F 0.059 0.016 0.02 0.018 0.008 0.011 0.017 0.274 0.011 0.029 0.049 0.02 0.012 0.287 0.011 0.068 0.022 0.007 0.033 0.029
97 Y 0.027 0.019 0.015 0.013 0.006 0.015 0.019 0.017 0.032 0.029 0.046 0.021 0.013 0.088 0.011 0.021 0.019 0.019 0.539 0.032
98 L 0.133 0.017 0.014 0.014 0.011 0.012 0.017 0.112 0.008 0.085 0.304 0.02 0.023 0.062 0.012 0.028 0.025 0.005 0.016 0.083
99 I 0.033 0.013 0.01 0.011 0.036 0.01 0.013 0.015 0.007 0.306 0.2 0.016 0.025 0.064 0.01 0.018 0.026 0.031 0.018 0.14
100 Y 0.027 0.019 0.015 0.013 0.006 0.014 0.019 0.017 0.031 0.03 0.048 0.021 0.013 0.108 0.01 0.021 0.019 0.019 0.52 0.032
101 Y 0.037 0.02 0.016 0.017 0.007 0.033 0.041 0.019 0.045 0.032 0.088 0.023 0.014 0.119 0.01 0.022 0.019 0.091 0.315 0.032
102 V 0.087 0.016 0.012 0.013 0.011 0.011 0.016 0.05 0.008 0.108 0.15 0.018 0.037 0.094 0.011 0.024 0.027 0.057 0.022 0.227
103 S 0.095 0.02 0.024 0.022 0.069 0.016 0.023 0.137 0.009 0.06 0.067 0.026 0.014 0.017 0.015 0.167 0.082 0.004 0.011 0.122
104 Y 0.027 0.019 0.015 0.013 0.006 0.015 0.019 0.017 0.032 0.029 0.046 0.021 0.013 0.088 0.011 0.021 0.019 0.019 0.539 0.032
105 K 0.038 0.14 0.029 0.026 0.006 0.082 0.042 0.053 0.118 0.02 0.051 0.203 0.012 0.015 0.016 0.068 0.026 0.004 0.028 0.023
106 T 0.052 0.064 0.019 0.018 0.009 0.015 0.021 0.074 0.012 0.08 0.077 0.027 0.015 0.118 0.013 0.051 0.135 0.033 0.078 0.089
107 R 0.056 0.171 0.02 0.018 0.065 0.02 0.026 0.05 0.012 0.052 0.056 0.098 0.013 0.122 0.013 0.059 0.026 0.031 0.022 0.07
108 L 0.069 0.039 0.057 0.041 0.028 0.014 0.021 0.049 0.01 0.051 0.264 0.024 0.021 0.104 0.037 0.044 0.032 0.014 0.02 0.063
109 R 0.037 0.199 0.062 0.022 0.008 0.021 0.027 0.051 0.013 0.032 0.121 0.045 0.014 0.043 0.094 0.076 0.035 0.016 0.035 0.049
110 P 0.047 0.092 0.043 0.024 0.008 0.039 0.031 0.027 0.023 0.064 0.042 0.09 0.012 0.053 0.177 0.085 0.069 0.004 0.016 0.053
111 R 0.082 0.147 0.027 0.025 0.015 0.031 0.037 0.034 0.015 0.098 0.091 0.067 0.024 0.027 0.019 0.044 0.044 0.006 0.019 0.147
112 R 0.08 0.116 0.041 0.024 0.008 0.055 0.029 0.065 0.014 0.04 0.095 0.066 0.023 0.068 0.053 0.038 0.046 0.006 0.058 0.075
113 S 0.064 0.078 0.048 0.067 0.022 0.058 0.033 0.062 0.017 0.047 0.084 0.057 0.013 0.016 0.08 0.113 0.059 0.031 0.013 0.037
114 R 0.047 0.273 0.035 0.031 0.008 0.042 0.048 0.034 0.021 0.024 0.044 0.102 0.014 0.016 0.129 0.044 0.035 0.005 0.016 0.031
115 P 0.107 0.057 0.028 0.03 0.015 0.025 0.037 0.045 0.014 0.073 0.094 0.047 0.021 0.025 0.152 0.079 0.048 0.005 0.017 0.081
116 D 0.06 0.118 0.073 0.138 0.011 0.034 0.057 0.088 0.02 0.036 0.045 0.065 0.014 0.019 0.022 0.081 0.046 0.005 0.015 0.052
117 Y 0.041 0.029 0.022 0.019 0.009 0.022 0.029 0.025 0.048 0.044 0.07 0.032 0.019 0.133 0.016 0.032 0.029 0.029 0.304 0.048
118 D 0.05 0.07 0.056 0.214 0.008 0.043 0.083 0.046 0.02 0.026 0.036 0.155 0.013 0.016 0.026 0.054 0.038 0.005 0.015 0.029
119 E 0.065 0.043 0.043 0.065 0.013 0.047 0.161 0.04 0.02 0.038 0.052 0.062 0.017 0.021 0.027 0.075 0.134 0.006 0.018 0.052
120 G 0.178 0.027 0.033 0.032 0.017 0.023 0.034 0.29 0.014 0.032 0.045 0.04 0.014 0.019 0.025 0.07 0.041 0.006 0.014 0.047
121 R 0.068 0.235 0.045 0.038 0.011 0.044 0.053 0.045 0.022 0.026 0.046 0.1 0.016 0.019 0.023 0.098 0.052 0.006 0.018 0.035
122 R 0.061 0.116 0.113 0.051 0.011 0.039 0.053 0.052 0.104 0.025 0.04 0.07 0.015 0.022 0.023 0.091 0.049 0.006 0.028 0.031
123 D 0.055 0.051 0.099 0.214 0.009 0.036 0.074 0.052 0.021 0.025 0.034 0.102 0.012 0.016 0.024 0.081 0.046 0.004 0.014 0.029
124 N 0.058 0.043 0.154 0.111 0.012 0.032 0.053 0.09 0.022 0.03 0.04 0.066 0.013 0.019 0.023 0.081 0.093 0.005 0.015 0.038
125 I 0.107 0.049 0.023 0.024 0.017 0.021 0.029 0.038 0.012 0.167 0.117 0.039 0.028 0.034 0.02 0.051 0.074 0.006 0.019 0.124
126 E 0.067 0.088 0.044 0.061 0.01 0.052 0.153 0.044 0.022 0.026 0.041 0.137 0.014 0.017 0.027 0.092 0.048 0.005 0.017 0.034
127 P 0.072 0.03 0.034 0.035 0.013 0.023 0.038 0.045 0.016 0.036 0.056 0.041 0.016 0.103 0.204 0.108 0.051 0.007 0.032 0.041
128 E 0.067 0.046 0.046 0.104 0.01 0.054 0.226 0.043 0.024 0.024 0.037 0.068 0.013 0.017 0.026 0.093 0.047 0.005 0.016 0.033
129 T 0.067 0.037 0.084 0.043 0.016 0.028 0.04 0.045 0.017 0.052 0.07 0.046 0.029 0.025 0.025 0.085 0.202 0.006 0.018 0.066
130 P 0.064 0.028 0.027 0.029 0.014 0.022 0.034 0.037 0.013 0.061 0.169 0.038 0.027 0.031 0.203 0.077 0.046 0.005 0.018 0.058
131 S 0.084 0.036 0.042 0.038 0.017 0.028 0.041 0.049 0.016 0.055 0.112 0.045 0.033 0.029 0.026 0.138 0.123 0.006 0.019 0.063
132 V 0.093 0.028 0.026 0.026 0.018 0.023 0.032 0.039 0.012 0.114 0.114 0.035 0.047 0.033 0.02 0.081 0.055 0.006 0.02 0.175
133 L 0.069 0.024 0.066 0.029 0.01 0.026 0.025 0.056 0.012 0.102 0.114 0.047 0.017 0.061 0.044 0.069 0.079 0.005 0.039 0.106
134 D 0.064 0.034 0.054 0.196 0.01 0.035 0.113 0.142 0.019 0.023 0.032 0.05 0.011 0.016 0.024 0.088 0.043 0.005 0.013 0.029
135 E 0.056 0.051 0.041 0.092 0.008 0.066 0.282 0.036 0.026 0.023 0.038 0.077 0.013 0.017 0.026 0.056 0.038 0.006 0.017 0.032
136 K 0.051 0.081 0.154 0.058 0.009 0.045 0.062 0.051 0.025 0.025 0.038 0.193 0.014 0.016 0.024 0.059 0.043 0.005 0.016 0.03
137 E 0.049 0.041 0.051 0.215 0.007 0.05 0.218 0.039 0.023 0.022 0.033 0.063 0.011 0.016 0.024 0.053 0.036 0.005 0.014 0.028
138 T 0.08 0.035 0.043 0.038 0.016 0.028 0.042 0.048 0.022 0.041 0.056 0.046 0.018 0.044 0.026 0.134 0.14 0.01 0.079 0.054
139 A 0.297 0.031 0.025 0.029 0.021 0.025 0.04 0.078 0.015 0.043 0.059 0.044 0.017 0.021 0.029 0.084 0.049 0.005 0.017 0.068
140 T 0.087 0.037 0.047 0.042 0.018 0.03 0.044 0.052 0.016 0.043 0.055 0.048 0.018 0.022 0.028 0.146 0.185 0.006 0.018 0.059
141 S 0.109 0.04 0.054 0.048 0.017 0.033 0.052 0.066 0.019 0.029 0.041 0.054 0.016 0.021 0.029 0.228 0.081 0.005 0.017 0.041
142 G 0.063 0.031 0.153 0.053 0.01 0.025 0.035 0.335 0.02 0.02 0.029 0.041 0.01 0.017 0.019 0.058 0.037 0.005 0.013 0.025
143 L 0.054 0.023 0.015 0.016 0.017 0.016 0.021 0.022 0.009 0.134 0.281 0.025 0.042 0.047 0.015 0.027 0.039 0.006 0.021 0.168
144 P 0.076 0.057 0.046 0.029 0.009 0.079 0.034 0.064 0.013 0.031 0.037 0.057 0.012 0.017 0.142 0.098 0.082 0.004 0.034 0.079
145 R 0.045 0.338 0.039 0.031 0.009 0.049 0.053 0.033 0.023 0.024 0.047 0.121 0.016 0.018 0.02 0.045 0.035 0.006 0.018 0.031
146 H 0.043 0.047 0.054 0.039 0.008 0.039 0.054 0.039 0.342 0.023 0.039 0.047 0.016 0.031 0.019 0.043 0.027 0.008 0.058 0.023
147 N 0.044 0.046 0.303 0.085 0.009 0.034 0.05 0.067 0.032 0.023 0.032 0.055 0.011 0.018 0.021 0.071 0.05 0.005 0.016 0.028
148 D 0.042 0.031 0.07 0.385 0.008 0.031 0.093 0.048 0.019 0.023 0.029 0.046 0.009 0.015 0.023 0.053 0.036 0.004 0.011 0.025
149 E 0.083 0.045 0.048 0.07 0.013 0.049 0.171 0.051 0.023 0.026 0.04 0.065 0.014 0.019 0.028 0.134 0.06 0.005 0.017 0.037
150 E 0.083 0.045 0.048 0.07 0.013 0.049 0.171 0.051 0.023 0.026 0.04 0.065 0.014 0.019 0.028 0.134 0.06 0.005 0.017 0.037
151 P 0.17 0.029 0.025 0.031 0.016 0.023 0.039 0.058 0.014 0.035 0.048 0.043 0.014 0.017 0.259 0.065 0.043 0.004 0.015 0.05
152 T 0.092 0.038 0.049 0.044 0.018 0.031 0.046 0.055 0.017 0.042 0.054 0.05 0.018 0.023 0.029 0.153 0.161 0.006 0.018 0.057
153 L 0.078 0.033 0.034 0.032 0.017 0.025 0.037 0.044 0.015 0.073 0.206 0.04 0.033 0.038 0.022 0.118 0.058 0.006 0.02 0.07
154 H 0.043 0.046 0.053 0.038 0.008 0.038 0.053 0.039 0.353 0.024 0.039 0.046 0.015 0.03 0.019 0.042 0.027 0.008 0.057 0.024
155 S 0.084 0.034 0.041 0.037 0.014 0.027 0.043 0.053 0.018 0.03 0.045 0.043 0.015 0.033 0.023 0.165 0.062 0.161 0.033 0.038
156 R 0.046 0.332 0.04 0.032 0.008 0.049 0.053 0.034 0.024 0.024 0.047 0.123 0.016 0.018 0.02 0.046 0.036 0.006 0.018 0.032
157 P 0.058 0.026 0.024 0.032 0.011 0.021 0.037 0.037 0.013 0.026 0.037 0.042 0.011 0.013 0.483 0.045 0.037 0.003 0.013 0.032
158 L 0.045 0.025 0.014 0.016 0.017 0.017 0.021 0.022 0.01 0.118 0.363 0.026 0.051 0.056 0.014 0.025 0.034 0.007 0.023 0.098
159 P 0.058 0.026 0.024 0.032 0.011 0.021 0.037 0.037 0.013 0.026 0.037 0.042 0.011 0.013 0.483 0.045 0.037 0.003 0.013 0.032
160 P 0.058 0.026 0.024 0.032 0.011 0.021 0.037 0.037 0.013 0.026 0.037 0.042 0.011 0.013 0.483 0.045 0.037 0.003 0.013 0.032
161 V 0.104 0.041 0.069 0.04 0.013 0.044 0.076 0.072 0.017 0.061 0.061 0.078 0.018 0.021 0.022 0.077 0.046 0.005 0.017 0.118
162 P 0.09 0.035 0.043 0.043 0.015 0.029 0.047 0.055 0.017 0.029 0.04 0.05 0.014 0.018 0.211 0.14 0.065 0.004 0.016 0.038
163 P 0.067 0.116 0.023 0.024 0.035 0.06 0.038 0.055 0.012 0.025 0.077 0.122 0.012 0.014 0.157 0.077 0.041 0.003 0.011 0.03
164 V 0.071 0.022 0.017 0.018 0.02 0.017 0.024 0.025 0.008 0.168 0.133 0.027 0.032 0.036 0.017 0.034 0.05 0.006 0.021 0.254
165 T 0.074 0.036 0.044 0.038 0.018 0.028 0.04 0.044 0.014 0.054 0.066 0.046 0.02 0.024 0.028 0.095 0.231 0.006 0.018 0.072
166 V 0.071 0.022 0.017 0.018 0.02 0.017 0.024 0.025 0.008 0.168 0.133 0.027 0.032 0.036 0.017 0.034 0.05 0.006 0.021 0.254
167 T 0.074 0.036 0.044 0.038 0.018 0.028 0.04 0.044 0.014 0.054 0.066 0.046 0.02 0.024 0.028 0.095 0.231 0.006 0.018 0.072
168 R 0.054 0.148 0.037 0.025 0.007 0.114 0.04 0.054 0.082 0.028 0.056 0.105 0.013 0.034 0.029 0.06 0.029 0.005 0.038 0.042
169 P 0.058 0.026 0.024 0.031 0.01 0.021 0.037 0.037 0.013 0.026 0.037 0.042 0.01 0.013 0.487 0.044 0.037 0.003 0.013 0.031
170 S 0.111 0.041 0.055 0.05 0.018 0.034 0.053 0.067 0.019 0.03 0.042 0.055 0.016 0.021 0.03 0.209 0.083 0.005 0.018 0.042
171 G 0.079 0.023 0.04 0.034 0.011 0.019 0.026 0.503 0.014 0.019 0.029 0.034 0.01 0.016 0.019 0.052 0.03 0.005 0.011 0.025
172 A 0.158 0.093 0.047 0.03 0.01 0.027 0.083 0.09 0.013 0.022 0.033 0.064 0.01 0.013 0.071 0.11 0.076 0.004 0.011 0.031
173 V 0.066 0.02 0.016 0.018 0.11 0.015 0.021 0.026 0.008 0.161 0.127 0.025 0.03 0.035 0.016 0.033 0.046 0.005 0.019 0.201
174 L 0.085 0.033 0.024 0.04 0.015 0.032 0.1 0.034 0.015 0.087 0.195 0.043 0.032 0.037 0.02 0.044 0.04 0.006 0.02 0.098
175 P 0.066 0.027 0.049 0.024 0.01 0.019 0.028 0.042 0.011 0.042 0.108 0.078 0.015 0.079 0.14 0.101 0.057 0.004 0.018 0.085
176 A nan nan nan nan nan nan nan nan nan nan nan nan nan nan nan nan nan nan nan nan
177 A nan nan nan nan nan nan nan nan nan nan nan nan nan nan nan nan nan nan nan nan
178 A nan nan nan nan nan nan nan nan nan nan nan nan nan nan nan nan nan nan nan nan
179 A nan nan nan nan nan nan nan nan nan nan nan nan nan nan nan nan nan nan nan nan
180 A nan nan nan nan nan nan nan nan nan nan nan nan nan nan nan nan nan nan nan nan
181 A nan nan nan nan nan nan nan nan nan nan nan nan nan nan nan nan nan nan nan nan
182 A nan nan nan nan nan nan nan nan nan nan nan nan nan nan nan nan nan nan nan nan
183 L 0.096 0.021 0.043 0.02 0.011 0.038 0.024 0.027 0.01 0.101 0.178 0.026 0.02 0.034 0.132 0.053 0.03 0.018 0.015 0.103
184 F 0.081 0.047 0.044 0.022 0.009 0.053 0.028 0.053 0.012 0.038 0.092 0.068 0.015 0.138 0.063 0.068 0.07 0.005 0.022 0.072
185 T 0.083 0.033 0.111 0.078 0.009 0.064 0.059 0.086 0.015 0.035 0.037 0.065 0.011 0.014 0.016 0.103 0.116 0.004 0.011 0.05
186 F 0.033 0.018 0.035 0.017 0.009 0.015 0.037 0.02 0.011 0.079 0.16 0.021 0.134 0.19 0.011 0.036 0.043 0.007 0.049 0.075
187 A 0.245 0.026 0.16 0.031 0.011 0.02 0.03 0.044 0.013 0.029 0.036 0.051 0.011 0.014 0.043 0.093 0.068 0.003 0.012 0.061
188 K 0.057 0.217 0.045 0.028 0.006 0.05 0.061 0.029 0.015 0.019 0.031 0.265 0.011 0.011 0.017 0.054 0.046 0.004 0.012 0.024
189 F 0.041 0.024 0.04 0.02 0.01 0.016 0.033 0.024 0.011 0.07 0.142 0.071 0.018 0.152 0.013 0.098 0.067 0.006 0.024 0.119
190 E 0.04 0.033 0.028 0.054 0.006 0.079 0.37 0.026 0.049 0.019 0.049 0.047 0.011 0.013 0.017 0.072 0.046 0.004 0.013 0.024
191 A 0.342 0.02 0.019 0.02 0.013 0.016 0.025 0.068 0.011 0.035 0.046 0.028 0.013 0.042 0.018 0.052 0.116 0.005 0.038 0.073
192 K 0.033 0.062 0.15 0.037 0.007 0.064 0.038 0.039 0.074 0.062 0.086 0.169 0.013 0.019 0.014 0.034 0.027 0.004 0.036 0.033
193 L 0.033 0.016 0.011 0.012 0.011 0.011 0.015 0.016 0.007 0.13 0.433 0.018 0.03 0.033 0.036 0.02 0.048 0.004 0.014 0.101
194 T 0.06 0.023 0.027 0.023 0.012 0.017 0.025 0.028 0.009 0.039 0.081 0.029 0.015 0.048 0.017 0.058 0.419 0.004 0.015 0.049
195 A 0.311 0.018 0.016 0.017 0.072 0.015 0.022 0.072 0.01 0.049 0.047 0.025 0.029 0.042 0.015 0.054 0.029 0.092 0.018 0.046
196 C 0.043 0.015 0.015 0.014 0.215 0.012 0.016 0.129 0.01 0.046 0.078 0.019 0.04 0.029 0.011 0.043 0.025 0.058 0.077 0.104
197 L 0.03 0.015 0.01 0.011 0.011 0.011 0.013 0.015 0.007 0.159 0.43 0.017 0.045 0.079 0.01 0.017 0.023 0.005 0.018 0.074
198 L 0.03 0.016 0.01 0.01 0.011 0.011 0.014 0.014 0.007 0.078 0.577 0.017 0.034 0.037 0.01 0.016 0.023 0.005 0.015 0.065
199 A 0.214 0.019 0.017 0.017 0.063 0.015 0.021 0.11 0.009 0.061 0.123 0.024 0.083 0.043 0.015 0.055 0.038 0.004 0.014 0.055
200 L 0.078 0.017 0.013 0.013 0.011 0.012 0.016 0.077 0.008 0.083 0.359 0.02 0.063 0.053 0.011 0.025 0.041 0.005 0.016 0.078
201 V 0.039 0.014 0.011 0.012 0.012 0.011 0.014 0.015 0.006 0.239 0.187 0.017 0.036 0.029 0.01 0.019 0.029 0.004 0.014 0.281
202 A 0.446 0.021 0.02 0.021 0.014 0.017 0.027 0.102 0.01 0.027 0.037 0.03 0.011 0.014 0.019 0.09 0.034 0.004 0.011 0.043
203 L 0.055 0.015 0.011 0.012 0.011 0.011 0.015 0.017 0.007 0.187 0.249 0.018 0.025 0.076 0.011 0.022 0.049 0.005 0.018 0.186
204 G 0.072 0.016 0.018 0.017 0.01 0.012 0.017 0.24 0.008 0.093 0.107 0.021 0.033 0.066 0.012 0.048 0.031 0.004 0.015 0.159
205 S 0.121 0.025 0.031 0.028 0.039 0.02 0.03 0.04 0.011 0.027 0.036 0.033 0.012 0.015 0.019 0.266 0.195 0.004 0.012 0.038
206 L 0.081 0.016 0.011 0.012 0.012 0.012 0.016 0.019 0.007 0.114 0.368 0.019 0.044 0.031 0.011 0.022 0.028 0.004 0.014 0.158
207 G 0.178 0.017 0.018 0.018 0.011 0.013 0.019 0.212 0.009 0.096 0.107 0.023 0.016 0.058 0.014 0.045 0.035 0.004 0.015 0.094
208 G 0.073 0.022 0.029 0.027 0.014 0.018 0.024 0.313 0.011 0.078 0.069 0.03 0.018 0.024 0.018 0.043 0.037 0.005 0.015 0.132
209 V 0.074 0.015 0.012 0.013 0.011 0.011 0.016 0.045 0.01 0.176 0.128 0.018 0.02 0.057 0.011 0.023 0.027 0.058 0.081 0.193
210 F 0.023 0.013 0.012 0.012 0.007 0.008 0.013 0.017 0.011 0.044 0.079 0.013 0.034 0.564 0.007 0.017 0.018 0.011 0.058 0.038
211 F 0.03 0.013 0.011 0.012 0.009 0.009 0.013 0.042 0.009 0.199 0.146 0.015 0.021 0.254 0.009 0.018 0.022 0.008 0.053 0.103
212 Y 0.05 0.027 0.026 0.023 0.01 0.021 0.028 0.145 0.039 0.038 0.059 0.032 0.017 0.103 0.017 0.037 0.029 0.023 0.237 0.041
213 L 0.109 0.019 0.016 0.016 0.011 0.015 0.02 0.051 0.012 0.088 0.222 0.023 0.075 0.057 0.013 0.08 0.029 0.006 0.079 0.062
214 N 0.031 0.049 0.2 0.031 0.008 0.051 0.03 0.028 0.07 0.045 0.172 0.051 0.06 0.044 0.012 0.032 0.027 0.004 0.017 0.037
215 N 0.03 0.031 0.438 0.098 0.006 0.042 0.076 0.041 0.02 0.015 0.022 0.038 0.008 0.012 0.014 0.045 0.032 0.003 0.011 0.019
216 G 0.053 0.016 0.026 0.023 0.007 0.013 0.019 0.667 0.009 0.013 0.019 0.023 0.006 0.011 0.013 0.035 0.02 0.004 0.007 0.016
217 F 0.026 0.015 0.011 0.011 0.009 0.009 0.013 0.016 0.009 0.057 0.303 0.015 0.024 0.303 0.008 0.017 0.02 0.047 0.039 0.049
218 L 0.03 0.016 0.01 0.01 0.011 0.011 0.014 0.014 0.007 0.078 0.578 0.017 0.034 0.037 0.01 0.016 0.023 0.005 0.015 0.065
219 L 0.029 0.016 0.01 0.01 0.011 0.01 0.013 0.015 0.007 0.091 0.505 0.017 0.031 0.096 0.009 0.017 0.022 0.005 0.02 0.064
220 F 0.023 0.013 0.011 0.011 0.007 0.007 0.013 0.017 0.011 0.043 0.077 0.013 0.017 0.586 0.007 0.017 0.017 0.011 0.06 0.037
221 K 0.038 0.186 0.028 0.029 0.006 0.035 0.082 0.028 0.014 0.018 0.03 0.33 0.01 0.011 0.017 0.053 0.046 0.004 0.012 0.023
222 L 0.031 0.017 0.01 0.011 0.011 0.011 0.014 0.015 0.007 0.076 0.556 0.018 0.033 0.036 0.023 0.026 0.023 0.005 0.015 0.063
223 E 0.041 0.055 0.034 0.09 0.007 0.075 0.275 0.03 0.044 0.019 0.028 0.048 0.01 0.012 0.017 0.08 0.093 0.004 0.013 0.025
224 K 0.078 0.072 0.03 0.029 0.008 0.047 0.042 0.035 0.014 0.02 0.03 0.286 0.011 0.012 0.019 0.169 0.055 0.004 0.012 0.027
225 Y 0.027 0.019 0.015 0.013 0.006 0.015 0.019 0.017 0.032 0.029 0.046 0.021 0.013 0.088 0.011 0.021 0.019 0.019 0.539 0.032
226 S 0.067 0.027 0.086 0.035 0.011 0.022 0.035 0.069 0.036 0.019 0.027 0.036 0.01 0.014 0.019 0.396 0.05 0.004 0.013 0.026
227 Q 0.037 0.049 0.029 0.031 0.006 0.415 0.065 0.027 0.041 0.02 0.053 0.077 0.014 0.011 0.016 0.036 0.027 0.004 0.015 0.025
228 R 0.046 0.332 0.04 0.032 0.008 0.049 0.053 0.034 0.024 0.024 0.047 0.123 0.016 0.018 0.02 0.046 0.036 0.006 0.018 0.032
229 I 0.032 0.012 0.01 0.012 0.011 0.009 0.012 0.014 0.006 0.473 0.151 0.016 0.026 0.03 0.01 0.017 0.027 0.004 0.014 0.115
230 F 0.023 0.013 0.011 0.011 0.007 0.007 0.013 0.017 0.011 0.043 0.077 0.013 0.017 0.586 0.007 0.017 0.017 0.011 0.06 0.037
231 S 0.092 0.027 0.036 0.033 0.012 0.022 0.035 0.045 0.013 0.02 0.029 0.036 0.011 0.014 0.02 0.456 0.055 0.004 0.012 0.029
232 A 0.187 0.092 0.067 0.028 0.01 0.04 0.034 0.044 0.014 0.022 0.032 0.078 0.011 0.013 0.069 0.157 0.055 0.003 0.012 0.031
233 D 0.043 0.038 0.187 0.235 0.008 0.032 0.072 0.057 0.026 0.023 0.03 0.05 0.01 0.017 0.022 0.062 0.043 0.004 0.014 0.026
234 D 0.058 0.056 0.029 0.153 0.007 0.129 0.103 0.053 0.014 0.047 0.119 0.044 0.014 0.016 0.015 0.055 0.039 0.004 0.012 0.034
235 W 0.03 0.023 0.015 0.015 0.008 0.015 0.023 0.03 0.015 0.03 0.053 0.023 0.015 0.061 0.008 0.023 0.023 0.49 0.069 0.03
236 V 0.045 0.014 0.011 0.012 0.013 0.011 0.015 0.016 0.006 0.16 0.111 0.017 0.022 0.025 0.011 0.021 0.032 0.004 0.014 0.439
237 S 0.08 0.054 0.03 0.03 0.01 0.095 0.061 0.061 0.014 0.036 0.035 0.078 0.012 0.025 0.018 0.243 0.05 0.004 0.013 0.053
238 G 0.115 0.017 0.027 0.044 0.008 0.014 0.021 0.422 0.032 0.022 0.067 0.024 0.01 0.04 0.013 0.035 0.022 0.005 0.033 0.026
239 V 0.045 0.015 0.013 0.014 0.012 0.012 0.016 0.018 0.006 0.18 0.107 0.019 0.022 0.025 0.012 0.04 0.069 0.004 0.014 0.358
240 A 0.341 0.019 0.017 0.02 0.012 0.016 0.025 0.068 0.01 0.028 0.057 0.028 0.011 0.015 0.172 0.047 0.034 0.029 0.012 0.04
241 L 0.03 0.016 0.01 0.01 0.011 0.011 0.014 0.014 0.007 0.077 0.568 0.017 0.033 0.048 0.01 0.016 0.022 0.005 0.016 0.064
242 K 0.039 0.072 0.028 0.028 0.006 0.036 0.048 0.029 0.014 0.019 0.029 0.512 0.01 0.01 0.019 0.036 0.027 0.004 0.012 0.022
243 R 0.03 0.557 0.026 0.021 0.005 0.033 0.035 0.022 0.016 0.016 0.031 0.081 0.01 0.012 0.013 0.03 0.024 0.004 0.012 0.021
244 F 0.023 0.013 0.011 0.011 0.007 0.007 0.013 0.017 0.011 0.044 0.097 0.013 0.018 0.564 0.007 0.017 0.017 0.011 0.058 0.038
245 F 0.023 0.013 0.011 0.011 0.007 0.007 0.013 0.017 0.011 0.043 0.077 0.013 0.017 0.586 0.007 0.017 0.017 0.011 0.06 0.037
246 Y 0.027 0.019 0.015 0.013 0.01 0.015 0.019 0.017 0.031 0.029 0.046 0.021 0.013 0.088 0.011 0.021 0.019 0.019 0.536 0.032
247 F 0.023 0.013 0.011 0.011 0.007 0.007 0.013 0.017 0.011 0.043 0.077 0.013 0.017 0.586 0.007 0.017 0.017 0.011 0.06 0.037
248 F 0.025 0.013 0.011 0.011 0.033 0.008 0.013 0.017 0.011 0.05 0.143 0.013 0.019 0.486 0.008 0.017 0.018 0.01 0.052 0.041
249 I 0.031 0.014 0.01 0.011 0.011 0.01 0.013 0.014 0.007 0.301 0.297 0.016 0.028 0.055 0.01 0.017 0.025 0.005 0.016 0.11
250 P 0.058 0.018 0.016 0.021 0.007 0.014 0.025 0.026 0.009 0.018 0.025 0.028 0.007 0.009 0.632 0.031 0.025 0.002 0.009 0.022
251 A 0.489 0.021 0.018 0.02 0.014 0.017 0.027 0.091 0.01 0.028 0.039 0.03 0.011 0.014 0.02 0.058 0.033 0.004 0.012 0.045
252 L 0.032 0.019 0.011 0.012 0.011 0.014 0.016 0.016 0.008 0.074 0.4 0.02 0.193 0.035 0.01 0.02 0.024 0.005 0.016 0.064
253 L 0.03 0.016 0.01 0.01 0.011 0.011 0.014 0.014 0.007 0.078 0.578 0.017 0.034 0.037 0.01 0.016 0.023 0.005 0.015 0.065
254 I 0.035 0.014 0.01 0.012 0.011 0.01 0.013 0.015 0.006 0.318 0.196 0.017 0.05 0.03 0.01 0.018 0.027 0.004 0.014 0.187
255 F 0.049 0.016 0.011 0.012 0.009 0.01 0.015 0.019 0.009 0.065 0.16 0.016 0.036 0.22 0.01 0.02 0.022 0.123 0.036 0.142
256 F 0.025 0.016 0.013 0.012 0.01 0.011 0.016 0.017 0.022 0.036 0.061 0.017 0.015 0.327 0.009 0.019 0.018 0.015 0.306 0.034
257 F 0.023 0.013 0.011 0.011 0.007 0.008 0.013 0.017 0.011 0.045 0.116 0.013 0.018 0.52 0.007 0.017 0.018 0.037 0.056 0.039
258 L 0.032 0.017 0.031 0.013 0.036 0.012 0.015 0.016 0.007 0.094 0.48 0.018 0.039 0.034 0.01 0.022 0.024 0.005 0.015 0.082
259 K 0.065 0.13 0.03 0.024 0.011 0.063 0.038 0.028 0.05 0.021 0.034 0.197 0.011 0.03 0.016 0.079 0.028 0.007 0.113 0.026
260 P 0.057 0.034 0.042 0.029 0.007 0.123 0.081 0.027 0.013 0.018 0.027 0.074 0.009 0.01 0.353 0.034 0.026 0.003 0.011 0.023
261 T 0.051 0.026 0.132 0.08 0.01 0.021 0.034 0.038 0.018 0.025 0.032 0.034 0.011 0.014 0.018 0.19 0.219 0.004 0.012 0.033
262 K 0.037 0.208 0.025 0.024 0.006 0.058 0.04 0.026 0.014 0.027 0.062 0.276 0.013 0.026 0.016 0.038 0.026 0.009 0.014 0.054
263 R 0.035 0.272 0.026 0.025 0.006 0.035 0.059 0.025 0.014 0.022 0.055 0.265 0.02 0.013 0.016 0.033 0.038 0.004 0.012 0.025
264 A 0.186 0.182 0.085 0.026 0.01 0.047 0.032 0.037 0.014 0.029 0.043 0.047 0.045 0.015 0.016 0.077 0.041 0.004 0.012 0.052
265 W 0.02 0.015 0.01 0.01 0.005 0.01 0.015 0.02 0.01 0.02 0.036 0.015 0.01 0.041 0.005 0.015 0.015 0.657 0.046 0.02
266 W 0.028 0.015 0.011 0.011 0.013 0.01 0.014 0.049 0.009 0.087 0.213 0.016 0.025 0.086 0.008 0.017 0.02 0.266 0.031 0.07
267 L 0.084 0.021 0.016 0.016 0.011 0.041 0.022 0.05 0.011 0.081 0.22 0.042 0.029 0.093 0.012 0.048 0.044 0.058 0.042 0.059
268 F 0.025 0.013 0.012 0.012 0.008 0.008 0.013 0.043 0.011 0.047 0.121 0.014 0.018 0.497 0.008 0.018 0.018 0.01 0.052 0.052
269 L 0.03 0.016 0.01 0.01 0.011 0.011 0.014 0.014 0.007 0.078 0.578 0.017 0.034 0.037 0.01 0.016 0.023 0.005 0.015 0.065
270 I 0.068 0.015 0.012 0.013 0.038 0.011 0.015 0.019 0.007 0.241 0.212 0.018 0.024 0.054 0.011 0.043 0.028 0.004 0.016 0.151
271 L 0.086 0.018 0.016 0.016 0.045 0.013 0.019 0.04 0.008 0.092 0.17 0.021 0.028 0.07 0.013 0.075 0.075 0.031 0.022 0.142
272 G 0.071 0.02 0.028 0.024 0.011 0.016 0.022 0.364 0.009 0.023 0.03 0.027 0.01 0.013 0.016 0.065 0.209 0.004 0.01 0.031
273 V 0.083 0.017 0.014 0.014 0.012 0.013 0.018 0.044 0.007 0.115 0.143 0.021 0.062 0.025 0.012 0.047 0.05 0.004 0.014 0.285
274 A 0.148 0.02 0.022 0.021 0.011 0.016 0.023 0.136 0.01 0.074 0.106 0.026 0.015 0.041 0.016 0.127 0.101 0.004 0.014 0.068
275 F 0.023 0.013 0.011 0.011 0.007 0.008 0.013 0.017 0.012 0.044 0.096 0.013 0.018 0.544 0.007 0.017 0.017 0.011 0.077 0.038
276 G 0.053 0.015 0.026 0.023 0.007 0.013 0.017 0.669 0.009 0.013 0.019 0.023 0.006 0.011 0.013 0.035 0.02 0.004 0.007 0.016
277 L 0.06 0.015 0.015 0.015 0.011 0.011 0.016 0.165 0.007 0.151 0.185 0.019 0.022 0.048 0.011 0.025 0.044 0.004 0.014 0.161
278 L 0.029 0.016 0.01 0.011 0.01 0.01 0.013 0.015 0.007 0.097 0.492 0.017 0.031 0.104 0.009 0.017 0.022 0.006 0.02 0.065
279 T 0.076 0.025 0.031 0.027 0.037 0.02 0.029 0.035 0.033 0.03 0.038 0.032 0.012 0.015 0.019 0.205 0.28 0.004 0.013 0.039
280 Y 0.027 0.019 0.015 0.013 0.006 0.015 0.019 0.017 0.032 0.029 0.046 0.021 0.013 0.088 0.011 0.021 0.019 0.019 0.539 0.032
281 L 0.046 0.016 0.011 0.011 0.011 0.011 0.014 0.016 0.007 0.106 0.34 0.017 0.039 0.103 0.01 0.019 0.025 0.005 0.02 0.17
282 A 0.286 0.017 0.014 0.016 0.013 0.014 0.02 0.034 0.008 0.187 0.128 0.024 0.019 0.022 0.015 0.038 0.03 0.004 0.013 0.096
283 V 0.047 0.015 0.011 0.012 0.013 0.011 0.016 0.017 0.006 0.127 0.089 0.018 0.021 0.024 0.011 0.022 0.033 0.004 0.014 0.491
284 G 0.053 0.015 0.026 0.023 0.007 0.013 0.017 0.669 0.009 0.013 0.019 0.023 0.006 0.011 0.013 0.035 0.02 0.004 0.007 0.016
285 G 0.053 0.015 0.026 0.023 0.007 0.013 0.017 0.669 0.009 0.013 0.019 0.023 0.006 0.011 0.013 0.035 0.02 0.004 0.007 0.016
286 T 0.049 0.024 0.029 0.025 0.012 0.019 0.027 0.029 0.009 0.036 0.044 0.031 0.013 0.016 0.019 0.063 0.491 0.004 0.012 0.048
287 R 0.03 0.557 0.026 0.021 0.005 0.033 0.035 0.022 0.016 0.016 0.031 0.081 0.01 0.012 0.013 0.03 0.024 0.004 0.012 0.021
288 A 0.52 0.021 0.017 0.02 0.015 0.017 0.027 0.053 0.01 0.029 0.04 0.03 0.012 0.015 0.02 0.057 0.034 0.004 0.012 0.046
289 N 0.029 0.03 0.538 0.056 0.006 0.023 0.033 0.044 0.021 0.015 0.021 0.036 0.008 0.012 0.014 0.047 0.033 0.003 0.011 0.018
290 L 0.032 0.015 0.011 0.012 0.011 0.011 0.014 0.015 0.007 0.279 0.282 0.018 0.073 0.032 0.01 0.02 0.047 0.004 0.015 0.091
291 A 0.297 0.018 0.015 0.017 0.013 0.015 0.021 0.062 0.009 0.16 0.089 0.025 0.042 0.021 0.016 0.046 0.031 0.004 0.013 0.088
292 L 0.032 0.016 0.011 0.012 0.011 0.012 0.014 0.015 0.007 0.212 0.355 0.018 0.078 0.033 0.01 0.019 0.043 0.005 0.015 0.081
293 A 0.409 0.021 0.018 0.02 0.014 0.017 0.026 0.047 0.01 0.038 0.044 0.029 0.013 0.015 0.045 0.085 0.035 0.004 0.012 0.099
294 F 0.034 0.014 0.012 0.012 0.01 0.009 0.014 0.043 0.009 0.088 0.123 0.015 0.02 0.293 0.009 0.02 0.024 0.007 0.036 0.209
295 A 0.264 0.019 0.017 0.018 0.013 0.015 0.023 0.04 0.009 0.051 0.101 0.025 0.049 0.065 0.016 0.061 0.068 0.005 0.017 0.124
296 L 0.029 0.015 0.01 0.011 0.01 0.01 0.013 0.015 0.008 0.134 0.412 0.017 0.046 0.124 0.009 0.017 0.023 0.006 0.022 0.068
297 F 0.025 0.013 0.012 0.012 0.007 0.008 0.014 0.018 0.011 0.042 0.075 0.014 0.017 0.563 0.008 0.035 0.019 0.011 0.058 0.037
298 L 0.031 0.016 0.01 0.011 0.011 0.011 0.014 0.015 0.007 0.111 0.388 0.017 0.045 0.118 0.009 0.018 0.024 0.006 0.022 0.118
299 L 0.028 0.014 0.01 0.011 0.035 0.009 0.013 0.016 0.009 0.095 0.3 0.015 0.025 0.276 0.009 0.017 0.021 0.008 0.034 0.056
300 I 0.032 0.013 0.01 0.011 0.011 0.01 0.013 0.014 0.006 0.362 0.262 0.016 0.028 0.032 0.01 0.017 0.026 0.004 0.014 0.11
301 G 0.053 0.015 0.026 0.023 0.007 0.013 0.017 0.669 0.009 0.013 0.019 0.023 0.006 0.011 0.013 0.035 0.02 0.004 0.007 0.016
302 L 0.032 0.015 0.01 0.011 0.01 0.011 0.014 0.015 0.008 0.178 0.3 0.017 0.029 0.057 0.01 0.018 0.024 0.057 0.04 0.143
303 Y 0.095 0.047 0.023 0.026 0.009 0.079 0.049 0.026 0.017 0.082 0.081 0.052 0.015 0.037 0.014 0.056 0.056 0.008 0.159 0.069
304 R 0.032 0.241 0.037 0.058 0.006 0.087 0.042 0.025 0.037 0.02 0.035 0.168 0.011 0.081 0.014 0.032 0.024 0.005 0.022 0.023
305 G 0.043 0.152 0.038 0.047 0.006 0.038 0.029 0.38 0.034 0.014 0.024 0.073 0.008 0.011 0.013 0.034 0.022 0.004 0.01 0.018
306 Y 0.025 0.018 0.014 0.012 0.006 0.013 0.018 0.018 0.045 0.027 0.045 0.019 0.012 0.11 0.009 0.019 0.018 0.222 0.323 0.028
307 L 0.032 0.014 0.01 0.011 0.011 0.01 0.013 0.014 0.006 0.269 0.335 0.017 0.029 0.033 0.01 0.017 0.025 0.004 0.014 0.124
308 S 0.115 0.093 0.055 0.03 0.011 0.023 0.034 0.04 0.013 0.023 0.032 0.059 0.011 0.014 0.019 0.274 0.108 0.004 0.012 0.033
309 L 0.07 0.018 0.012 0.013 0.01 0.012 0.017 0.02 0.009 0.079 0.304 0.038 0.024 0.103 0.037 0.022 0.023 0.054 0.043 0.094
310 K 0.056 0.155 0.024 0.022 0.007 0.026 0.033 0.028 0.013 0.021 0.035 0.193 0.019 0.019 0.014 0.073 0.057 0.159 0.02 0.026
311 W 0.034 0.022 0.016 0.015 0.009 0.015 0.019 0.022 0.01 0.051 0.063 0.025 0.101 0.031 0.01 0.046 0.114 0.292 0.028 0.077
312 I 0.048 0.018 0.015 0.018 0.017 0.014 0.018 0.021 0.009 0.256 0.171 0.024 0.038 0.045 0.015 0.026 0.041 0.006 0.021 0.18
313 L 0.031 0.015 0.01 0.011 0.011 0.01 0.014 0.015 0.007 0.132 0.443 0.017 0.03 0.079 0.01 0.017 0.023 0.005 0.018 0.102
314 L 0.163 0.016 0.013 0.014 0.012 0.012 0.018 0.078 0.008 0.111 0.201 0.021 0.023 0.07 0.013 0.03 0.028 0.005 0.017 0.148
315 A 0.149 0.038 0.016 0.016 0.011 0.014 0.019 0.088 0.009 0.129 0.11 0.024 0.041 0.086 0.013 0.051 0.031 0.023 0.019 0.111
316 A 0.302 0.02 0.018 0.019 0.013 0.016 0.024 0.044 0.009 0.062 0.087 0.027 0.015 0.041 0.017 0.081 0.079 0.004 0.014 0.107
317 G 0.126 0.016 0.023 0.021 0.009 0.013 0.019 0.488 0.009 0.026 0.05 0.023 0.01 0.014 0.014 0.039 0.024 0.004 0.009 0.062
318 V 0.102 0.016 0.015 0.015 0.085 0.012 0.017 0.105 0.007 0.122 0.14 0.02 0.036 0.023 0.012 0.047 0.029 0.004 0.012 0.181
319 A 0.178 0.019 0.017 0.017 0.012 0.014 0.021 0.08 0.009 0.058 0.167 0.024 0.027 0.074 0.014 0.081 0.049 0.005 0.017 0.116
320 G 0.144 0.019 0.022 0.021 0.036 0.016 0.022 0.271 0.01 0.033 0.052 0.026 0.094 0.017 0.015 0.085 0.048 0.004 0.011 0.055
321 V 0.039 0.014 0.011 0.012 0.012 0.01 0.014 0.015 0.006 0.286 0.12 0.017 0.032 0.027 0.011 0.02 0.03 0.004 0.014 0.307
322 V 0.065 0.015 0.015 0.015 0.011 0.012 0.017 0.159 0.007 0.123 0.121 0.02 0.019 0.045 0.012 0.043 0.029 0.004 0.014 0.254
