#Seq2Logo.py -f /work3/idamei/ssn-clusterings/clustering/2205181126/clusters/0010_105/sequences.afa -o /work3/idamei/ssn-clusterings/clustering/2205181126/clusters/0010_105/sequences.logo
#Position Specific Frequency Matrix
A R N D C Q E G H I L K M F P S T W Y V
0 L 0.051 0.031 0.02 0.02 0.016 0.028 0.028 0.028 0.016 0.098 0.193 0.035 0.177 0.047 0.016 0.035 0.039 0.008 0.024 0.091
1 L 0.048 0.048 0.088 0.049 0.011 0.036 0.093 0.036 0.019 0.094 0.132 0.093 0.025 0.029 0.02 0.045 0.039 0.006 0.018 0.071
2 E 0.09 0.049 0.036 0.045 0.014 0.037 0.098 0.044 0.017 0.082 0.069 0.097 0.02 0.024 0.025 0.091 0.07 0.005 0.018 0.069
3 N 0.053 0.057 0.186 0.06 0.011 0.036 0.051 0.053 0.024 0.031 0.042 0.11 0.014 0.018 0.023 0.07 0.099 0.005 0.016 0.039
4 R 0.05 0.138 0.034 0.034 0.01 0.085 0.06 0.034 0.02 0.09 0.075 0.13 0.022 0.023 0.021 0.044 0.038 0.006 0.019 0.068
5 T 0.061 0.029 0.031 0.029 0.017 0.022 0.031 0.034 0.012 0.111 0.149 0.036 0.029 0.033 0.022 0.064 0.171 0.006 0.019 0.095
6 I 0.102 0.029 0.085 0.036 0.016 0.022 0.032 0.045 0.015 0.137 0.096 0.037 0.024 0.03 0.021 0.058 0.087 0.005 0.018 0.102
7 K 0.063 0.155 0.042 0.04 0.01 0.047 0.061 0.044 0.021 0.026 0.043 0.201 0.015 0.017 0.025 0.087 0.046 0.005 0.017 0.034
8 N 0.045 0.051 0.258 0.073 0.009 0.082 0.062 0.058 0.03 0.023 0.035 0.062 0.013 0.017 0.021 0.065 0.046 0.005 0.017 0.029
9 E 0.056 0.122 0.04 0.061 0.01 0.05 0.177 0.036 0.022 0.03 0.045 0.078 0.015 0.018 0.024 0.061 0.092 0.006 0.017 0.04
10 D 0.064 0.115 0.078 0.119 0.011 0.039 0.062 0.05 0.021 0.025 0.038 0.112 0.014 0.017 0.024 0.107 0.051 0.005 0.016 0.032
11 G 0.078 0.023 0.039 0.034 0.011 0.019 0.026 0.512 0.013 0.019 0.028 0.034 0.009 0.016 0.019 0.051 0.03 0.005 0.011 0.024
12 K 0.057 0.107 0.041 0.041 0.009 0.053 0.071 0.043 0.021 0.028 0.043 0.28 0.015 0.015 0.028 0.053 0.04 0.005 0.017 0.033
13 Y 0.04 0.024 0.019 0.018 0.011 0.018 0.024 0.024 0.033 0.095 0.096 0.027 0.023 0.165 0.014 0.028 0.029 0.021 0.22 0.073
14 L 0.043 0.023 0.016 0.016 0.015 0.016 0.021 0.021 0.017 0.133 0.279 0.026 0.04 0.066 0.014 0.025 0.033 0.011 0.083 0.1
15 L 0.046 0.026 0.022 0.02 0.014 0.018 0.025 0.027 0.019 0.077 0.204 0.029 0.032 0.132 0.016 0.039 0.076 0.013 0.096 0.072
16 L 0.094 0.023 0.017 0.019 0.016 0.016 0.023 0.033 0.012 0.123 0.222 0.027 0.035 0.114 0.016 0.036 0.036 0.008 0.034 0.097
17 L 0.065 0.028 0.028 0.027 0.016 0.02 0.03 0.036 0.013 0.084 0.146 0.033 0.028 0.106 0.019 0.081 0.09 0.008 0.033 0.108
18 L 0.049 0.02 0.015 0.016 0.111 0.014 0.018 0.023 0.009 0.168 0.234 0.023 0.037 0.043 0.015 0.027 0.036 0.006 0.019 0.118
19 C 0.047 0.019 0.016 0.016 0.205 0.012 0.018 0.027 0.012 0.065 0.148 0.02 0.026 0.178 0.013 0.031 0.031 0.01 0.044 0.063
20 C 0.064 0.016 0.016 0.016 0.494 0.012 0.016 0.032 0.008 0.044 0.064 0.02 0.016 0.02 0.016 0.04 0.036 0.004 0.012 0.056
21 S 0.127 0.032 0.038 0.036 0.018 0.026 0.04 0.054 0.015 0.088 0.074 0.043 0.021 0.026 0.026 0.134 0.102 0.005 0.018 0.078
22 F 0.034 0.02 0.018 0.017 0.01 0.013 0.02 0.025 0.022 0.058 0.103 0.021 0.024 0.345 0.011 0.026 0.025 0.019 0.136 0.052
23 L 0.04 0.02 0.015 0.016 0.014 0.013 0.019 0.022 0.012 0.127 0.233 0.022 0.037 0.19 0.013 0.024 0.031 0.011 0.048 0.094
24 S 0.108 0.039 0.053 0.048 0.017 0.033 0.051 0.065 0.019 0.029 0.041 0.053 0.015 0.02 0.029 0.235 0.08 0.005 0.017 0.041
25 I 0.048 0.018 0.015 0.017 0.015 0.013 0.019 0.022 0.01 0.216 0.147 0.023 0.033 0.113 0.014 0.026 0.038 0.008 0.034 0.171
26 N 0.061 0.041 0.217 0.066 0.012 0.032 0.047 0.06 0.025 0.03 0.04 0.051 0.014 0.019 0.023 0.106 0.097 0.005 0.016 0.038
27 S 0.079 0.033 0.039 0.036 0.014 0.026 0.04 0.049 0.024 0.038 0.06 0.042 0.018 0.118 0.023 0.152 0.059 0.012 0.094 0.045
28 L 0.056 0.027 0.022 0.022 0.016 0.019 0.026 0.03 0.012 0.096 0.318 0.03 0.042 0.047 0.017 0.066 0.042 0.007 0.021 0.084
29 P 0.105 0.026 0.023 0.03 0.012 0.021 0.036 0.044 0.013 0.029 0.04 0.041 0.012 0.014 0.409 0.051 0.038 0.003 0.014 0.038
30 I 0.05 0.018 0.015 0.017 0.016 0.014 0.018 0.021 0.009 0.267 0.159 0.024 0.035 0.042 0.015 0.026 0.04 0.006 0.02 0.19
31 N 0.042 0.044 0.33 0.081 0.009 0.033 0.048 0.064 0.031 0.022 0.031 0.053 0.011 0.018 0.02 0.068 0.048 0.004 0.015 0.026
32 P 0.051 0.025 0.019 0.024 0.012 0.019 0.029 0.03 0.012 0.06 0.176 0.034 0.026 0.029 0.308 0.035 0.034 0.004 0.016 0.056
33 I 0.103 0.023 0.022 0.024 0.017 0.018 0.026 0.036 0.011 0.19 0.123 0.032 0.029 0.035 0.02 0.05 0.085 0.006 0.019 0.131
34 Y 0.04 0.027 0.021 0.018 0.009 0.021 0.027 0.024 0.046 0.043 0.067 0.031 0.018 0.128 0.015 0.031 0.027 0.027 0.331 0.046
35 I 0.048 0.019 0.016 0.02 0.015 0.014 0.021 0.023 0.009 0.233 0.139 0.027 0.031 0.037 0.112 0.028 0.038 0.005 0.019 0.145
36 L 0.043 0.023 0.016 0.016 0.015 0.016 0.021 0.021 0.017 0.133 0.279 0.026 0.04 0.066 0.014 0.025 0.033 0.011 0.083 0.1
37 G 0.075 0.022 0.034 0.03 0.012 0.018 0.025 0.421 0.012 0.047 0.048 0.032 0.014 0.02 0.018 0.047 0.033 0.005 0.013 0.076
38 F 0.148 0.023 0.021 0.022 0.087 0.017 0.027 0.071 0.014 0.049 0.079 0.03 0.02 0.172 0.019 0.052 0.036 0.01 0.044 0.058
39 G 0.058 0.021 0.025 0.023 0.012 0.015 0.022 0.223 0.014 0.065 0.081 0.026 0.02 0.173 0.015 0.037 0.031 0.01 0.043 0.088
40 L 0.096 0.025 0.016 0.018 0.017 0.018 0.024 0.032 0.011 0.099 0.322 0.029 0.042 0.047 0.017 0.036 0.036 0.007 0.021 0.089
41 L 0.043 0.02 0.015 0.016 0.015 0.014 0.019 0.021 0.011 0.172 0.243 0.023 0.039 0.119 0.013 0.024 0.034 0.008 0.034 0.118
42 L 0.064 0.025 0.027 0.026 0.015 0.019 0.027 0.129 0.012 0.112 0.202 0.032 0.032 0.037 0.018 0.072 0.043 0.006 0.018 0.085
43 I 0.051 0.02 0.015 0.017 0.017 0.014 0.019 0.021 0.009 0.22 0.2 0.024 0.037 0.043 0.015 0.026 0.04 0.006 0.021 0.185
44 G 0.062 0.022 0.024 0.023 0.014 0.016 0.022 0.221 0.011 0.119 0.147 0.028 0.027 0.033 0.016 0.036 0.036 0.006 0.017 0.12
45 F 0.046 0.021 0.021 0.021 0.014 0.015 0.022 0.027 0.013 0.149 0.123 0.026 0.028 0.182 0.015 0.038 0.078 0.01 0.046 0.105
46 L 0.059 0.03 0.024 0.023 0.016 0.024 0.029 0.032 0.014 0.09 0.24 0.035 0.093 0.044 0.018 0.071 0.045 0.007 0.022 0.082
47 L 0.046 0.04 0.091 0.039 0.011 0.066 0.048 0.037 0.089 0.094 0.133 0.047 0.026 0.032 0.018 0.043 0.037 0.006 0.027 0.07
48 L 0.05 0.02 0.015 0.017 0.016 0.014 0.02 0.022 0.01 0.169 0.188 0.023 0.035 0.114 0.014 0.027 0.038 0.008 0.034 0.167
49 L 0.041 0.023 0.016 0.017 0.014 0.016 0.021 0.024 0.014 0.09 0.238 0.024 0.065 0.19 0.013 0.027 0.031 0.011 0.048 0.077
50 L 0.062 0.026 0.022 0.022 0.017 0.019 0.027 0.03 0.011 0.115 0.255 0.031 0.038 0.043 0.017 0.068 0.046 0.006 0.021 0.125
51 K 0.051 0.19 0.039 0.036 0.008 0.049 0.061 0.038 0.022 0.026 0.045 0.218 0.015 0.021 0.024 0.048 0.037 0.006 0.033 0.032
52 L 0.101 0.028 0.02 0.023 0.016 0.023 0.03 0.038 0.014 0.076 0.173 0.036 0.086 0.036 0.116 0.044 0.039 0.006 0.02 0.075
53 R 0.054 0.192 0.04 0.036 0.01 0.045 0.056 0.038 0.02 0.03 0.048 0.173 0.016 0.018 0.024 0.057 0.082 0.005 0.017 0.039
54 I 0.046 0.018 0.015 0.017 0.016 0.014 0.018 0.021 0.009 0.276 0.166 0.024 0.043 0.044 0.014 0.025 0.039 0.006 0.02 0.169
55 K 0.063 0.073 0.102 0.051 0.01 0.08 0.068 0.051 0.024 0.026 0.041 0.156 0.015 0.017 0.025 0.093 0.049 0.005 0.017 0.033
56 K 0.05 0.093 0.156 0.056 0.009 0.044 0.06 0.05 0.025 0.025 0.038 0.188 0.014 0.016 0.024 0.058 0.042 0.005 0.016 0.03
57 F 0.037 0.021 0.017 0.017 0.011 0.014 0.021 0.024 0.021 0.068 0.158 0.022 0.028 0.276 0.012 0.026 0.027 0.017 0.123 0.06
58 T 0.086 0.037 0.047 0.041 0.017 0.029 0.044 0.052 0.016 0.043 0.055 0.048 0.018 0.022 0.028 0.149 0.189 0.006 0.017 0.058
59 L 0.045 0.025 0.017 0.017 0.015 0.019 0.022 0.023 0.018 0.131 0.24 0.028 0.066 0.065 0.015 0.028 0.034 0.011 0.084 0.1
60 V 0.058 0.022 0.017 0.018 0.016 0.017 0.023 0.023 0.016 0.162 0.123 0.026 0.029 0.055 0.016 0.03 0.042 0.01 0.082 0.214
61 T 0.058 0.03 0.033 0.029 0.014 0.023 0.032 0.035 0.021 0.052 0.074 0.037 0.02 0.119 0.021 0.066 0.167 0.012 0.094 0.062
62 I 0.042 0.018 0.015 0.017 0.014 0.012 0.018 0.022 0.012 0.19 0.142 0.021 0.031 0.185 0.013 0.025 0.034 0.01 0.047 0.131
63 L 0.046 0.022 0.014 0.016 0.016 0.015 0.019 0.021 0.01 0.158 0.292 0.024 0.043 0.066 0.014 0.025 0.035 0.007 0.025 0.131
64 F 0.033 0.019 0.017 0.017 0.01 0.01 0.019 0.025 0.017 0.062 0.112 0.019 0.025 0.399 0.01 0.025 0.025 0.017 0.087 0.054
65 A 0.166 0.033 0.037 0.038 0.017 0.027 0.044 0.063 0.016 0.033 0.046 0.047 0.015 0.019 0.124 0.144 0.06 0.005 0.016 0.048
66 L 0.054 0.026 0.022 0.021 0.016 0.019 0.025 0.028 0.013 0.097 0.177 0.03 0.06 0.112 0.017 0.041 0.081 0.009 0.034 0.118
67 L 0.162 0.028 0.02 0.022 0.018 0.022 0.03 0.047 0.013 0.079 0.21 0.035 0.054 0.038 0.021 0.052 0.041 0.006 0.02 0.082
68 F 0.036 0.018 0.016 0.017 0.011 0.011 0.018 0.024 0.015 0.107 0.122 0.02 0.027 0.328 0.011 0.025 0.028 0.014 0.074 0.078
69 L 0.044 0.024 0.014 0.015 0.016 0.016 0.02 0.021 0.01 0.113 0.388 0.025 0.049 0.054 0.014 0.024 0.033 0.007 0.022 0.094
70 L 0.044 0.022 0.014 0.016 0.016 0.015 0.019 0.021 0.01 0.154 0.318 0.024 0.044 0.068 0.014 0.024 0.034 0.007 0.025 0.112
71 S 0.088 0.037 0.043 0.05 0.111 0.035 0.096 0.052 0.018 0.031 0.045 0.051 0.015 0.02 0.026 0.16 0.063 0.005 0.016 0.042
72 Q 0.055 0.072 0.043 0.046 0.009 0.23 0.101 0.04 0.029 0.026 0.046 0.089 0.02 0.014 0.023 0.055 0.04 0.006 0.02 0.035
73 L 0.046 0.023 0.016 0.016 0.014 0.016 0.022 0.023 0.018 0.099 0.216 0.025 0.034 0.134 0.014 0.027 0.033 0.013 0.096 0.114
74 I 0.047 0.025 0.019 0.031 0.014 0.024 0.076 0.023 0.012 0.198 0.184 0.034 0.034 0.04 0.016 0.03 0.037 0.006 0.02 0.129
75 G 0.077 0.022 0.038 0.033 0.011 0.019 0.025 0.52 0.013 0.019 0.028 0.033 0.009 0.016 0.019 0.05 0.029 0.005 0.011 0.024
76 I 0.046 0.019 0.014 0.017 0.016 0.014 0.018 0.02 0.009 0.251 0.209 0.023 0.039 0.045 0.014 0.024 0.038 0.006 0.021 0.157
77 F 0.039 0.033 0.084 0.11 0.009 0.027 0.047 0.038 0.113 0.034 0.055 0.038 0.016 0.118 0.017 0.042 0.031 0.012 0.102 0.034
78 L 0.04 0.023 0.018 0.017 0.012 0.016 0.022 0.023 0.025 0.109 0.16 0.026 0.029 0.15 0.014 0.027 0.03 0.017 0.158 0.083
79 V 0.069 0.046 0.091 0.041 0.014 0.03 0.043 0.044 0.017 0.08 0.074 0.09 0.021 0.025 0.022 0.084 0.053 0.005 0.018 0.133
80 K 0.08 0.061 0.046 0.042 0.015 0.038 0.054 0.051 0.018 0.037 0.05 0.127 0.017 0.02 0.028 0.123 0.124 0.005 0.017 0.048
81 S 0.083 0.057 0.049 0.048 0.013 0.126 0.077 0.054 0.024 0.028 0.044 0.072 0.018 0.018 0.026 0.14 0.061 0.006 0.019 0.038
82 H 0.057 0.04 0.048 0.038 0.013 0.033 0.046 0.041 0.186 0.038 0.051 0.045 0.017 0.027 0.023 0.067 0.138 0.007 0.037 0.047
83 L 0.062 0.047 0.032 0.031 0.015 0.029 0.04 0.037 0.014 0.101 0.14 0.1 0.027 0.031 0.022 0.076 0.088 0.006 0.019 0.082
84 G 0.058 0.023 0.03 0.027 0.012 0.017 0.025 0.226 0.015 0.043 0.069 0.03 0.018 0.171 0.017 0.048 0.074 0.01 0.043 0.045
85 Y 0.04 0.027 0.021 0.018 0.009 0.021 0.027 0.024 0.046 0.043 0.067 0.031 0.018 0.128 0.015 0.031 0.027 0.027 0.331 0.046
86 F 0.034 0.019 0.017 0.017 0.011 0.011 0.019 0.025 0.017 0.064 0.115 0.019 0.025 0.385 0.011 0.025 0.025 0.017 0.089 0.055
87 P 0.05 0.03 0.093 0.116 0.009 0.025 0.049 0.043 0.017 0.024 0.033 0.044 0.01 0.014 0.31 0.05 0.038 0.003 0.013 0.028
88 N 0.047 0.046 0.214 0.084 0.008 0.045 0.153 0.052 0.029 0.022 0.033 0.061 0.012 0.017 0.022 0.063 0.043 0.005 0.016 0.028
89 G 0.108 0.03 0.1 0.117 0.012 0.025 0.046 0.245 0.018 0.025 0.034 0.041 0.011 0.017 0.022 0.061 0.038 0.005 0.013 0.033
90 P 0.056 0.023 0.02 0.025 0.013 0.018 0.029 0.03 0.011 0.105 0.08 0.034 0.019 0.023 0.308 0.037 0.039 0.004 0.016 0.11
91 N 0.053 0.035 0.205 0.056 0.013 0.026 0.038 0.048 0.022 0.078 0.07 0.042 0.019 0.025 0.018 0.054 0.048 0.005 0.017 0.129
92 Y 0.047 0.024 0.019 0.018 0.012 0.019 0.025 0.024 0.031 0.115 0.099 0.028 0.024 0.093 0.015 0.03 0.034 0.019 0.207 0.119
93 L 0.044 0.023 0.014 0.015 0.016 0.015 0.019 0.021 0.01 0.148 0.343 0.024 0.046 0.052 0.014 0.024 0.034 0.007 0.022 0.11
94 T 0.086 0.037 0.047 0.041 0.017 0.029 0.044 0.052 0.016 0.043 0.055 0.048 0.018 0.022 0.028 0.149 0.189 0.006 0.017 0.058
95 P 0.066 0.028 0.029 0.034 0.012 0.023 0.039 0.041 0.014 0.026 0.037 0.043 0.011 0.014 0.409 0.081 0.044 0.003 0.014 0.033
96 L 0.042 0.023 0.014 0.015 0.015 0.015 0.02 0.022 0.011 0.103 0.333 0.024 0.044 0.123 0.013 0.024 0.031 0.009 0.035 0.086
97 L 0.044 0.024 0.014 0.015 0.016 0.016 0.02 0.021 0.01 0.113 0.388 0.025 0.049 0.054 0.014 0.024 0.033 0.007 0.022 0.094
98 F 0.033 0.019 0.017 0.017 0.01 0.01 0.019 0.025 0.017 0.062 0.112 0.019 0.025 0.399 0.01 0.025 0.025 0.017 0.087 0.054
99 F 0.056 0.025 0.025 0.023 0.013 0.018 0.028 0.033 0.021 0.072 0.092 0.029 0.023 0.196 0.016 0.07 0.041 0.014 0.109 0.096
100 Y 0.04 0.024 0.019 0.018 0.011 0.018 0.024 0.024 0.033 0.095 0.096 0.027 0.023 0.165 0.014 0.028 0.029 0.021 0.22 0.073
101 S 0.108 0.039 0.053 0.048 0.017 0.033 0.051 0.065 0.019 0.029 0.041 0.053 0.015 0.02 0.029 0.235 0.08 0.005 0.017 0.041
102 W 0.042 0.022 0.016 0.017 0.013 0.017 0.022 0.026 0.013 0.139 0.123 0.025 0.056 0.05 0.012 0.026 0.033 0.205 0.04 0.105
103 L 0.047 0.022 0.015 0.016 0.015 0.015 0.02 0.022 0.011 0.113 0.281 0.024 0.04 0.119 0.014 0.026 0.034 0.009 0.035 0.124
104 L 0.045 0.02 0.014 0.016 0.016 0.014 0.018 0.02 0.009 0.216 0.254 0.024 0.041 0.047 0.014 0.024 0.037 0.006 0.021 0.142
105 S 0.147 0.038 0.047 0.044 0.018 0.031 0.049 0.067 0.018 0.032 0.045 0.051 0.016 0.021 0.029 0.205 0.074 0.005 0.017 0.046
106 V 0.105 0.025 0.023 0.023 0.017 0.018 0.027 0.038 0.012 0.121 0.105 0.031 0.026 0.104 0.019 0.051 0.085 0.008 0.032 0.129
107 C 0.054 0.018 0.021 0.02 0.204 0.013 0.019 0.127 0.012 0.046 0.076 0.022 0.018 0.171 0.014 0.036 0.03 0.009 0.042 0.049
108 V 0.055 0.02 0.015 0.017 0.017 0.015 0.02 0.022 0.009 0.201 0.194 0.024 0.037 0.042 0.015 0.027 0.042 0.006 0.021 0.201
109 L 0.059 0.03 0.087 0.038 0.014 0.023 0.034 0.041 0.016 0.095 0.132 0.039 0.024 0.03 0.116 0.079 0.047 0.005 0.017 0.073
110 E 0.052 0.052 0.099 0.079 0.008 0.091 0.216 0.041 0.027 0.023 0.037 0.073 0.014 0.016 0.024 0.057 0.039 0.005 0.017 0.031
111 G 0.07 0.025 0.031 0.028 0.015 0.019 0.027 0.203 0.012 0.108 0.083 0.033 0.021 0.027 0.019 0.059 0.084 0.006 0.016 0.116
112 F 0.053 0.024 0.023 0.023 0.014 0.016 0.025 0.031 0.014 0.11 0.163 0.028 0.03 0.183 0.016 0.067 0.04 0.01 0.047 0.083
113 P 0.049 0.106 0.035 0.033 0.01 0.073 0.054 0.035 0.09 0.039 0.072 0.066 0.048 0.024 0.116 0.044 0.035 0.006 0.026 0.042
114 G 0.062 0.028 0.028 0.025 0.014 0.022 0.028 0.128 0.019 0.075 0.096 0.034 0.051 0.05 0.019 0.048 0.081 0.01 0.081 0.103
115 L 0.045 0.021 0.014 0.016 0.016 0.015 0.019 0.021 0.009 0.182 0.298 0.024 0.044 0.05 0.014 0.024 0.035 0.006 0.021 0.126
116 P 0.052 0.074 0.091 0.044 0.009 0.035 0.051 0.043 0.019 0.025 0.037 0.135 0.012 0.015 0.216 0.051 0.039 0.004 0.015 0.03
117 Y 0.058 0.049 0.034 0.042 0.01 0.037 0.096 0.061 0.031 0.032 0.05 0.095 0.016 0.061 0.022 0.071 0.039 0.014 0.142 0.038
118 D 0.049 0.063 0.051 0.198 0.008 0.045 0.126 0.042 0.021 0.024 0.035 0.149 0.012 0.015 0.025 0.052 0.037 0.005 0.014 0.029
119 T 0.063 0.113 0.04 0.035 0.013 0.035 0.047 0.041 0.017 0.043 0.072 0.107 0.019 0.04 0.024 0.082 0.13 0.006 0.021 0.052
120 R 0.044 0.358 0.038 0.03 0.008 0.047 0.051 0.032 0.023 0.023 0.046 0.118 0.015 0.017 0.019 0.044 0.034 0.006 0.017 0.03
121 L 0.05 0.027 0.083 0.034 0.015 0.02 0.028 0.034 0.014 0.152 0.162 0.034 0.03 0.036 0.018 0.046 0.084 0.006 0.019 0.107
122 I 0.066 0.046 0.034 0.033 0.015 0.038 0.043 0.039 0.015 0.123 0.089 0.091 0.024 0.028 0.023 0.087 0.092 0.006 0.018 0.091
123 I 0.049 0.018 0.015 0.017 0.111 0.013 0.018 0.023 0.009 0.203 0.189 0.023 0.035 0.041 0.015 0.027 0.037 0.006 0.019 0.134
124 Y 0.043 0.036 0.026 0.024 0.009 0.063 0.042 0.028 0.042 0.039 0.063 0.042 0.019 0.105 0.017 0.035 0.03 0.023 0.269 0.044
125 K 0.049 0.058 0.088 0.04 0.011 0.033 0.044 0.038 0.018 0.129 0.089 0.137 0.023 0.027 0.021 0.044 0.041 0.005 0.018 0.087
126 K 0.051 0.143 0.098 0.047 0.008 0.048 0.062 0.045 0.023 0.025 0.041 0.209 0.014 0.016 0.024 0.054 0.04 0.005 0.017 0.031
127 L 0.066 0.025 0.028 0.026 0.015 0.019 0.028 0.131 0.013 0.077 0.139 0.031 0.026 0.105 0.018 0.073 0.043 0.008 0.031 0.099
128 L 0.044 0.022 0.016 0.017 0.015 0.016 0.02 0.021 0.017 0.168 0.234 0.025 0.038 0.064 0.014 0.025 0.034 0.011 0.083 0.116
129 N 0.047 0.116 0.152 0.051 0.01 0.039 0.049 0.046 0.024 0.038 0.069 0.11 0.046 0.023 0.02 0.054 0.042 0.005 0.018 0.041
130 I 0.046 0.023 0.02 0.02 0.013 0.017 0.023 0.026 0.022 0.143 0.114 0.027 0.027 0.138 0.015 0.04 0.046 0.014 0.127 0.099
131 A 0.171 0.032 0.035 0.034 0.017 0.025 0.04 0.062 0.017 0.041 0.062 0.042 0.018 0.096 0.025 0.132 0.057 0.007 0.031 0.054
132 I 0.051 0.018 0.015 0.017 0.016 0.014 0.018 0.021 0.009 0.261 0.157 0.024 0.035 0.042 0.015 0.026 0.041 0.006 0.02 0.195
133 I 0.057 0.021 0.016 0.018 0.015 0.016 0.021 0.025 0.012 0.191 0.154 0.026 0.061 0.114 0.015 0.03 0.037 0.008 0.034 0.128
134 F 0.033 0.019 0.017 0.017 0.01 0.01 0.019 0.025 0.017 0.062 0.112 0.019 0.025 0.399 0.01 0.025 0.025 0.017 0.087 0.054
135 L 0.041 0.023 0.016 0.017 0.014 0.016 0.021 0.024 0.014 0.09 0.238 0.024 0.065 0.19 0.013 0.027 0.031 0.011 0.048 0.077
136 L 0.057 0.024 0.023 0.023 0.015 0.017 0.026 0.031 0.013 0.123 0.179 0.029 0.032 0.129 0.016 0.067 0.043 0.009 0.037 0.108
137 L 0.045 0.02 0.014 0.016 0.016 0.014 0.018 0.02 0.009 0.216 0.254 0.024 0.041 0.047 0.014 0.024 0.037 0.006 0.021 0.142
138 E 0.054 0.049 0.04 0.088 0.007 0.063 0.31 0.034 0.025 0.022 0.036 0.074 0.013 0.016 0.025 0.054 0.036 0.005 0.016 0.031
139 L 0.042 0.023 0.014 0.015 0.015 0.015 0.02 0.022 0.011 0.103 0.333 0.024 0.044 0.123 0.013 0.024 0.031 0.009 0.035 0.086
140 I 0.044 0.019 0.015 0.017 0.015 0.013 0.018 0.021 0.01 0.229 0.204 0.023 0.037 0.081 0.014 0.024 0.036 0.007 0.027 0.146
141 T 0.079 0.036 0.045 0.039 0.017 0.028 0.041 0.047 0.015 0.048 0.059 0.046 0.019 0.023 0.027 0.12 0.225 0.006 0.017 0.064
142 R 0.044 0.358 0.038 0.03 0.008 0.047 0.051 0.032 0.023 0.023 0.046 0.118 0.015 0.017 0.019 0.044 0.034 0.006 0.017 0.03
143 V 0.061 0.024 0.021 0.021 0.017 0.018 0.025 0.027 0.01 0.131 0.168 0.029 0.032 0.055 0.018 0.042 0.086 0.006 0.023 0.186
144 L 0.042 0.021 0.015 0.016 0.015 0.014 0.019 0.022 0.011 0.137 0.288 0.023 0.041 0.121 0.013 0.024 0.032 0.009 0.035 0.102
145 L 0.043 0.031 0.141 0.042 0.013 0.022 0.031 0.038 0.018 0.111 0.2 0.036 0.031 0.037 0.016 0.042 0.04 0.006 0.019 0.083
146 Y 0.047 0.026 0.025 0.021 0.009 0.021 0.027 0.123 0.039 0.038 0.059 0.031 0.017 0.106 0.016 0.035 0.028 0.023 0.267 0.041
147 N 0.047 0.113 0.156 0.066 0.008 0.081 0.112 0.047 0.028 0.023 0.038 0.077 0.014 0.017 0.021 0.058 0.042 0.005 0.017 0.03
148 G 0.068 0.048 0.037 0.045 0.012 0.037 0.095 0.136 0.018 0.042 0.107 0.095 0.02 0.024 0.023 0.083 0.043 0.006 0.017 0.044
149 G 0.079 0.038 0.103 0.057 0.013 0.034 0.084 0.15 0.021 0.026 0.037 0.052 0.013 0.019 0.024 0.13 0.066 0.005 0.015 0.035
150 E 0.05 0.121 0.098 0.066 0.008 0.052 0.158 0.041 0.025 0.023 0.038 0.122 0.013 0.016 0.023 0.055 0.039 0.005 0.016 0.03
151 G 0.066 0.032 0.082 0.054 0.009 0.032 0.1 0.33 0.019 0.02 0.03 0.046 0.01 0.016 0.02 0.054 0.034 0.005 0.013 0.026
152 F 0.047 0.02 0.02 0.02 0.013 0.014 0.02 0.122 0.013 0.108 0.161 0.024 0.029 0.182 0.014 0.03 0.03 0.01 0.045 0.08
153 L 0.043 0.02 0.015 0.016 0.015 0.014 0.019 0.021 0.011 0.172 0.243 0.023 0.039 0.119 0.013 0.024 0.034 0.008 0.034 0.118
154 Y 0.04 0.027 0.021 0.018 0.009 0.021 0.027 0.024 0.046 0.043 0.067 0.031 0.018 0.128 0.015 0.031 0.027 0.027 0.331 0.046
155 A 0.265 0.032 0.031 0.033 0.02 0.027 0.042 0.074 0.015 0.04 0.055 0.046 0.017 0.021 0.029 0.114 0.055 0.005 0.017 0.062
156 F 0.037 0.02 0.016 0.016 0.012 0.012 0.019 0.023 0.014 0.08 0.208 0.021 0.033 0.278 0.012 0.025 0.028 0.013 0.064 0.068
157 K 0.056 0.105 0.041 0.041 0.008 0.052 0.069 0.042 0.02 0.027 0.042 0.292 0.015 0.015 0.027 0.052 0.039 0.005 0.017 0.032
158 Y 0.06 0.061 0.035 0.033 0.01 0.036 0.049 0.04 0.03 0.034 0.052 0.14 0.016 0.061 0.023 0.08 0.043 0.014 0.143 0.039
159 S 0.108 0.039 0.053 0.048 0.017 0.033 0.051 0.065 0.019 0.029 0.041 0.053 0.015 0.02 0.029 0.235 0.08 0.005 0.017 0.041
160 L 0.048 0.022 0.017 0.017 0.014 0.016 0.022 0.023 0.018 0.121 0.168 0.025 0.031 0.131 0.014 0.028 0.035 0.012 0.096 0.141
161 F 0.038 0.021 0.016 0.017 0.012 0.013 0.02 0.024 0.014 0.078 0.205 0.022 0.032 0.259 0.036 0.025 0.028 0.013 0.061 0.067
162 Y 0.04 0.027 0.021 0.018 0.009 0.021 0.027 0.024 0.046 0.043 0.067 0.031 0.018 0.128 0.015 0.031 0.027 0.027 0.331 0.046
163 F 0.033 0.019 0.017 0.017 0.01 0.01 0.019 0.025 0.017 0.062 0.112 0.019 0.025 0.399 0.01 0.025 0.025 0.017 0.087 0.054
164 D 0.04 0.029 0.068 0.409 0.007 0.029 0.09 0.046 0.018 0.022 0.027 0.044 0.009 0.015 0.022 0.051 0.035 0.004 0.011 0.024
165 S 0.108 0.039 0.053 0.048 0.017 0.033 0.051 0.065 0.019 0.029 0.041 0.053 0.015 0.02 0.029 0.235 0.08 0.005 0.017 0.041
166 N 0.042 0.044 0.33 0.081 0.009 0.033 0.048 0.064 0.031 0.022 0.031 0.053 0.011 0.018 0.02 0.068 0.048 0.004 0.015 0.026
167 F 0.033 0.019 0.017 0.017 0.01 0.01 0.019 0.025 0.017 0.062 0.112 0.019 0.025 0.399 0.01 0.025 0.025 0.017 0.087 0.054
168 T 0.118 0.034 0.039 0.035 0.018 0.027 0.039 0.049 0.014 0.05 0.063 0.044 0.019 0.023 0.027 0.089 0.219 0.006 0.017 0.069
169 G 0.122 0.024 0.036 0.032 0.013 0.02 0.028 0.431 0.013 0.023 0.034 0.035 0.011 0.017 0.021 0.057 0.033 0.005 0.012 0.033
170 L 0.044 0.024 0.014 0.015 0.016 0.016 0.02 0.021 0.01 0.113 0.388 0.025 0.049 0.054 0.014 0.024 0.033 0.007 0.022 0.094
171 V 0.064 0.021 0.016 0.017 0.018 0.016 0.022 0.023 0.008 0.186 0.135 0.025 0.032 0.037 0.016 0.031 0.047 0.005 0.02 0.261
172 I 0.044 0.021 0.025 0.095 0.014 0.017 0.032 0.025 0.011 0.198 0.182 0.028 0.033 0.04 0.016 0.03 0.037 0.006 0.019 0.128
173 L 0.05 0.025 0.02 0.02 0.016 0.018 0.023 0.025 0.01 0.135 0.278 0.028 0.04 0.045 0.017 0.037 0.08 0.006 0.021 0.105
174 S 0.108 0.039 0.053 0.048 0.017 0.033 0.051 0.065 0.019 0.029 0.041 0.053 0.015 0.02 0.029 0.235 0.08 0.005 0.017 0.041
175 L 0.045 0.021 0.014 0.016 0.016 0.015 0.019 0.021 0.009 0.182 0.298 0.024 0.044 0.05 0.014 0.024 0.035 0.006 0.021 0.126
176 L 0.053 0.02 0.015 0.016 0.112 0.015 0.019 0.024 0.009 0.143 0.226 0.024 0.036 0.041 0.015 0.029 0.038 0.006 0.019 0.14
177 A 0.171 0.028 0.032 0.031 0.113 0.023 0.034 0.154 0.014 0.035 0.05 0.039 0.015 0.02 0.024 0.098 0.049 0.005 0.015 0.051
178 F 0.034 0.02 0.017 0.017 0.01 0.011 0.02 0.025 0.019 0.06 0.107 0.02 0.024 0.372 0.011 0.025 0.025 0.018 0.111 0.053
179 L 0.109 0.028 0.024 0.024 0.017 0.021 0.03 0.041 0.013 0.082 0.253 0.034 0.036 0.041 0.02 0.078 0.046 0.006 0.02 0.078
180 L 0.044 0.021 0.014 0.016 0.015 0.014 0.019 0.021 0.01 0.177 0.271 0.024 0.041 0.084 0.014 0.024 0.034 0.007 0.028 0.122
181 Y 0.038 0.026 0.02 0.018 0.009 0.019 0.026 0.025 0.04 0.047 0.076 0.028 0.02 0.182 0.014 0.029 0.027 0.025 0.282 0.047
182 L 0.047 0.039 0.019 0.021 0.014 0.023 0.029 0.025 0.012 0.13 0.274 0.078 0.039 0.044 0.017 0.03 0.035 0.006 0.021 0.098
183 N 0.05 0.069 0.156 0.067 0.008 0.047 0.109 0.049 0.026 0.024 0.037 0.153 0.013 0.016 0.024 0.059 0.042 0.005 0.016 0.03
184 Y 0.046 0.051 0.091 0.049 0.009 0.038 0.097 0.038 0.034 0.031 0.049 0.096 0.015 0.061 0.021 0.047 0.036 0.014 0.142 0.036
185 V 0.056 0.103 0.089 0.039 0.013 0.069 0.049 0.037 0.02 0.079 0.076 0.062 0.022 0.024 0.019 0.046 0.044 0.005 0.019 0.132
186 L 0.054 0.058 0.03 0.03 0.013 0.033 0.043 0.034 0.015 0.067 0.185 0.136 0.029 0.032 0.022 0.049 0.081 0.006 0.019 0.065
187 G 0.107 0.045 0.032 0.042 0.013 0.034 0.092 0.139 0.016 0.079 0.066 0.093 0.018 0.022 0.023 0.053 0.038 0.005 0.016 0.065
188 V 0.054 0.029 0.085 0.034 0.014 0.022 0.031 0.035 0.021 0.113 0.091 0.035 0.023 0.049 0.019 0.049 0.085 0.01 0.081 0.12
189 K 0.053 0.062 0.098 0.102 0.01 0.038 0.071 0.043 0.02 0.052 0.055 0.143 0.016 0.02 0.023 0.051 0.042 0.005 0.016 0.08
190 F 0.045 0.041 0.017 0.017 0.013 0.015 0.022 0.024 0.014 0.094 0.163 0.028 0.03 0.219 0.013 0.028 0.033 0.011 0.054 0.117
191 K 0.05 0.081 0.157 0.057 0.009 0.045 0.061 0.051 0.025 0.025 0.038 0.196 0.014 0.016 0.024 0.059 0.043 0.005 0.016 0.03
192 K 0.051 0.072 0.032 0.032 0.01 0.038 0.051 0.034 0.023 0.082 0.072 0.186 0.02 0.043 0.022 0.042 0.037 0.01 0.08 0.063
193 T 0.059 0.045 0.038 0.036 0.014 0.096 0.057 0.037 0.036 0.088 0.076 0.056 0.023 0.024 0.023 0.062 0.128 0.006 0.021 0.076
194 R 0.049 0.189 0.034 0.032 0.01 0.043 0.052 0.034 0.019 0.077 0.068 0.169 0.019 0.022 0.021 0.043 0.037 0.005 0.018 0.06
195 R 0.04 0.158 0.027 0.023 0.009 0.03 0.035 0.028 0.031 0.039 0.067 0.063 0.018 0.138 0.016 0.035 0.03 0.017 0.157 0.041
196 I 0.046 0.019 0.014 0.017 0.016 0.014 0.018 0.02 0.009 0.251 0.209 0.023 0.039 0.045 0.014 0.024 0.038 0.006 0.021 0.157
197 L 0.049 0.026 0.02 0.019 0.016 0.018 0.024 0.025 0.011 0.101 0.323 0.029 0.043 0.048 0.017 0.037 0.078 0.007 0.021 0.089
198 Y 0.046 0.026 0.023 0.021 0.012 0.019 0.026 0.027 0.026 0.063 0.14 0.03 0.026 0.146 0.016 0.04 0.075 0.017 0.158 0.062
199 L 0.052 0.021 0.015 0.017 0.016 0.014 0.02 0.023 0.01 0.157 0.184 0.024 0.034 0.113 0.014 0.028 0.039 0.008 0.034 0.178
200 L 0.045 0.025 0.015 0.016 0.016 0.018 0.021 0.022 0.011 0.11 0.349 0.027 0.074 0.052 0.014 0.026 0.034 0.007 0.022 0.094
201 L 0.044 0.023 0.014 0.015 0.016 0.015 0.019 0.021 0.01 0.148 0.343 0.024 0.046 0.052 0.014 0.024 0.034 0.007 0.022 0.11
202 L 0.04 0.02 0.015 0.016 0.013 0.013 0.019 0.023 0.013 0.133 0.208 0.022 0.035 0.206 0.012 0.024 0.031 0.011 0.051 0.096
203 L 0.096 0.025 0.016 0.018 0.017 0.018 0.024 0.032 0.011 0.099 0.322 0.029 0.042 0.047 0.017 0.036 0.036 0.007 0.021 0.089
204 T 0.072 0.035 0.043 0.037 0.017 0.027 0.039 0.043 0.014 0.052 0.064 0.045 0.019 0.023 0.027 0.091 0.261 0.006 0.017 0.07
205 L 0.041 0.022 0.016 0.017 0.014 0.015 0.02 0.024 0.013 0.124 0.194 0.024 0.062 0.188 0.013 0.027 0.032 0.011 0.048 0.093
206 S 0.108 0.039 0.053 0.048 0.017 0.033 0.051 0.065 0.019 0.029 0.041 0.053 0.015 0.02 0.029 0.235 0.08 0.005 0.017 0.041
207 R 0.044 0.358 0.038 0.03 0.008 0.047 0.051 0.032 0.023 0.023 0.046 0.118 0.015 0.017 0.019 0.044 0.034 0.006 0.017 0.03
208 G 0.174 0.029 0.036 0.034 0.016 0.024 0.036 0.252 0.015 0.03 0.043 0.041 0.014 0.019 0.025 0.1 0.047 0.005 0.015 0.045
209 A 0.304 0.03 0.025 0.029 0.021 0.025 0.04 0.077 0.015 0.042 0.058 0.044 0.017 0.021 0.029 0.083 0.049 0.005 0.017 0.067
210 I 0.047 0.02 0.015 0.018 0.016 0.016 0.019 0.022 0.01 0.248 0.17 0.026 0.064 0.044 0.015 0.027 0.039 0.006 0.021 0.157
211 V 0.104 0.022 0.018 0.02 0.017 0.016 0.024 0.034 0.011 0.143 0.118 0.027 0.028 0.107 0.017 0.039 0.042 0.008 0.033 0.172
212 A 0.166 0.031 0.035 0.033 0.018 0.025 0.036 0.152 0.014 0.042 0.054 0.042 0.016 0.021 0.026 0.08 0.13 0.005 0.016 0.06
213 L 0.062 0.027 0.028 0.026 0.014 0.021 0.029 0.13 0.02 0.063 0.182 0.033 0.028 0.054 0.018 0.073 0.04 0.01 0.081 0.06
214 L 0.043 0.02 0.015 0.016 0.015 0.014 0.019 0.021 0.011 0.172 0.243 0.023 0.039 0.119 0.013 0.024 0.034 0.008 0.034 0.118
215 I 0.097 0.021 0.017 0.019 0.017 0.016 0.022 0.032 0.01 0.2 0.174 0.027 0.034 0.058 0.017 0.036 0.039 0.006 0.023 0.134
216 L 0.103 0.028 0.023 0.024 0.017 0.022 0.029 0.038 0.012 0.118 0.173 0.034 0.06 0.038 0.02 0.052 0.084 0.006 0.02 0.099
217 L 0.044 0.092 0.082 0.032 0.013 0.024 0.031 0.031 0.016 0.146 0.159 0.048 0.029 0.035 0.016 0.037 0.039 0.006 0.019 0.1
218 I 0.043 0.02 0.016 0.017 0.014 0.014 0.02 0.022 0.018 0.186 0.133 0.024 0.03 0.131 0.014 0.026 0.034 0.012 0.096 0.129
219 I 0.055 0.021 0.021 0.021 0.014 0.016 0.022 0.122 0.017 0.159 0.11 0.027 0.026 0.053 0.016 0.032 0.037 0.01 0.08 0.14
220 T 0.073 0.036 0.044 0.038 0.018 0.028 0.04 0.044 0.014 0.053 0.065 0.046 0.02 0.024 0.028 0.093 0.244 0.006 0.018 0.071
221 L 0.042 0.029 0.079 0.029 0.013 0.02 0.027 0.03 0.021 0.081 0.252 0.032 0.035 0.061 0.015 0.034 0.035 0.011 0.082 0.071
222 N 0.049 0.04 0.216 0.063 0.009 0.031 0.045 0.15 0.095 0.021 0.032 0.047 0.011 0.02 0.019 0.059 0.04 0.005 0.023 0.025
223 N 0.068 0.039 0.158 0.055 0.012 0.031 0.045 0.056 0.029 0.029 0.042 0.048 0.014 0.041 0.023 0.128 0.057 0.009 0.079 0.036
224 K 0.051 0.065 0.031 0.032 0.011 0.073 0.055 0.033 0.018 0.096 0.137 0.144 0.027 0.028 0.021 0.042 0.038 0.006 0.019 0.073
225 L 0.106 0.104 0.027 0.027 0.015 0.03 0.04 0.04 0.015 0.073 0.132 0.089 0.025 0.029 0.021 0.056 0.043 0.006 0.019 0.102
226 K 0.049 0.181 0.098 0.045 0.008 0.047 0.059 0.043 0.023 0.025 0.041 0.183 0.014 0.016 0.023 0.053 0.039 0.005 0.017 0.03
227 F 0.042 0.019 0.015 0.017 0.014 0.013 0.019 0.022 0.012 0.155 0.186 0.022 0.034 0.187 0.013 0.025 0.033 0.01 0.047 0.115
228 K 0.056 0.177 0.039 0.036 0.009 0.044 0.054 0.134 0.02 0.024 0.041 0.179 0.014 0.016 0.023 0.049 0.035 0.005 0.016 0.03
229 L 0.065 0.042 0.032 0.031 0.014 0.027 0.038 0.086 0.015 0.096 0.135 0.086 0.025 0.032 0.021 0.085 0.046 0.03 0.02 0.074
230 K 0.051 0.206 0.04 0.037 0.008 0.05 0.062 0.038 0.021 0.025 0.044 0.222 0.015 0.016 0.024 0.049 0.037 0.005 0.017 0.031
231 S 0.147 0.038 0.047 0.044 0.018 0.031 0.049 0.067 0.018 0.032 0.045 0.051 0.016 0.021 0.029 0.205 0.074 0.005 0.017 0.046
232 Y 0.076 0.025 0.019 0.019 0.013 0.018 0.025 0.031 0.026 0.069 0.143 0.028 0.026 0.147 0.016 0.035 0.032 0.017 0.158 0.076
233 L 0.039 0.022 0.016 0.016 0.012 0.015 0.021 0.023 0.02 0.079 0.213 0.023 0.033 0.207 0.013 0.026 0.029 0.015 0.11 0.068
234 L 0.055 0.024 0.021 0.021 0.017 0.018 0.024 0.026 0.01 0.17 0.183 0.029 0.041 0.04 0.017 0.04 0.084 0.006 0.02 0.155
235 L 0.047 0.021 0.015 0.016 0.015 0.014 0.02 0.022 0.011 0.147 0.236 0.023 0.038 0.117 0.014 0.026 0.036 0.008 0.034 0.14
236 L 0.114 0.028 0.024 0.025 0.018 0.021 0.031 0.042 0.012 0.092 0.201 0.034 0.032 0.037 0.02 0.08 0.049 0.006 0.02 0.116
237 I 0.1 0.021 0.017 0.02 0.016 0.016 0.023 0.033 0.011 0.167 0.125 0.027 0.029 0.108 0.017 0.038 0.04 0.008 0.033 0.15
238 V 0.12 0.029 0.03 0.03 0.018 0.023 0.034 0.046 0.013 0.114 0.091 0.038 0.024 0.029 0.023 0.093 0.096 0.005 0.018 0.127
239 L 0.059 0.021 0.015 0.017 0.015 0.015 0.021 0.025 0.011 0.141 0.232 0.024 0.037 0.116 0.014 0.028 0.036 0.008 0.034 0.129
240 V 0.054 0.019 0.016 0.017 0.111 0.013 0.019 0.025 0.01 0.155 0.123 0.022 0.028 0.107 0.014 0.03 0.038 0.007 0.032 0.159
241 V 0.064 0.022 0.021 0.021 0.113 0.017 0.024 0.029 0.009 0.141 0.11 0.028 0.027 0.031 0.018 0.044 0.087 0.005 0.018 0.173
242 F 0.035 0.02 0.016 0.016 0.011 0.011 0.019 0.024 0.015 0.072 0.167 0.02 0.03 0.33 0.011 0.025 0.026 0.015 0.074 0.062
243 S 0.135 0.033 0.04 0.038 0.018 0.027 0.042 0.058 0.016 0.083 0.069 0.045 0.02 0.025 0.026 0.163 0.066 0.005 0.018 0.073
244 Y 0.043 0.024 0.019 0.018 0.012 0.019 0.024 0.023 0.031 0.13 0.108 0.028 0.032 0.094 0.015 0.029 0.032 0.019 0.207 0.093
245 L 0.047 0.027 0.016 0.017 0.016 0.021 0.023 0.024 0.012 0.107 0.31 0.029 0.1 0.051 0.015 0.028 0.035 0.007 0.023 0.093
246 S 0.074 0.033 0.037 0.033 0.015 0.026 0.038 0.044 0.021 0.053 0.12 0.041 0.023 0.049 0.023 0.123 0.096 0.01 0.081 0.058
247 I 0.044 0.021 0.016 0.017 0.015 0.015 0.02 0.021 0.016 0.202 0.19 0.025 0.035 0.062 0.014 0.026 0.035 0.01 0.083 0.132
248 E 0.063 0.049 0.038 0.055 0.011 0.08 0.146 0.039 0.021 0.043 0.11 0.074 0.022 0.024 0.023 0.084 0.045 0.006 0.018 0.046
249 Y 0.04 0.029 0.023 0.02 0.009 0.022 0.029 0.025 0.067 0.041 0.065 0.032 0.018 0.122 0.016 0.031 0.027 0.026 0.313 0.044
250 L 0.057 0.024 0.022 0.022 0.016 0.018 0.025 0.029 0.011 0.165 0.229 0.03 0.037 0.043 0.017 0.066 0.045 0.006 0.02 0.115
251 F 0.039 0.026 0.022 0.031 0.01 0.023 0.079 0.027 0.024 0.05 0.088 0.032 0.021 0.268 0.014 0.032 0.028 0.017 0.122 0.048
252 G 0.052 0.037 0.03 0.04 0.011 0.068 0.095 0.128 0.019 0.048 0.122 0.048 0.023 0.1 0.018 0.042 0.033 0.008 0.031 0.047
253 S 0.068 0.035 0.104 0.12 0.013 0.029 0.052 0.052 0.019 0.043 0.106 0.046 0.02 0.025 0.023 0.123 0.055 0.005 0.017 0.045
254 G 0.071 0.035 0.033 0.032 0.014 0.062 0.044 0.134 0.016 0.104 0.081 0.045 0.022 0.026 0.02 0.079 0.047 0.005 0.018 0.111
255 N 0.052 0.043 0.289 0.076 0.01 0.033 0.049 0.064 0.029 0.023 0.032 0.053 0.012 0.018 0.021 0.093 0.053 0.005 0.016 0.029
256 Y 0.039 0.025 0.019 0.017 0.011 0.018 0.024 0.024 0.033 0.061 0.14 0.027 0.026 0.167 0.014 0.028 0.028 0.021 0.22 0.057
257 S 0.072 0.105 0.04 0.038 0.013 0.071 0.054 0.045 0.02 0.078 0.068 0.067 0.02 0.023 0.023 0.119 0.055 0.005 0.018 0.064
258 N 0.068 0.039 0.167 0.134 0.012 0.032 0.058 0.061 0.024 0.025 0.034 0.051 0.012 0.018 0.024 0.132 0.058 0.005 0.015 0.032
259 I 0.046 0.019 0.014 0.017 0.016 0.014 0.018 0.02 0.009 0.251 0.209 0.023 0.039 0.045 0.014 0.024 0.038 0.006 0.021 0.157
260 D 0.04 0.029 0.068 0.409 0.007 0.029 0.09 0.046 0.018 0.022 0.027 0.044 0.009 0.015 0.022 0.051 0.035 0.004 0.011 0.024
261 G 0.077 0.022 0.038 0.033 0.011 0.019 0.025 0.52 0.013 0.019 0.028 0.033 0.009 0.016 0.019 0.05 0.029 0.005 0.011 0.024
262 S 0.108 0.039 0.053 0.048 0.017 0.033 0.051 0.065 0.019 0.029 0.041 0.053 0.015 0.02 0.029 0.235 0.08 0.005 0.017 0.041
263 F 0.033 0.019 0.017 0.017 0.01 0.01 0.019 0.025 0.017 0.062 0.112 0.019 0.025 0.399 0.01 0.025 0.025 0.017 0.087 0.054
264 N 0.042 0.044 0.33 0.081 0.009 0.033 0.048 0.064 0.031 0.022 0.031 0.053 0.011 0.018 0.02 0.068 0.048 0.004 0.015 0.026
265 S 0.108 0.039 0.053 0.048 0.017 0.033 0.051 0.065 0.019 0.029 0.041 0.053 0.015 0.02 0.029 0.235 0.08 0.005 0.017 0.041
266 K 0.056 0.105 0.041 0.041 0.008 0.052 0.069 0.042 0.02 0.027 0.042 0.292 0.015 0.015 0.027 0.052 0.039 0.005 0.017 0.032
267 F 0.033 0.019 0.017 0.017 0.01 0.01 0.019 0.025 0.017 0.062 0.112 0.019 0.025 0.399 0.01 0.025 0.025 0.017 0.087 0.054
268 Y 0.038 0.025 0.02 0.018 0.009 0.019 0.025 0.025 0.038 0.048 0.078 0.028 0.02 0.196 0.014 0.029 0.027 0.025 0.27 0.048
269 I 0.046 0.017 0.014 0.017 0.016 0.013 0.017 0.02 0.009 0.285 0.165 0.023 0.036 0.043 0.014 0.025 0.039 0.006 0.02 0.173
270 I 0.048 0.018 0.015 0.017 0.015 0.013 0.019 0.022 0.01 0.216 0.147 0.023 0.033 0.113 0.014 0.026 0.038 0.008 0.034 0.171
271 S 0.084 0.053 0.106 0.053 0.014 0.037 0.054 0.06 0.022 0.027 0.039 0.101 0.014 0.019 0.027 0.165 0.066 0.005 0.017 0.036
272 E 0.053 0.063 0.036 0.048 0.01 0.118 0.12 0.036 0.022 0.077 0.067 0.114 0.021 0.021 0.023 0.048 0.039 0.006 0.019 0.061
273 A 0.304 0.03 0.025 0.029 0.021 0.025 0.04 0.077 0.015 0.042 0.058 0.044 0.017 0.021 0.029 0.083 0.049 0.005 0.017 0.067
274 F 0.042 0.025 0.02 0.031 0.012 0.023 0.077 0.025 0.015 0.109 0.162 0.032 0.029 0.182 0.015 0.03 0.032 0.01 0.046 0.081
275 H 0.057 0.041 0.053 0.124 0.009 0.04 0.111 0.044 0.16 0.024 0.036 0.052 0.013 0.022 0.023 0.085 0.041 0.006 0.031 0.028
276 F 0.037 0.021 0.016 0.016 0.013 0.013 0.019 0.023 0.014 0.083 0.222 0.021 0.034 0.261 0.012 0.024 0.028 0.013 0.061 0.07
277 Y 0.04 0.027 0.021 0.018 0.009 0.021 0.027 0.024 0.046 0.043 0.067 0.031 0.018 0.128 0.015 0.031 0.027 0.027 0.331 0.046
278 E 0.078 0.041 0.047 0.078 0.013 0.042 0.141 0.049 0.02 0.031 0.043 0.058 0.015 0.019 0.027 0.134 0.099 0.005 0.017 0.042
279 T 0.083 0.039 0.046 0.052 0.015 0.036 0.098 0.05 0.018 0.037 0.049 0.054 0.016 0.021 0.028 0.141 0.144 0.005 0.017 0.05
280 L 0.048 0.043 0.026 0.027 0.013 0.102 0.052 0.029 0.017 0.078 0.251 0.051 0.037 0.038 0.018 0.036 0.036 0.006 0.021 0.07
281 P 0.063 0.029 0.038 0.11 0.011 0.025 0.049 0.043 0.015 0.025 0.035 0.044 0.011 0.015 0.312 0.083 0.044 0.003 0.013 0.031
282 L 0.052 0.022 0.018 0.019 0.016 0.015 0.022 0.025 0.011 0.157 0.18 0.026 0.033 0.113 0.015 0.04 0.05 0.008 0.034 0.144
283 L 0.048 0.033 0.032 0.11 0.012 0.033 0.095 0.031 0.017 0.071 0.167 0.043 0.085 0.036 0.019 0.04 0.036 0.006 0.019 0.066
284 L 0.055 0.031 0.085 0.034 0.015 0.024 0.031 0.036 0.016 0.089 0.161 0.037 0.057 0.035 0.019 0.05 0.086 0.006 0.02 0.113
285 H 0.047 0.069 0.048 0.039 0.008 0.043 0.059 0.039 0.229 0.024 0.039 0.144 0.015 0.024 0.022 0.046 0.031 0.007 0.04 0.026
286 L 0.04 0.024 0.016 0.016 0.013 0.017 0.022 0.025 0.013 0.083 0.226 0.025 0.063 0.123 0.012 0.026 0.03 0.108 0.044 0.073
287 F 0.033 0.019 0.017 0.017 0.01 0.01 0.019 0.025 0.017 0.062 0.112 0.019 0.025 0.399 0.01 0.025 0.025 0.017 0.087 0.054
288 G 0.077 0.022 0.038 0.033 0.011 0.019 0.025 0.52 0.013 0.019 0.028 0.033 0.009 0.016 0.019 0.05 0.029 0.005 0.011 0.024
289 I 0.051 0.018 0.015 0.017 0.016 0.014 0.018 0.021 0.009 0.261 0.157 0.024 0.035 0.042 0.015 0.026 0.041 0.006 0.02 0.195
290 G 0.077 0.022 0.038 0.033 0.011 0.019 0.025 0.52 0.013 0.019 0.028 0.033 0.009 0.016 0.019 0.05 0.029 0.005 0.011 0.024
291 L 0.048 0.028 0.017 0.018 0.016 0.023 0.024 0.025 0.013 0.104 0.271 0.031 0.126 0.05 0.015 0.031 0.037 0.007 0.023 0.092
292 G 0.077 0.022 0.038 0.033 0.011 0.019 0.025 0.52 0.013 0.019 0.028 0.033 0.009 0.016 0.019 0.05 0.029 0.005 0.011 0.024
293 N 0.042 0.044 0.33 0.081 0.009 0.033 0.048 0.064 0.031 0.022 0.031 0.053 0.011 0.018 0.02 0.068 0.048 0.004 0.015 0.026
294 T 0.125 0.035 0.041 0.037 0.018 0.028 0.041 0.054 0.015 0.046 0.058 0.046 0.018 0.022 0.028 0.118 0.183 0.006 0.017 0.063
295 E 0.062 0.054 0.048 0.135 0.009 0.048 0.166 0.044 0.022 0.024 0.037 0.107 0.013 0.017 0.026 0.089 0.045 0.005 0.016 0.032
296 E 0.063 0.051 0.039 0.049 0.012 0.114 0.117 0.04 0.022 0.043 0.111 0.066 0.023 0.024 0.023 0.085 0.046 0.006 0.019 0.047
297 F 0.037 0.021 0.016 0.016 0.013 0.013 0.019 0.023 0.014 0.083 0.222 0.021 0.034 0.261 0.012 0.024 0.028 0.013 0.061 0.07
298 L 0.045 0.021 0.014 0.016 0.016 0.015 0.019 0.021 0.009 0.182 0.298 0.024 0.044 0.05 0.014 0.024 0.035 0.006 0.021 0.126
299 G 0.062 0.028 0.103 0.118 0.01 0.024 0.043 0.334 0.018 0.02 0.028 0.039 0.01 0.016 0.019 0.054 0.034 0.005 0.012 0.024
300 I 0.046 0.017 0.014 0.017 0.016 0.013 0.017 0.02 0.009 0.285 0.165 0.023 0.036 0.043 0.014 0.025 0.039 0.006 0.02 0.173
301 F 0.033 0.019 0.017 0.017 0.01 0.01 0.019 0.025 0.017 0.062 0.112 0.019 0.025 0.399 0.01 0.025 0.025 0.017 0.087 0.054
302 A 0.304 0.03 0.025 0.029 0.021 0.025 0.04 0.077 0.015 0.042 0.058 0.044 0.017 0.021 0.029 0.083 0.049 0.005 0.017 0.067
303 H 0.041 0.045 0.052 0.037 0.007 0.037 0.052 0.037 0.368 0.022 0.037 0.045 0.015 0.03 0.019 0.041 0.026 0.007 0.056 0.022
304 N 0.042 0.044 0.33 0.081 0.009 0.033 0.048 0.064 0.031 0.022 0.031 0.053 0.011 0.018 0.02 0.068 0.048 0.004 0.015 0.026
305 I 0.046 0.017 0.014 0.017 0.016 0.013 0.017 0.02 0.009 0.285 0.165 0.023 0.036 0.043 0.014 0.025 0.039 0.006 0.02 0.173
306 F 0.036 0.022 0.018 0.017 0.01 0.015 0.022 0.025 0.028 0.054 0.094 0.023 0.022 0.291 0.012 0.027 0.026 0.021 0.185 0.051
307 V 0.069 0.021 0.016 0.017 0.019 0.016 0.023 0.024 0.008 0.161 0.128 0.026 0.031 0.035 0.016 0.032 0.048 0.005 0.02 0.283
308 T 0.072 0.035 0.043 0.037 0.017 0.027 0.039 0.043 0.014 0.052 0.064 0.045 0.019 0.023 0.027 0.091 0.261 0.006 0.017 0.07
309 L 0.097 0.027 0.019 0.02 0.016 0.021 0.027 0.036 0.015 0.083 0.189 0.032 0.089 0.114 0.017 0.041 0.037 0.009 0.035 0.079
310 F 0.045 0.02 0.016 0.017 0.014 0.013 0.019 0.023 0.012 0.137 0.181 0.022 0.033 0.186 0.013 0.026 0.034 0.01 0.047 0.132
311 L 0.044 0.023 0.014 0.015 0.016 0.015 0.019 0.021 0.01 0.148 0.343 0.024 0.046 0.052 0.014 0.024 0.034 0.007 0.022 0.11
312 E 0.054 0.049 0.04 0.088 0.007 0.063 0.31 0.034 0.025 0.022 0.036 0.074 0.013 0.016 0.025 0.054 0.036 0.005 0.016 0.031
313 F 0.04 0.024 0.018 0.018 0.013 0.017 0.022 0.026 0.016 0.077 0.144 0.025 0.086 0.258 0.013 0.029 0.031 0.013 0.062 0.069
314 G 0.077 0.022 0.038 0.033 0.011 0.019 0.025 0.52 0.013 0.019 0.028 0.033 0.009 0.016 0.019 0.05 0.029 0.005 0.011 0.024
315 I 0.041 0.019 0.015 0.017 0.013 0.014 0.019 0.023 0.012 0.18 0.133 0.023 0.037 0.118 0.012 0.025 0.033 0.107 0.043 0.117
316 I 0.051 0.018 0.015 0.017 0.016 0.014 0.018 0.021 0.009 0.261 0.157 0.024 0.035 0.042 0.015 0.026 0.041 0.006 0.02 0.195
317 G 0.077 0.022 0.038 0.033 0.011 0.019 0.025 0.52 0.013 0.019 0.028 0.033 0.009 0.016 0.019 0.05 0.029 0.005 0.011 0.024
318 S 0.095 0.038 0.049 0.044 0.017 0.031 0.047 0.057 0.017 0.037 0.049 0.05 0.017 0.021 0.028 0.185 0.144 0.005 0.017 0.051
319 V 0.055 0.021 0.016 0.017 0.016 0.015 0.021 0.023 0.01 0.138 0.178 0.024 0.034 0.112 0.014 0.029 0.04 0.008 0.034 0.194
320 L 0.049 0.023 0.014 0.015 0.016 0.016 0.02 0.022 0.01 0.123 0.336 0.025 0.045 0.05 0.014 0.026 0.036 0.007 0.022 0.132
