#Seq2Logo.py -f /work3/idamei/ssn-clusterings/2206011120/clusters/0015_155/sequences.afa -m 0.0001 -b 50 -o /work3/idamei/ssn-clusterings/2206011120/clusters/0015_155/sequences.logo
#Position Specific Frequency Matrix
A R N D C Q E G H I L K M F P S T W Y V
0 M 0.048 0.03 0.019 0.019 0.015 0.026 0.026 0.026 0.015 0.093 0.183 0.034 0.221 0.045 0.015 0.034 0.037 0.007 0.022 0.086
1 K 0.049 0.049 0.114 0.048 0.011 0.034 0.08 0.039 0.019 0.101 0.068 0.114 0.019 0.023 0.021 0.052 0.072 0.005 0.016 0.067
2 R 0.062 0.12 0.112 0.038 0.011 0.028 0.036 0.038 0.042 0.119 0.076 0.055 0.02 0.025 0.018 0.047 0.054 0.005 0.019 0.074
3 L 0.043 0.048 0.131 0.041 0.01 0.03 0.04 0.038 0.024 0.047 0.136 0.109 0.022 0.044 0.018 0.044 0.036 0.009 0.082 0.046
4 R 0.049 0.155 0.04 0.038 0.008 0.144 0.073 0.037 0.047 0.024 0.042 0.15 0.016 0.015 0.022 0.048 0.036 0.005 0.02 0.03
5 L 0.118 0.051 0.044 0.027 0.014 0.036 0.033 0.041 0.016 0.057 0.155 0.039 0.025 0.13 0.018 0.058 0.037 0.008 0.034 0.059
6 N 0.136 0.037 0.161 0.052 0.014 0.029 0.044 0.063 0.021 0.03 0.041 0.047 0.014 0.019 0.024 0.136 0.071 0.005 0.016 0.042
7 A 0.151 0.043 0.035 0.051 0.013 0.04 0.139 0.052 0.021 0.031 0.046 0.075 0.015 0.027 0.026 0.094 0.046 0.007 0.044 0.045
8 V 0.061 0.055 0.023 0.025 0.014 0.023 0.034 0.031 0.012 0.089 0.079 0.073 0.021 0.024 0.146 0.051 0.043 0.004 0.017 0.176
9 L 0.04 0.022 0.014 0.015 0.014 0.014 0.019 0.021 0.013 0.112 0.315 0.023 0.039 0.119 0.013 0.023 0.03 0.01 0.06 0.086
10 A 0.208 0.034 0.038 0.037 0.019 0.028 0.043 0.067 0.016 0.037 0.05 0.047 0.016 0.021 0.028 0.156 0.08 0.005 0.017 0.055
11 D 0.041 0.038 0.125 0.144 0.009 0.029 0.052 0.041 0.115 0.064 0.071 0.058 0.016 0.024 0.018 0.045 0.035 0.005 0.024 0.045
12 L 0.043 0.019 0.013 0.015 0.015 0.014 0.018 0.019 0.009 0.215 0.288 0.023 0.04 0.046 0.013 0.023 0.034 0.006 0.02 0.127
13 I 0.046 0.018 0.015 0.016 0.014 0.012 0.018 0.021 0.01 0.215 0.135 0.021 0.03 0.137 0.013 0.025 0.036 0.008 0.035 0.175
14 G 0.08 0.104 0.043 0.038 0.012 0.031 0.043 0.175 0.017 0.024 0.037 0.074 0.013 0.017 0.023 0.161 0.053 0.005 0.015 0.032
15 Y 0.039 0.025 0.018 0.017 0.01 0.019 0.024 0.022 0.035 0.057 0.153 0.028 0.025 0.104 0.014 0.027 0.027 0.021 0.28 0.055
16 Y 0.05 0.035 0.029 0.027 0.009 0.082 0.043 0.157 0.032 0.031 0.049 0.043 0.016 0.068 0.017 0.039 0.029 0.016 0.191 0.036
17 L 0.045 0.026 0.015 0.016 0.015 0.019 0.022 0.022 0.012 0.105 0.333 0.027 0.099 0.05 0.014 0.027 0.034 0.007 0.022 0.09
18 Y 0.041 0.028 0.022 0.019 0.009 0.022 0.028 0.025 0.048 0.044 0.07 0.032 0.019 0.133 0.016 0.032 0.028 0.028 0.306 0.048
19 F 0.032 0.018 0.016 0.016 0.01 0.01 0.018 0.024 0.016 0.06 0.109 0.018 0.024 0.417 0.01 0.024 0.024 0.016 0.084 0.052
20 L 0.05 0.018 0.014 0.016 0.18 0.013 0.017 0.024 0.008 0.17 0.189 0.022 0.032 0.037 0.014 0.029 0.035 0.005 0.017 0.111
21 L 0.047 0.02 0.014 0.016 0.015 0.014 0.019 0.021 0.009 0.183 0.243 0.023 0.037 0.067 0.014 0.025 0.036 0.006 0.024 0.168
22 F 0.034 0.019 0.015 0.015 0.011 0.011 0.018 0.022 0.014 0.074 0.204 0.019 0.031 0.312 0.011 0.023 0.026 0.013 0.063 0.063
23 C 0.055 0.016 0.015 0.016 0.268 0.012 0.016 0.025 0.008 0.161 0.104 0.021 0.024 0.029 0.015 0.031 0.037 0.005 0.015 0.128
24 V 0.062 0.024 0.024 0.024 0.015 0.018 0.027 0.032 0.012 0.143 0.11 0.029 0.038 0.107 0.017 0.089 0.046 0.007 0.03 0.146
25 V 0.068 0.02 0.021 0.021 0.142 0.016 0.022 0.125 0.009 0.092 0.083 0.026 0.021 0.025 0.016 0.051 0.041 0.005 0.015 0.18
26 C 0.064 0.02 0.021 0.021 0.3 0.015 0.022 0.033 0.01 0.109 0.08 0.025 0.02 0.024 0.017 0.079 0.043 0.004 0.014 0.078
27 I 0.048 0.018 0.014 0.016 0.047 0.013 0.018 0.021 0.009 0.216 0.151 0.022 0.031 0.087 0.014 0.026 0.037 0.007 0.027 0.178
28 I 0.049 0.02 0.015 0.017 0.016 0.016 0.019 0.021 0.009 0.233 0.167 0.025 0.071 0.041 0.014 0.027 0.038 0.006 0.02 0.176
29 Y 0.038 0.026 0.02 0.017 0.009 0.02 0.026 0.023 0.043 0.04 0.063 0.029 0.017 0.121 0.014 0.029 0.026 0.026 0.368 0.043
30 Y 0.035 0.023 0.019 0.017 0.009 0.017 0.023 0.023 0.034 0.047 0.078 0.025 0.019 0.23 0.013 0.027 0.025 0.022 0.268 0.046
31 L 0.111 0.026 0.023 0.023 0.015 0.019 0.028 0.04 0.013 0.064 0.19 0.031 0.028 0.115 0.018 0.085 0.041 0.034 0.033 0.063
32 L 0.051 0.029 0.027 0.025 0.013 0.034 0.032 0.03 0.019 0.061 0.152 0.035 0.025 0.089 0.019 0.051 0.138 0.011 0.095 0.064
33 F 0.031 0.018 0.016 0.016 0.01 0.01 0.018 0.024 0.016 0.059 0.106 0.018 0.024 0.432 0.01 0.024 0.024 0.016 0.082 0.051
34 V 0.082 0.023 0.022 0.023 0.017 0.018 0.027 0.032 0.01 0.156 0.108 0.03 0.027 0.031 0.018 0.081 0.05 0.005 0.018 0.221
35 A 0.163 0.031 0.093 0.035 0.013 0.024 0.036 0.052 0.027 0.036 0.052 0.039 0.015 0.055 0.021 0.068 0.041 0.012 0.139 0.048
36 G 0.063 0.03 0.122 0.104 0.012 0.025 0.043 0.148 0.017 0.048 0.048 0.04 0.014 0.02 0.02 0.095 0.046 0.005 0.014 0.086
37 G 0.063 0.036 0.049 0.032 0.012 0.027 0.036 0.14 0.022 0.042 0.071 0.066 0.056 0.043 0.02 0.09 0.054 0.01 0.087 0.046
38 G 0.057 0.02 0.024 0.025 0.012 0.016 0.023 0.233 0.011 0.142 0.079 0.029 0.019 0.025 0.119 0.036 0.032 0.005 0.014 0.08
39 F 0.034 0.022 0.035 0.186 0.009 0.017 0.044 0.031 0.016 0.044 0.074 0.027 0.018 0.265 0.014 0.033 0.027 0.011 0.053 0.04
40 T 0.068 0.03 0.042 0.115 0.015 0.025 0.046 0.042 0.014 0.06 0.061 0.04 0.018 0.022 0.023 0.106 0.152 0.005 0.016 0.103
41 Y 0.038 0.032 0.031 0.024 0.008 0.026 0.035 0.028 0.177 0.033 0.053 0.034 0.016 0.087 0.016 0.033 0.025 0.019 0.251 0.035
42 E 0.051 0.046 0.038 0.084 0.007 0.06 0.349 0.032 0.024 0.02 0.034 0.07 0.012 0.015 0.024 0.051 0.034 0.005 0.015 0.029
43 P 0.054 0.024 0.022 0.029 0.01 0.019 0.034 0.034 0.012 0.024 0.034 0.039 0.01 0.012 0.517 0.047 0.035 0.002 0.012 0.029
44 I 0.053 0.018 0.014 0.016 0.016 0.014 0.019 0.021 0.008 0.247 0.14 0.023 0.032 0.037 0.014 0.026 0.041 0.005 0.019 0.235
45 R 0.056 0.117 0.038 0.063 0.009 0.04 0.108 0.038 0.025 0.027 0.043 0.104 0.014 0.037 0.022 0.09 0.041 0.009 0.086 0.034
46 G 0.072 0.021 0.036 0.031 0.01 0.018 0.024 0.546 0.012 0.018 0.026 0.031 0.009 0.015 0.018 0.048 0.028 0.005 0.01 0.022
47 W 0.032 0.022 0.017 0.016 0.008 0.016 0.022 0.025 0.026 0.039 0.066 0.023 0.017 0.157 0.011 0.025 0.023 0.226 0.189 0.039
48 L 0.038 0.019 0.014 0.015 0.013 0.012 0.018 0.021 0.012 0.131 0.242 0.021 0.035 0.201 0.012 0.023 0.029 0.01 0.045 0.089
49 Y 0.038 0.031 0.124 0.035 0.009 0.023 0.032 0.034 0.039 0.035 0.053 0.035 0.015 0.09 0.016 0.04 0.032 0.019 0.262 0.038
50 P 0.053 0.024 0.022 0.029 0.01 0.019 0.034 0.034 0.012 0.024 0.034 0.038 0.01 0.012 0.531 0.041 0.034 0.002 0.012 0.029
51 A 0.177 0.026 0.024 0.025 0.018 0.021 0.031 0.046 0.011 0.087 0.082 0.035 0.022 0.026 0.022 0.061 0.097 0.005 0.017 0.168
52 N 0.04 0.042 0.368 0.077 0.008 0.031 0.046 0.06 0.029 0.021 0.029 0.05 0.01 0.017 0.019 0.065 0.046 0.004 0.015 0.025
53 I 0.048 0.02 0.019 0.02 0.015 0.015 0.02 0.023 0.009 0.27 0.136 0.026 0.031 0.037 0.016 0.036 0.09 0.005 0.019 0.144
54 H 0.041 0.032 0.035 0.028 0.01 0.026 0.036 0.029 0.245 0.143 0.083 0.034 0.022 0.033 0.016 0.033 0.03 0.006 0.039 0.078
55 D 0.038 0.028 0.064 0.442 0.007 0.028 0.085 0.043 0.017 0.021 0.026 0.041 0.009 0.014 0.021 0.048 0.033 0.003 0.01 0.022
56 H 0.039 0.042 0.113 0.044 0.007 0.035 0.049 0.04 0.328 0.021 0.034 0.044 0.013 0.026 0.018 0.044 0.029 0.006 0.045 0.022
57 Y 0.038 0.026 0.02 0.017 0.009 0.02 0.026 0.023 0.043 0.04 0.063 0.029 0.017 0.121 0.014 0.029 0.026 0.026 0.368 0.043
58 I 0.052 0.018 0.014 0.016 0.016 0.014 0.018 0.021 0.008 0.256 0.142 0.023 0.032 0.038 0.014 0.026 0.04 0.005 0.019 0.227
59 Y 0.038 0.026 0.02 0.017 0.009 0.02 0.026 0.023 0.043 0.04 0.063 0.029 0.017 0.121 0.014 0.029 0.026 0.026 0.368 0.043
60 L 0.045 0.023 0.015 0.015 0.014 0.016 0.021 0.021 0.016 0.103 0.29 0.025 0.037 0.061 0.014 0.025 0.033 0.01 0.09 0.127
61 D 0.054 0.109 0.111 0.135 0.009 0.039 0.115 0.046 0.022 0.022 0.034 0.065 0.012 0.016 0.022 0.097 0.044 0.005 0.015 0.029
62 N 0.041 0.036 0.163 0.054 0.008 0.032 0.098 0.04 0.034 0.029 0.044 0.046 0.013 0.058 0.018 0.048 0.035 0.013 0.156 0.033
63 Y 0.101 0.023 0.018 0.019 0.013 0.018 0.024 0.031 0.023 0.154 0.099 0.029 0.024 0.069 0.017 0.037 0.034 0.014 0.158 0.095
64 E 0.046 0.04 0.1 0.086 0.009 0.043 0.209 0.036 0.022 0.038 0.11 0.055 0.018 0.023 0.021 0.048 0.036 0.005 0.016 0.04
65 D 0.053 0.048 0.14 0.174 0.009 0.035 0.077 0.05 0.021 0.023 0.032 0.105 0.011 0.016 0.022 0.093 0.045 0.004 0.014 0.028
66 I 0.041 0.018 0.014 0.016 0.014 0.012 0.017 0.02 0.01 0.234 0.191 0.021 0.034 0.121 0.013 0.023 0.033 0.008 0.032 0.128
67 K 0.059 0.064 0.046 0.127 0.009 0.043 0.108 0.044 0.019 0.024 0.036 0.178 0.013 0.015 0.025 0.095 0.043 0.005 0.015 0.03
68 N 0.052 0.112 0.172 0.072 0.01 0.033 0.048 0.049 0.022 0.028 0.04 0.074 0.013 0.018 0.021 0.084 0.096 0.005 0.015 0.035
69 G 0.073 0.027 0.036 0.032 0.014 0.022 0.031 0.244 0.013 0.043 0.114 0.036 0.019 0.024 0.02 0.106 0.082 0.005 0.015 0.046
70 G 0.062 0.032 0.101 0.051 0.011 0.03 0.097 0.144 0.018 0.082 0.057 0.045 0.016 0.021 0.02 0.093 0.044 0.005 0.015 0.056
71 D 0.041 0.03 0.069 0.395 0.008 0.03 0.092 0.047 0.019 0.022 0.028 0.045 0.009 0.015 0.022 0.052 0.036 0.004 0.011 0.024
72 W 0.03 0.023 0.015 0.015 0.008 0.015 0.023 0.03 0.015 0.03 0.053 0.023 0.015 0.061 0.008 0.023 0.023 0.49 0.068 0.03
73 I 0.051 0.025 0.02 0.033 0.014 0.025 0.1 0.024 0.012 0.2 0.116 0.035 0.027 0.032 0.017 0.032 0.039 0.005 0.018 0.174
74 N 0.048 0.037 0.242 0.143 0.01 0.03 0.053 0.055 0.024 0.024 0.033 0.047 0.011 0.017 0.021 0.085 0.072 0.004 0.014 0.03
75 L 0.039 0.02 0.014 0.015 0.014 0.013 0.018 0.021 0.011 0.138 0.289 0.022 0.038 0.144 0.012 0.023 0.03 0.009 0.036 0.094
76 D 0.079 0.027 0.038 0.128 0.013 0.022 0.045 0.042 0.015 0.058 0.07 0.035 0.018 0.121 0.02 0.095 0.046 0.007 0.033 0.088
77 G 0.072 0.021 0.036 0.031 0.01 0.018 0.024 0.546 0.012 0.018 0.026 0.031 0.009 0.015 0.018 0.048 0.028 0.005 0.01 0.022
78 L 0.044 0.02 0.014 0.015 0.015 0.013 0.019 0.021 0.01 0.15 0.245 0.022 0.036 0.122 0.013 0.024 0.034 0.008 0.032 0.143
79 N 0.042 0.044 0.333 0.081 0.009 0.033 0.048 0.064 0.031 0.022 0.031 0.053 0.011 0.018 0.02 0.068 0.048 0.004 0.015 0.026
80 N 0.04 0.042 0.368 0.077 0.008 0.031 0.046 0.06 0.029 0.021 0.029 0.05 0.01 0.017 0.019 0.065 0.046 0.004 0.015 0.025
81 N 0.04 0.042 0.368 0.077 0.008 0.031 0.046 0.06 0.029 0.021 0.029 0.05 0.01 0.017 0.019 0.065 0.046 0.004 0.015 0.025
82 F 0.038 0.018 0.014 0.016 0.013 0.012 0.017 0.021 0.011 0.175 0.189 0.02 0.032 0.199 0.012 0.023 0.03 0.01 0.045 0.104
83 G 0.072 0.021 0.036 0.031 0.01 0.018 0.024 0.546 0.012 0.018 0.026 0.031 0.009 0.015 0.018 0.048 0.028 0.005 0.01 0.022
84 I 0.044 0.016 0.014 0.016 0.015 0.012 0.016 0.019 0.008 0.325 0.155 0.022 0.034 0.041 0.014 0.023 0.037 0.005 0.019 0.164
85 A 0.246 0.032 0.034 0.035 0.018 0.027 0.042 0.068 0.015 0.035 0.049 0.045 0.016 0.02 0.027 0.158 0.058 0.005 0.016 0.054
86 L 0.04 0.019 0.014 0.015 0.014 0.013 0.018 0.02 0.01 0.184 0.252 0.022 0.037 0.123 0.013 0.023 0.032 0.008 0.032 0.111
87 L 0.048 0.019 0.014 0.016 0.016 0.014 0.018 0.02 0.008 0.216 0.227 0.023 0.036 0.042 0.014 0.025 0.037 0.006 0.02 0.181
88 Y 0.038 0.026 0.02 0.017 0.009 0.02 0.026 0.023 0.043 0.04 0.063 0.029 0.017 0.121 0.014 0.029 0.026 0.026 0.368 0.043
89 Y 0.05 0.028 0.026 0.023 0.01 0.022 0.03 0.031 0.038 0.038 0.058 0.033 0.017 0.101 0.017 0.079 0.036 0.022 0.298 0.042
90 L 0.055 0.024 0.023 0.022 0.064 0.018 0.025 0.03 0.018 0.105 0.151 0.029 0.026 0.091 0.016 0.077 0.04 0.01 0.094 0.082
91 L 0.04 0.021 0.016 0.016 0.012 0.016 0.021 0.021 0.023 0.154 0.169 0.025 0.029 0.095 0.014 0.025 0.031 0.014 0.162 0.095
92 F 0.041 0.029 0.049 0.029 0.009 0.022 0.033 0.033 0.152 0.041 0.071 0.031 0.019 0.229 0.015 0.056 0.03 0.011 0.062 0.038
93 G 0.063 0.041 0.087 0.053 0.01 0.081 0.11 0.185 0.021 0.023 0.035 0.055 0.013 0.016 0.021 0.083 0.054 0.005 0.015 0.03
94 F 0.038 0.018 0.015 0.016 0.012 0.012 0.018 0.022 0.012 0.15 0.175 0.02 0.031 0.238 0.012 0.023 0.029 0.011 0.051 0.099
95 L 0.04 0.02 0.014 0.015 0.014 0.013 0.018 0.02 0.01 0.141 0.305 0.022 0.039 0.125 0.013 0.023 0.031 0.008 0.033 0.096
96 E 0.053 0.036 0.065 0.056 0.009 0.039 0.174 0.085 0.025 0.038 0.048 0.05 0.014 0.039 0.02 0.057 0.036 0.009 0.086 0.061
97 L 0.059 0.024 0.017 0.017 0.115 0.028 0.024 0.026 0.017 0.082 0.211 0.027 0.029 0.074 0.015 0.031 0.032 0.01 0.091 0.07
98 L 0.042 0.021 0.015 0.016 0.014 0.016 0.019 0.021 0.011 0.162 0.247 0.024 0.074 0.104 0.013 0.025 0.033 0.008 0.03 0.105
99 G 0.069 0.023 0.054 0.054 0.01 0.019 0.028 0.497 0.014 0.018 0.026 0.033 0.009 0.015 0.018 0.048 0.029 0.005 0.01 0.023
100 L 0.038 0.018 0.014 0.016 0.013 0.012 0.017 0.021 0.011 0.164 0.202 0.021 0.033 0.2 0.012 0.023 0.03 0.01 0.045 0.1
101 D 0.044 0.03 0.084 0.286 0.009 0.029 0.095 0.041 0.018 0.065 0.046 0.043 0.013 0.018 0.02 0.06 0.037 0.004 0.013 0.044
102 I 0.047 0.019 0.014 0.016 0.016 0.014 0.018 0.02 0.008 0.236 0.215 0.023 0.036 0.042 0.014 0.024 0.037 0.006 0.019 0.177
103 K 0.116 0.056 0.049 0.035 0.013 0.033 0.047 0.047 0.016 0.088 0.065 0.155 0.018 0.022 0.024 0.085 0.045 0.005 0.017 0.065
104 Y 0.044 0.025 0.021 0.022 0.009 0.02 0.029 0.027 0.031 0.034 0.051 0.033 0.014 0.077 0.221 0.034 0.029 0.017 0.226 0.037
105 E 0.048 0.042 0.043 0.155 0.007 0.053 0.296 0.035 0.023 0.021 0.032 0.064 0.011 0.015 0.023 0.051 0.034 0.005 0.014 0.028
106 V 0.079 0.056 0.025 0.025 0.016 0.024 0.034 0.033 0.012 0.104 0.09 0.077 0.024 0.027 0.019 0.064 0.06 0.005 0.018 0.21
107 L 0.101 0.023 0.015 0.017 0.016 0.016 0.022 0.03 0.011 0.091 0.33 0.027 0.039 0.066 0.016 0.034 0.034 0.007 0.023 0.082
108 S 0.167 0.034 0.04 0.038 0.017 0.028 0.043 0.06 0.016 0.036 0.048 0.046 0.016 0.02 0.027 0.18 0.112 0.005 0.016 0.052
109 L 0.041 0.022 0.013 0.014 0.015 0.015 0.019 0.02 0.009 0.107 0.422 0.023 0.046 0.051 0.013 0.022 0.031 0.007 0.021 0.089
110 I 0.046 0.018 0.014 0.016 0.014 0.013 0.019 0.022 0.009 0.222 0.125 0.022 0.029 0.042 0.013 0.025 0.036 0.11 0.028 0.176
111 L 0.05 0.02 0.014 0.015 0.016 0.014 0.019 0.021 0.008 0.177 0.25 0.023 0.037 0.042 0.014 0.025 0.038 0.006 0.02 0.19
112 N 0.04 0.042 0.368 0.077 0.008 0.031 0.046 0.06 0.029 0.021 0.029 0.05 0.01 0.017 0.019 0.065 0.046 0.004 0.015 0.025
113 L 0.045 0.021 0.014 0.014 0.116 0.014 0.018 0.022 0.009 0.094 0.349 0.022 0.04 0.044 0.014 0.026 0.032 0.006 0.019 0.082
114 F 0.096 0.02 0.017 0.018 0.038 0.013 0.021 0.033 0.014 0.067 0.096 0.023 0.022 0.31 0.014 0.035 0.029 0.012 0.062 0.059
115 V 0.053 0.019 0.014 0.016 0.016 0.014 0.019 0.021 0.008 0.204 0.193 0.023 0.034 0.039 0.014 0.026 0.04 0.006 0.019 0.22
116 L 0.038 0.02 0.015 0.015 0.013 0.013 0.018 0.021 0.012 0.131 0.23 0.021 0.043 0.201 0.012 0.024 0.029 0.01 0.045 0.089
117 L 0.037 0.02 0.015 0.015 0.012 0.013 0.019 0.022 0.013 0.082 0.252 0.021 0.044 0.241 0.012 0.024 0.028 0.011 0.052 0.07
118 L 0.161 0.025 0.018 0.02 0.016 0.019 0.027 0.041 0.016 0.07 0.221 0.031 0.03 0.049 0.019 0.046 0.036 0.009 0.071 0.072
119 C 0.08 0.019 0.019 0.019 0.32 0.015 0.021 0.034 0.009 0.068 0.073 0.024 0.019 0.022 0.017 0.062 0.042 0.004 0.014 0.119
120 F 0.036 0.02 0.015 0.015 0.012 0.012 0.018 0.022 0.013 0.077 0.22 0.02 0.041 0.279 0.011 0.024 0.027 0.012 0.058 0.066
121 I 0.056 0.067 0.026 0.026 0.014 0.023 0.031 0.031 0.013 0.205 0.109 0.067 0.026 0.031 0.018 0.079 0.044 0.005 0.018 0.112
122 S 0.099 0.032 0.039 0.036 0.017 0.026 0.04 0.05 0.015 0.079 0.066 0.042 0.019 0.024 0.024 0.186 0.089 0.005 0.017 0.098
123 Y 0.035 0.023 0.018 0.017 0.009 0.016 0.023 0.023 0.032 0.048 0.08 0.024 0.02 0.246 0.013 0.027 0.025 0.022 0.254 0.046
124 K 0.073 0.07 0.034 0.034 0.011 0.038 0.052 0.041 0.016 0.086 0.064 0.213 0.018 0.021 0.024 0.08 0.043 0.005 0.017 0.06
125 R 0.052 0.192 0.104 0.042 0.009 0.04 0.05 0.043 0.023 0.024 0.04 0.13 0.014 0.022 0.021 0.082 0.042 0.006 0.033 0.031
126 I 0.044 0.016 0.014 0.016 0.015 0.012 0.016 0.019 0.008 0.325 0.155 0.022 0.034 0.041 0.014 0.023 0.037 0.005 0.019 0.164
127 V 0.065 0.019 0.015 0.017 0.017 0.014 0.02 0.023 0.008 0.21 0.131 0.024 0.031 0.035 0.015 0.029 0.043 0.005 0.019 0.26
128 K 0.046 0.13 0.03 0.029 0.009 0.037 0.046 0.031 0.021 0.087 0.067 0.18 0.019 0.036 0.02 0.04 0.034 0.008 0.069 0.059
129 K 0.047 0.065 0.047 0.031 0.011 0.035 0.046 0.033 0.016 0.058 0.192 0.192 0.027 0.029 0.02 0.04 0.035 0.005 0.018 0.054
130 L 0.039 0.021 0.014 0.014 0.014 0.014 0.018 0.021 0.011 0.095 0.343 0.022 0.04 0.146 0.012 0.023 0.029 0.009 0.036 0.08
131 G 0.065 0.028 0.11 0.042 0.01 0.021 0.03 0.424 0.016 0.018 0.027 0.044 0.009 0.015 0.018 0.051 0.032 0.005 0.011 0.023
132 L 0.041 0.022 0.013 0.014 0.015 0.015 0.019 0.02 0.009 0.107 0.422 0.023 0.046 0.051 0.013 0.022 0.031 0.007 0.021 0.089
133 D 0.044 0.027 0.062 0.258 0.008 0.024 0.062 0.04 0.016 0.022 0.029 0.041 0.009 0.013 0.225 0.046 0.034 0.003 0.011 0.025
134 V 0.062 0.023 0.024 0.023 0.014 0.018 0.026 0.132 0.017 0.092 0.095 0.03 0.021 0.046 0.042 0.058 0.039 0.009 0.087 0.143
135 Y 0.064 0.031 0.033 0.029 0.013 0.024 0.035 0.038 0.026 0.045 0.059 0.038 0.017 0.062 0.021 0.108 0.122 0.013 0.157 0.063
136 Y 0.047 0.022 0.017 0.017 0.012 0.016 0.023 0.023 0.023 0.087 0.092 0.025 0.023 0.129 0.014 0.028 0.033 0.041 0.17 0.156
137 T 0.083 0.028 0.034 0.031 0.016 0.022 0.032 0.141 0.012 0.062 0.064 0.037 0.018 0.023 0.022 0.076 0.172 0.005 0.016 0.107
138 W 0.034 0.021 0.014 0.014 0.011 0.014 0.019 0.024 0.012 0.066 0.209 0.021 0.029 0.129 0.01 0.022 0.025 0.218 0.05 0.057
139 L 0.066 0.03 0.032 0.029 0.016 0.023 0.032 0.037 0.013 0.067 0.199 0.037 0.028 0.033 0.021 0.108 0.137 0.006 0.018 0.068
140 F 0.031 0.018 0.016 0.016 0.01 0.01 0.018 0.024 0.016 0.059 0.106 0.018 0.024 0.432 0.01 0.024 0.024 0.016 0.082 0.051
141 F 0.042 0.018 0.015 0.016 0.013 0.012 0.018 0.023 0.013 0.121 0.117 0.02 0.027 0.274 0.012 0.025 0.031 0.011 0.057 0.137
142 F 0.036 0.019 0.015 0.015 0.012 0.012 0.018 0.022 0.013 0.08 0.217 0.02 0.032 0.279 0.011 0.024 0.027 0.012 0.058 0.078
143 N 0.041 0.032 0.158 0.041 0.011 0.025 0.032 0.039 0.021 0.057 0.106 0.037 0.098 0.111 0.015 0.044 0.038 0.008 0.031 0.054
144 S 0.081 0.031 0.04 0.036 0.117 0.025 0.038 0.048 0.014 0.038 0.051 0.041 0.016 0.02 0.024 0.163 0.147 0.005 0.015 0.051
145 S 0.092 0.034 0.044 0.042 0.015 0.028 0.046 0.056 0.017 0.027 0.038 0.048 0.014 0.018 0.128 0.23 0.067 0.004 0.015 0.037
146 L 0.037 0.021 0.014 0.015 0.013 0.013 0.018 0.021 0.012 0.088 0.295 0.021 0.037 0.203 0.012 0.023 0.028 0.01 0.045 0.074
147 W 0.043 0.02 0.014 0.015 0.013 0.014 0.02 0.024 0.01 0.152 0.118 0.022 0.025 0.046 0.011 0.024 0.032 0.215 0.037 0.146
148 Y 0.038 0.026 0.02 0.017 0.009 0.02 0.026 0.023 0.043 0.04 0.063 0.029 0.017 0.121 0.014 0.029 0.026 0.026 0.368 0.043
149 F 0.031 0.018 0.016 0.016 0.01 0.01 0.018 0.024 0.016 0.059 0.106 0.018 0.024 0.432 0.01 0.024 0.024 0.016 0.082 0.051
150 A 0.294 0.03 0.029 0.031 0.019 0.025 0.04 0.07 0.015 0.038 0.052 0.043 0.016 0.02 0.028 0.118 0.052 0.005 0.016 0.059
151 Q 0.052 0.068 0.041 0.044 0.008 0.273 0.095 0.038 0.027 0.025 0.044 0.084 0.019 0.014 0.022 0.052 0.038 0.005 0.019 0.033
152 L 0.041 0.022 0.013 0.014 0.015 0.015 0.019 0.02 0.009 0.107 0.422 0.023 0.046 0.051 0.013 0.022 0.031 0.007 0.021 0.089
153 I 0.045 0.019 0.015 0.017 0.015 0.015 0.018 0.02 0.01 0.279 0.161 0.024 0.072 0.042 0.014 0.025 0.037 0.006 0.02 0.148
154 N 0.04 0.042 0.368 0.077 0.008 0.031 0.046 0.06 0.029 0.021 0.029 0.05 0.01 0.017 0.019 0.065 0.046 0.004 0.015 0.025
155 K 0.053 0.099 0.038 0.038 0.008 0.05 0.066 0.04 0.019 0.026 0.04 0.332 0.014 0.014 0.026 0.05 0.037 0.005 0.016 0.03
156 D 0.038 0.028 0.064 0.442 0.007 0.028 0.085 0.043 0.017 0.021 0.026 0.041 0.009 0.014 0.021 0.048 0.033 0.003 0.01 0.022
157 V 0.075 0.026 0.029 0.028 0.017 0.021 0.031 0.038 0.012 0.137 0.095 0.034 0.024 0.029 0.02 0.128 0.056 0.005 0.018 0.177
158 F 0.031 0.018 0.016 0.016 0.01 0.01 0.018 0.024 0.016 0.059 0.106 0.018 0.024 0.432 0.01 0.024 0.024 0.016 0.082 0.051
159 T 0.068 0.033 0.04 0.035 0.016 0.026 0.036 0.04 0.013 0.049 0.06 0.042 0.018 0.022 0.026 0.086 0.302 0.005 0.016 0.066
160 I 0.044 0.016 0.014 0.016 0.015 0.012 0.016 0.019 0.008 0.325 0.155 0.022 0.034 0.041 0.014 0.023 0.037 0.005 0.019 0.164
161 F 0.035 0.02 0.015 0.015 0.012 0.012 0.018 0.022 0.013 0.078 0.232 0.02 0.032 0.28 0.011 0.023 0.026 0.012 0.058 0.066
162 I 0.044 0.016 0.014 0.016 0.015 0.012 0.016 0.019 0.008 0.325 0.155 0.022 0.034 0.041 0.014 0.023 0.037 0.005 0.019 0.164
163 L 0.046 0.019 0.014 0.016 0.015 0.013 0.018 0.021 0.01 0.185 0.19 0.022 0.033 0.119 0.013 0.025 0.035 0.008 0.032 0.166
164 L 0.037 0.021 0.014 0.015 0.013 0.013 0.018 0.021 0.012 0.088 0.295 0.021 0.037 0.203 0.012 0.023 0.028 0.01 0.045 0.074
165 K 0.05 0.084 0.033 0.034 0.009 0.043 0.056 0.036 0.017 0.042 0.116 0.27 0.021 0.022 0.023 0.044 0.036 0.005 0.017 0.042
166 A 0.156 0.024 0.023 0.024 0.016 0.019 0.027 0.145 0.012 0.105 0.142 0.032 0.024 0.029 0.02 0.06 0.039 0.005 0.016 0.079
167 I 0.053 0.018 0.014 0.016 0.016 0.014 0.019 0.021 0.008 0.247 0.14 0.023 0.032 0.037 0.014 0.026 0.041 0.005 0.019 0.235
168 E 0.053 0.051 0.055 0.077 0.008 0.056 0.29 0.036 0.023 0.021 0.035 0.094 0.012 0.016 0.024 0.063 0.037 0.005 0.015 0.029
169 Y 0.036 0.023 0.017 0.016 0.01 0.016 0.022 0.023 0.028 0.059 0.148 0.024 0.025 0.2 0.013 0.026 0.026 0.019 0.213 0.055
170 A 0.246 0.032 0.034 0.035 0.018 0.027 0.042 0.068 0.015 0.035 0.049 0.045 0.016 0.02 0.027 0.158 0.058 0.005 0.016 0.054
171 L 0.05 0.038 0.02 0.021 0.014 0.024 0.03 0.026 0.012 0.119 0.211 0.087 0.07 0.038 0.016 0.032 0.037 0.006 0.02 0.131
172 A 0.109 0.046 0.1 0.063 0.011 0.032 0.061 0.049 0.025 0.03 0.044 0.101 0.014 0.038 0.022 0.077 0.042 0.009 0.086 0.039
173 K 0.053 0.068 0.12 0.047 0.008 0.05 0.054 0.146 0.021 0.023 0.035 0.189 0.012 0.015 0.022 0.053 0.037 0.005 0.015 0.028
174 K 0.046 0.117 0.106 0.045 0.008 0.065 0.059 0.042 0.099 0.023 0.038 0.16 0.014 0.018 0.021 0.049 0.036 0.005 0.023 0.027
175 W 0.042 0.054 0.025 0.025 0.009 0.031 0.04 0.032 0.016 0.04 0.072 0.148 0.056 0.037 0.016 0.035 0.031 0.215 0.036 0.04
176 K 0.057 0.139 0.029 0.028 0.011 0.035 0.042 0.057 0.017 0.089 0.089 0.14 0.059 0.026 0.019 0.04 0.036 0.006 0.018 0.064
177 S 0.081 0.036 0.11 0.049 0.013 0.04 0.045 0.157 0.019 0.024 0.035 0.048 0.013 0.018 0.023 0.178 0.058 0.005 0.015 0.032
178 F 0.042 0.02 0.016 0.016 0.012 0.013 0.02 0.022 0.018 0.127 0.11 0.022 0.026 0.212 0.013 0.026 0.031 0.014 0.114 0.126
179 F 0.035 0.018 0.015 0.016 0.011 0.011 0.017 0.022 0.013 0.128 0.134 0.019 0.027 0.315 0.011 0.023 0.027 0.013 0.063 0.081
180 L 0.107 0.022 0.016 0.018 0.017 0.016 0.023 0.031 0.01 0.146 0.235 0.027 0.034 0.039 0.017 0.035 0.038 0.006 0.019 0.146
181 L 0.042 0.02 0.013 0.015 0.015 0.014 0.018 0.019 0.009 0.194 0.315 0.023 0.041 0.047 0.013 0.023 0.033 0.006 0.02 0.119
182 F 0.103 0.022 0.021 0.021 0.014 0.016 0.024 0.035 0.013 0.112 0.099 0.027 0.024 0.19 0.017 0.044 0.074 0.009 0.043 0.092
183 L 0.054 0.021 0.018 0.018 0.015 0.015 0.02 0.126 0.009 0.122 0.241 0.025 0.033 0.038 0.015 0.03 0.035 0.006 0.018 0.142
184 L 0.038 0.02 0.014 0.015 0.013 0.013 0.018 0.021 0.012 0.09 0.28 0.021 0.036 0.202 0.012 0.023 0.029 0.01 0.045 0.086
185 S 0.102 0.037 0.05 0.045 0.016 0.031 0.049 0.061 0.018 0.028 0.039 0.05 0.015 0.019 0.028 0.278 0.076 0.005 0.016 0.039
186 V 0.082 0.023 0.017 0.018 0.016 0.018 0.023 0.028 0.011 0.123 0.129 0.027 0.076 0.092 0.016 0.035 0.04 0.007 0.029 0.19
187 F 0.037 0.021 0.016 0.016 0.012 0.015 0.02 0.024 0.015 0.074 0.172 0.022 0.077 0.278 0.012 0.026 0.028 0.012 0.058 0.065
188 I 0.048 0.017 0.014 0.016 0.016 0.013 0.017 0.02 0.008 0.29 0.148 0.022 0.033 0.039 0.014 0.025 0.039 0.005 0.019 0.196
189 R 0.041 0.394 0.036 0.029 0.007 0.045 0.048 0.03 0.022 0.022 0.043 0.111 0.014 0.016 0.018 0.041 0.032 0.005 0.016 0.029
190 F 0.043 0.018 0.015 0.016 0.013 0.012 0.018 0.022 0.011 0.184 0.129 0.021 0.029 0.196 0.012 0.025 0.033 0.009 0.044 0.15
191 Q 0.052 0.068 0.041 0.044 0.008 0.273 0.095 0.038 0.027 0.025 0.044 0.084 0.019 0.014 0.022 0.052 0.038 0.005 0.019 0.033
192 L 0.042 0.021 0.013 0.015 0.015 0.014 0.018 0.02 0.009 0.15 0.368 0.023 0.044 0.049 0.013 0.023 0.032 0.006 0.02 0.104
193 P 0.053 0.024 0.022 0.029 0.01 0.019 0.034 0.034 0.012 0.024 0.034 0.038 0.01 0.012 0.531 0.041 0.034 0.002 0.012 0.029
194 A 0.287 0.027 0.022 0.025 0.02 0.022 0.034 0.063 0.012 0.062 0.068 0.038 0.019 0.023 0.025 0.069 0.046 0.005 0.017 0.116
195 L 0.04 0.02 0.014 0.015 0.014 0.013 0.018 0.02 0.01 0.141 0.305 0.022 0.039 0.125 0.013 0.023 0.031 0.008 0.033 0.096
196 L 0.04 0.019 0.014 0.015 0.014 0.013 0.018 0.02 0.01 0.184 0.252 0.022 0.037 0.123 0.013 0.023 0.032 0.008 0.032 0.111
197 L 0.05 0.021 0.014 0.015 0.117 0.014 0.019 0.022 0.009 0.103 0.289 0.023 0.036 0.041 0.014 0.027 0.034 0.006 0.018 0.129
198 L 0.055 0.021 0.014 0.016 0.017 0.015 0.02 0.022 0.008 0.134 0.241 0.024 0.036 0.04 0.014 0.027 0.04 0.006 0.02 0.229
199 Y 0.038 0.025 0.019 0.017 0.01 0.019 0.024 0.022 0.036 0.054 0.135 0.028 0.023 0.107 0.014 0.028 0.027 0.022 0.299 0.052
200 L 0.107 0.023 0.02 0.02 0.015 0.017 0.023 0.136 0.011 0.073 0.253 0.028 0.031 0.056 0.017 0.039 0.033 0.006 0.021 0.069
201 F 0.031 0.018 0.016 0.016 0.01 0.01 0.018 0.024 0.016 0.059 0.106 0.018 0.024 0.432 0.01 0.024 0.024 0.016 0.082 0.051
202 F 0.036 0.019 0.015 0.015 0.012 0.012 0.018 0.022 0.013 0.124 0.197 0.02 0.031 0.256 0.011 0.023 0.028 0.011 0.054 0.083
203 I 0.061 0.022 0.021 0.022 0.016 0.017 0.024 0.028 0.01 0.222 0.123 0.028 0.029 0.035 0.017 0.076 0.047 0.005 0.018 0.179
204 Y 0.04 0.026 0.024 0.02 0.01 0.02 0.028 0.025 0.103 0.08 0.081 0.028 0.021 0.148 0.014 0.029 0.028 0.016 0.178 0.08
205 T 0.056 0.1 0.034 0.029 0.012 0.025 0.033 0.136 0.015 0.039 0.059 0.049 0.017 0.101 0.019 0.057 0.138 0.007 0.028 0.047
206 K 0.057 0.107 0.041 0.041 0.009 0.053 0.07 0.043 0.021 0.027 0.043 0.282 0.015 0.015 0.027 0.053 0.04 0.005 0.017 0.033
207 T 0.059 0.061 0.066 0.048 0.011 0.103 0.088 0.043 0.022 0.034 0.049 0.104 0.018 0.018 0.025 0.067 0.115 0.006 0.018 0.045
208 K 0.052 0.086 0.055 0.049 0.008 0.051 0.121 0.04 0.021 0.024 0.038 0.265 0.014 0.015 0.025 0.051 0.037 0.005 0.016 0.03
209 P 0.051 0.081 0.048 0.036 0.009 0.036 0.051 0.038 0.017 0.024 0.037 0.189 0.012 0.014 0.227 0.046 0.036 0.004 0.014 0.029
210 H 0.059 0.042 0.05 0.036 0.011 0.077 0.051 0.04 0.101 0.032 0.047 0.05 0.016 0.041 0.021 0.096 0.086 0.01 0.095 0.039
211 L 0.048 0.023 0.019 0.019 0.015 0.016 0.022 0.024 0.01 0.163 0.255 0.027 0.036 0.041 0.016 0.036 0.088 0.006 0.019 0.118
212 F 0.045 0.051 0.024 0.025 0.011 0.027 0.037 0.029 0.015 0.064 0.144 0.145 0.025 0.149 0.017 0.034 0.033 0.008 0.037 0.078
213 N 0.04 0.119 0.165 0.047 0.008 0.034 0.045 0.044 0.023 0.023 0.038 0.113 0.013 0.024 0.018 0.048 0.036 0.11 0.025 0.027
214 L 0.038 0.019 0.014 0.015 0.013 0.012 0.018 0.021 0.012 0.131 0.242 0.021 0.035 0.201 0.012 0.023 0.029 0.01 0.045 0.089
215 L 0.106 0.023 0.021 0.022 0.03 0.017 0.025 0.035 0.012 0.122 0.129 0.029 0.026 0.123 0.018 0.047 0.088 0.008 0.032 0.088
216 G 0.123 0.021 0.021 0.022 0.04 0.016 0.023 0.139 0.012 0.125 0.09 0.028 0.021 0.108 0.017 0.043 0.035 0.007 0.029 0.082
217 A 0.153 0.026 0.025 0.025 0.018 0.021 0.031 0.044 0.011 0.103 0.085 0.035 0.022 0.026 0.022 0.062 0.122 0.005 0.017 0.147
218 Y 0.038 0.026 0.02 0.017 0.009 0.02 0.026 0.023 0.043 0.04 0.063 0.029 0.017 0.121 0.014 0.029 0.026 0.026 0.368 0.043
219 L 0.054 0.022 0.019 0.02 0.016 0.016 0.022 0.025 0.009 0.174 0.179 0.027 0.032 0.037 0.016 0.038 0.091 0.006 0.019 0.177
220 L 0.081 0.02 0.016 0.017 0.014 0.014 0.02 0.028 0.012 0.135 0.192 0.024 0.031 0.177 0.014 0.031 0.032 0.009 0.041 0.091
221 L 0.04 0.019 0.014 0.015 0.014 0.013 0.018 0.02 0.01 0.184 0.252 0.022 0.037 0.123 0.013 0.023 0.032 0.008 0.032 0.111
222 S 0.15 0.035 0.045 0.042 0.017 0.029 0.046 0.064 0.017 0.03 0.042 0.048 0.015 0.019 0.028 0.238 0.07 0.005 0.016 0.044
223 L 0.042 0.021 0.013 0.015 0.015 0.014 0.018 0.02 0.009 0.15 0.368 0.023 0.044 0.049 0.013 0.023 0.032 0.006 0.02 0.104
224 F 0.059 0.019 0.016 0.017 0.014 0.013 0.02 0.025 0.012 0.149 0.123 0.022 0.037 0.195 0.013 0.028 0.034 0.01 0.044 0.149
225 N 0.04 0.042 0.368 0.077 0.008 0.031 0.046 0.06 0.029 0.021 0.029 0.05 0.01 0.017 0.019 0.065 0.046 0.004 0.015 0.025
226 G 0.072 0.021 0.036 0.031 0.01 0.018 0.024 0.546 0.012 0.018 0.026 0.031 0.009 0.015 0.018 0.048 0.028 0.005 0.01 0.022
227 F 0.039 0.021 0.017 0.016 0.011 0.015 0.021 0.023 0.025 0.079 0.094 0.023 0.022 0.228 0.013 0.027 0.028 0.018 0.184 0.094
228 L 0.04 0.019 0.014 0.015 0.014 0.013 0.018 0.02 0.01 0.184 0.252 0.022 0.037 0.123 0.013 0.023 0.032 0.008 0.032 0.111
229 A 0.246 0.032 0.034 0.035 0.018 0.027 0.042 0.068 0.015 0.035 0.049 0.045 0.016 0.02 0.027 0.158 0.058 0.005 0.016 0.054
230 K 0.048 0.217 0.037 0.035 0.008 0.048 0.059 0.036 0.02 0.024 0.041 0.243 0.014 0.015 0.023 0.046 0.035 0.005 0.016 0.03
231 Y 0.038 0.026 0.02 0.017 0.009 0.02 0.026 0.023 0.043 0.04 0.063 0.029 0.017 0.121 0.014 0.029 0.026 0.026 0.368 0.043
232 Q 0.052 0.068 0.041 0.044 0.008 0.273 0.095 0.038 0.027 0.025 0.044 0.084 0.019 0.014 0.022 0.052 0.038 0.005 0.019 0.033
233 T 0.074 0.031 0.04 0.035 0.015 0.024 0.035 0.145 0.013 0.052 0.054 0.04 0.016 0.021 0.024 0.113 0.189 0.005 0.015 0.057
234 L 0.046 0.031 0.025 0.061 0.012 0.033 0.138 0.026 0.016 0.113 0.165 0.042 0.065 0.033 0.018 0.036 0.035 0.006 0.018 0.079
235 F 0.034 0.017 0.015 0.016 0.011 0.01 0.017 0.023 0.014 0.112 0.116 0.018 0.026 0.354 0.011 0.023 0.026 0.014 0.07 0.073
236 I 0.039 0.017 0.014 0.016 0.013 0.011 0.017 0.021 0.011 0.218 0.136 0.02 0.03 0.197 0.012 0.023 0.032 0.01 0.044 0.119
237 N 0.061 0.034 0.161 0.133 0.01 0.028 0.05 0.154 0.021 0.022 0.03 0.045 0.011 0.016 0.021 0.111 0.047 0.004 0.013 0.027
238 E 0.051 0.05 0.038 0.076 0.007 0.102 0.298 0.034 0.025 0.021 0.036 0.073 0.013 0.015 0.023 0.051 0.035 0.005 0.016 0.03
239 S 0.082 0.041 0.045 0.061 0.012 0.042 0.169 0.05 0.02 0.025 0.037 0.058 0.014 0.018 0.026 0.187 0.059 0.005 0.016 0.035
240 T 0.068 0.033 0.04 0.035 0.016 0.026 0.036 0.04 0.013 0.049 0.06 0.042 0.018 0.022 0.026 0.086 0.302 0.005 0.016 0.066
241 L 0.041 0.022 0.013 0.014 0.015 0.015 0.019 0.02 0.009 0.107 0.422 0.023 0.046 0.051 0.013 0.022 0.031 0.007 0.021 0.089
242 S 0.15 0.035 0.045 0.042 0.017 0.029 0.046 0.064 0.017 0.03 0.042 0.048 0.015 0.019 0.028 0.238 0.07 0.005 0.016 0.044
243 D 0.038 0.028 0.063 0.43 0.007 0.027 0.083 0.043 0.018 0.021 0.027 0.041 0.009 0.017 0.021 0.048 0.033 0.004 0.021 0.023
244 G 0.072 0.021 0.036 0.031 0.01 0.018 0.024 0.546 0.012 0.018 0.026 0.031 0.009 0.015 0.018 0.048 0.028 0.005 0.01 0.022
245 L 0.041 0.023 0.015 0.015 0.014 0.016 0.02 0.022 0.012 0.094 0.311 0.024 0.077 0.126 0.013 0.025 0.031 0.009 0.033 0.081
246 S 0.102 0.037 0.05 0.045 0.016 0.031 0.049 0.061 0.018 0.028 0.039 0.05 0.015 0.019 0.028 0.278 0.076 0.005 0.016 0.039
247 Y 0.111 0.029 0.027 0.025 0.012 0.023 0.033 0.041 0.032 0.038 0.057 0.036 0.017 0.081 0.02 0.089 0.04 0.018 0.227 0.046
248 L 0.036 0.022 0.016 0.015 0.011 0.015 0.021 0.023 0.019 0.067 0.2 0.023 0.038 0.142 0.012 0.024 0.027 0.117 0.111 0.06
249 V 0.063 0.02 0.015 0.016 0.018 0.015 0.021 0.023 0.008 0.167 0.124 0.024 0.03 0.034 0.015 0.03 0.045 0.005 0.019 0.309
250 Y 0.038 0.026 0.02 0.017 0.009 0.02 0.026 0.023 0.043 0.04 0.063 0.029 0.017 0.121 0.014 0.029 0.026 0.026 0.368 0.043
251 S 0.066 0.047 0.056 0.041 0.011 0.126 0.063 0.044 0.027 0.029 0.045 0.06 0.017 0.037 0.022 0.127 0.049 0.009 0.088 0.037
252 L 0.043 0.024 0.014 0.015 0.015 0.017 0.02 0.021 0.01 0.115 0.361 0.025 0.081 0.049 0.014 0.025 0.032 0.007 0.021 0.092
253 N 0.04 0.042 0.368 0.077 0.008 0.031 0.046 0.06 0.029 0.021 0.029 0.05 0.01 0.017 0.019 0.065 0.046 0.004 0.015 0.025
254 L 0.047 0.078 0.02 0.019 0.013 0.021 0.026 0.024 0.018 0.131 0.162 0.038 0.028 0.053 0.015 0.031 0.048 0.01 0.089 0.131
255 N 0.045 0.067 0.219 0.06 0.008 0.039 0.055 0.051 0.025 0.023 0.034 0.177 0.012 0.016 0.022 0.058 0.042 0.004 0.015 0.027
256 Y 0.038 0.026 0.02 0.017 0.009 0.02 0.026 0.023 0.043 0.04 0.063 0.029 0.017 0.121 0.014 0.029 0.026 0.026 0.368 0.043
257 G 0.051 0.024 0.027 0.023 0.009 0.019 0.025 0.232 0.031 0.031 0.049 0.03 0.014 0.079 0.016 0.036 0.027 0.018 0.225 0.035
258 I 0.051 0.018 0.014 0.016 0.016 0.013 0.018 0.02 0.008 0.261 0.143 0.023 0.032 0.038 0.014 0.026 0.04 0.005 0.019 0.223
259 G 0.072 0.021 0.036 0.031 0.01 0.018 0.024 0.546 0.012 0.018 0.026 0.031 0.009 0.015 0.018 0.048 0.028 0.005 0.01 0.022
260 S 0.102 0.037 0.05 0.045 0.016 0.031 0.049 0.061 0.018 0.028 0.039 0.05 0.015 0.019 0.028 0.278 0.076 0.005 0.016 0.039
261 L 0.04 0.02 0.014 0.015 0.014 0.013 0.018 0.02 0.01 0.141 0.305 0.022 0.039 0.125 0.013 0.023 0.031 0.008 0.033 0.096
262 L 0.04 0.02 0.014 0.015 0.014 0.013 0.018 0.02 0.01 0.152 0.292 0.022 0.038 0.125 0.013 0.023 0.031 0.008 0.033 0.1
263 L 0.037 0.021 0.014 0.015 0.013 0.013 0.018 0.021 0.012 0.088 0.295 0.021 0.037 0.203 0.012 0.023 0.028 0.01 0.045 0.074
264 N 0.04 0.042 0.368 0.077 0.008 0.031 0.046 0.06 0.029 0.021 0.029 0.05 0.01 0.017 0.019 0.065 0.046 0.004 0.015 0.025
265 P 0.053 0.024 0.022 0.029 0.01 0.019 0.034 0.034 0.012 0.024 0.034 0.038 0.01 0.012 0.531 0.041 0.034 0.002 0.012 0.029
266 L 0.049 0.021 0.014 0.015 0.016 0.015 0.019 0.021 0.009 0.142 0.305 0.023 0.04 0.044 0.014 0.025 0.036 0.006 0.02 0.167
267 R 0.041 0.394 0.036 0.029 0.007 0.045 0.048 0.03 0.022 0.022 0.043 0.111 0.014 0.016 0.018 0.041 0.032 0.005 0.016 0.029
268 L 0.111 0.022 0.016 0.018 0.017 0.016 0.023 0.031 0.009 0.143 0.19 0.027 0.032 0.036 0.017 0.037 0.041 0.006 0.019 0.188
269 I 0.11 0.022 0.017 0.019 0.017 0.018 0.024 0.032 0.01 0.178 0.132 0.029 0.067 0.036 0.017 0.038 0.041 0.006 0.019 0.168
270 Q 0.052 0.068 0.041 0.044 0.008 0.273 0.095 0.038 0.027 0.025 0.044 0.084 0.019 0.014 0.022 0.052 0.038 0.005 0.019 0.033
271 Y 0.063 0.03 0.032 0.028 0.012 0.024 0.035 0.038 0.033 0.035 0.054 0.037 0.016 0.08 0.02 0.128 0.046 0.017 0.227 0.041
272 L 0.039 0.02 0.014 0.015 0.013 0.013 0.018 0.021 0.012 0.123 0.24 0.021 0.034 0.201 0.012 0.023 0.03 0.01 0.045 0.097
273 Y 0.038 0.029 0.026 0.021 0.008 0.023 0.031 0.026 0.115 0.037 0.058 0.032 0.017 0.103 0.015 0.031 0.026 0.022 0.305 0.039
274 D 0.07 0.03 0.053 0.201 0.011 0.027 0.058 0.151 0.017 0.023 0.031 0.043 0.011 0.016 0.023 0.14 0.049 0.004 0.013 0.029
275 V 0.115 0.023 0.018 0.019 0.016 0.018 0.026 0.033 0.016 0.108 0.096 0.029 0.024 0.048 0.018 0.04 0.042 0.009 0.088 0.215
276 L 0.039 0.021 0.014 0.015 0.014 0.014 0.018 0.02 0.01 0.119 0.332 0.022 0.04 0.126 0.013 0.023 0.03 0.008 0.033 0.089
277 L 0.042 0.021 0.023 0.101 0.013 0.016 0.031 0.024 0.01 0.177 0.236 0.026 0.034 0.039 0.015 0.028 0.034 0.006 0.018 0.106
278 S 0.102 0.037 0.05 0.045 0.016 0.031 0.049 0.061 0.018 0.028 0.039 0.05 0.015 0.019 0.028 0.278 0.076 0.005 0.016 0.039
279 F 0.031 0.018 0.016 0.016 0.01 0.01 0.018 0.024 0.016 0.059 0.106 0.018 0.024 0.432 0.01 0.024 0.024 0.016 0.082 0.051
280 D 0.056 0.043 0.07 0.301 0.008 0.032 0.074 0.044 0.019 0.024 0.032 0.099 0.011 0.02 0.022 0.05 0.035 0.005 0.03 0.027
281 F 0.031 0.018 0.016 0.016 0.01 0.01 0.018 0.024 0.016 0.059 0.106 0.018 0.024 0.432 0.01 0.024 0.024 0.016 0.082 0.051
282 I 0.051 0.02 0.019 0.02 0.016 0.015 0.021 0.024 0.009 0.23 0.13 0.026 0.03 0.056 0.016 0.035 0.083 0.006 0.022 0.173
283 Y 0.044 0.027 0.051 0.151 0.01 0.024 0.06 0.031 0.027 0.055 0.06 0.035 0.016 0.061 0.017 0.038 0.033 0.013 0.156 0.091
284 G 0.068 0.105 0.041 0.065 0.01 0.035 0.103 0.194 0.018 0.022 0.034 0.06 0.012 0.016 0.022 0.105 0.042 0.005 0.014 0.029
285 D 0.042 0.03 0.07 0.387 0.008 0.03 0.093 0.047 0.019 0.023 0.028 0.046 0.009 0.015 0.023 0.053 0.036 0.004 0.011 0.025
286 Y 0.04 0.028 0.049 0.13 0.034 0.024 0.057 0.031 0.033 0.034 0.051 0.035 0.014 0.079 0.017 0.037 0.029 0.017 0.226 0.037
287 G 0.063 0.056 0.036 0.034 0.009 0.032 0.042 0.292 0.015 0.028 0.037 0.166 0.012 0.016 0.021 0.048 0.033 0.005 0.013 0.041
288 I 0.047 0.018 0.014 0.016 0.016 0.013 0.018 0.02 0.008 0.247 0.202 0.023 0.035 0.041 0.014 0.024 0.037 0.006 0.019 0.181
289 D 0.038 0.028 0.064 0.442 0.007 0.028 0.085 0.043 0.017 0.021 0.026 0.041 0.009 0.014 0.021 0.048 0.033 0.003 0.01 0.022
290 V 0.065 0.02 0.015 0.016 0.018 0.015 0.022 0.023 0.008 0.152 0.121 0.024 0.029 0.033 0.015 0.03 0.046 0.005 0.019 0.323
291 S 0.096 0.034 0.047 0.042 0.015 0.028 0.044 0.158 0.017 0.026 0.036 0.046 0.013 0.018 0.026 0.232 0.066 0.005 0.015 0.036
292 R 0.046 0.276 0.037 0.033 0.008 0.047 0.055 0.034 0.021 0.023 0.042 0.199 0.014 0.015 0.021 0.045 0.034 0.005 0.016 0.029
293 L 0.041 0.021 0.014 0.015 0.014 0.014 0.018 0.02 0.01 0.145 0.325 0.023 0.05 0.087 0.013 0.023 0.032 0.007 0.027 0.1
294 K 0.053 0.099 0.038 0.038 0.008 0.05 0.066 0.04 0.019 0.026 0.04 0.332 0.014 0.014 0.026 0.05 0.037 0.005 0.016 0.03
295 N 0.039 0.039 0.307 0.15 0.008 0.03 0.054 0.057 0.027 0.021 0.029 0.048 0.01 0.016 0.019 0.061 0.043 0.004 0.014 0.024
296 I 0.044 0.018 0.014 0.016 0.015 0.013 0.017 0.019 0.008 0.273 0.207 0.022 0.036 0.042 0.014 0.023 0.036 0.006 0.019 0.157
297 P 0.053 0.024 0.022 0.029 0.01 0.019 0.034 0.034 0.012 0.024 0.034 0.038 0.01 0.012 0.531 0.041 0.034 0.002 0.012 0.029
298 Q 0.052 0.068 0.041 0.044 0.008 0.273 0.095 0.038 0.027 0.025 0.044 0.084 0.019 0.014 0.022 0.052 0.038 0.005 0.019 0.033
299 L 0.055 0.021 0.014 0.016 0.017 0.015 0.02 0.022 0.008 0.134 0.241 0.024 0.036 0.04 0.014 0.027 0.04 0.006 0.02 0.229
300 L 0.043 0.024 0.017 0.017 0.014 0.018 0.022 0.024 0.013 0.117 0.217 0.027 0.104 0.122 0.014 0.03 0.046 0.008 0.033 0.089
301 L 0.045 0.021 0.019 0.019 0.014 0.015 0.021 0.024 0.011 0.173 0.18 0.025 0.031 0.117 0.015 0.036 0.086 0.008 0.032 0.107
302 L 0.039 0.022 0.015 0.016 0.013 0.015 0.02 0.022 0.013 0.085 0.247 0.023 0.072 0.202 0.012 0.025 0.029 0.01 0.046 0.073
303 I 0.042 0.018 0.014 0.016 0.015 0.013 0.017 0.019 0.009 0.246 0.233 0.022 0.037 0.063 0.013 0.023 0.034 0.006 0.023 0.136
304 L 0.039 0.02 0.015 0.016 0.013 0.014 0.019 0.021 0.017 0.158 0.193 0.023 0.031 0.14 0.013 0.024 0.03 0.012 0.102 0.098
305 L 0.053 0.025 0.021 0.02 0.015 0.018 0.025 0.028 0.011 0.091 0.345 0.029 0.04 0.044 0.016 0.074 0.04 0.006 0.02 0.079
306 L 0.068 0.028 0.028 0.027 0.016 0.021 0.031 0.036 0.012 0.085 0.209 0.034 0.03 0.035 0.019 0.117 0.063 0.006 0.019 0.117
307 P 0.053 0.024 0.022 0.029 0.01 0.019 0.034 0.034 0.012 0.024 0.034 0.038 0.01 0.012 0.531 0.041 0.034 0.002 0.012 0.029
308 F 0.033 0.022 0.017 0.016 0.009 0.015 0.022 0.024 0.028 0.044 0.075 0.023 0.019 0.217 0.011 0.025 0.024 0.123 0.207 0.043
309 I 0.101 0.019 0.016 0.018 0.015 0.014 0.021 0.031 0.011 0.204 0.139 0.025 0.029 0.116 0.016 0.034 0.036 0.007 0.031 0.117
310 V 0.051 0.019 0.014 0.016 0.016 0.014 0.019 0.021 0.008 0.201 0.208 0.023 0.035 0.04 0.014 0.026 0.039 0.006 0.019 0.209
311 L 0.043 0.116 0.094 0.034 0.011 0.031 0.039 0.034 0.018 0.056 0.191 0.108 0.026 0.03 0.018 0.04 0.035 0.006 0.018 0.052
312 A 0.2 0.028 0.029 0.03 0.119 0.023 0.036 0.058 0.013 0.042 0.054 0.039 0.016 0.02 0.024 0.128 0.053 0.005 0.015 0.067
313 F 0.042 0.02 0.016 0.016 0.012 0.013 0.02 0.022 0.018 0.127 0.11 0.022 0.026 0.212 0.013 0.026 0.031 0.014 0.114 0.126
314 L 0.045 0.021 0.015 0.016 0.014 0.015 0.02 0.021 0.016 0.166 0.194 0.024 0.032 0.077 0.014 0.026 0.034 0.01 0.092 0.147
315 N 0.04 0.095 0.238 0.06 0.008 0.035 0.048 0.05 0.102 0.021 0.033 0.073 0.012 0.019 0.019 0.055 0.039 0.005 0.023 0.025
316 Y 0.036 0.024 0.019 0.017 0.009 0.018 0.024 0.023 0.038 0.044 0.072 0.027 0.019 0.183 0.014 0.028 0.025 0.024 0.311 0.045
317 N 0.05 0.144 0.171 0.052 0.009 0.039 0.052 0.048 0.024 0.023 0.036 0.136 0.013 0.016 0.021 0.076 0.043 0.005 0.015 0.029
318 F 0.054 0.098 0.027 0.024 0.113 0.023 0.031 0.034 0.021 0.038 0.062 0.045 0.017 0.122 0.017 0.082 0.038 0.011 0.099 0.043
319 Y 0.062 0.029 0.031 0.028 0.012 0.022 0.033 0.038 0.028 0.039 0.062 0.035 0.017 0.143 0.019 0.127 0.045 0.015 0.17 0.043
320 L 0.047 0.028 0.018 0.018 0.015 0.024 0.025 0.025 0.014 0.096 0.23 0.031 0.187 0.046 0.015 0.031 0.036 0.007 0.022 0.086
