#Seq2Logo.py -f /work3/idamei/ssn-clusterings/clustering/2205111339/clusters/0006_591/sequences.afa -o /work3/idamei/ssn-clusterings/clustering/2205111339/clusters/0006_591/sequences.logo
#Position Specific Frequency Matrix
A R N D C Q E G H I L K M F P S T W Y V
0 L 0.051 0.031 0.02 0.02 0.016 0.028 0.028 0.028 0.016 0.098 0.193 0.035 0.177 0.047 0.016 0.035 0.039 0.008 0.024 0.091
1 R 0.108 0.113 0.03 0.041 0.012 0.037 0.104 0.042 0.02 0.037 0.063 0.064 0.018 0.113 0.021 0.052 0.036 0.008 0.035 0.046
2 D 0.056 0.046 0.052 0.162 0.011 0.093 0.077 0.043 0.02 0.034 0.046 0.06 0.016 0.018 0.024 0.066 0.11 0.005 0.016 0.043
3 K 0.057 0.107 0.042 0.042 0.009 0.054 0.071 0.043 0.021 0.028 0.043 0.278 0.016 0.016 0.028 0.054 0.04 0.005 0.017 0.033
4 I 0.047 0.018 0.015 0.018 0.016 0.013 0.018 0.02 0.009 0.275 0.167 0.023 0.037 0.044 0.015 0.025 0.04 0.006 0.02 0.176
5 G 0.062 0.02 0.027 0.026 0.013 0.016 0.022 0.267 0.011 0.147 0.098 0.029 0.023 0.03 0.017 0.038 0.035 0.006 0.016 0.1
6 A 0.175 0.069 0.033 0.035 0.015 0.039 0.055 0.06 0.018 0.035 0.051 0.163 0.016 0.018 0.029 0.069 0.045 0.005 0.017 0.051
7 S 0.109 0.04 0.054 0.049 0.017 0.033 0.052 0.066 0.019 0.03 0.042 0.054 0.016 0.021 0.03 0.224 0.082 0.005 0.017 0.042
8 F 0.071 0.029 0.035 0.033 0.014 0.022 0.036 0.046 0.018 0.046 0.078 0.036 0.02 0.205 0.02 0.125 0.053 0.011 0.053 0.048
9 N 0.05 0.076 0.181 0.062 0.009 0.043 0.06 0.054 0.026 0.025 0.037 0.168 0.013 0.017 0.024 0.061 0.044 0.005 0.016 0.03
10 D 0.041 0.03 0.069 0.397 0.008 0.03 0.091 0.047 0.019 0.022 0.028 0.045 0.009 0.015 0.022 0.052 0.035 0.004 0.011 0.024
11 V 0.07 0.022 0.016 0.018 0.019 0.016 0.023 0.025 0.008 0.165 0.13 0.026 0.032 0.036 0.016 0.033 0.049 0.006 0.021 0.269
12 N 0.076 0.042 0.187 0.066 0.013 0.033 0.051 0.065 0.025 0.026 0.037 0.054 0.013 0.019 0.025 0.147 0.065 0.005 0.017 0.034
13 P 0.135 0.029 0.023 0.027 0.016 0.025 0.035 0.047 0.014 0.056 0.097 0.04 0.065 0.027 0.181 0.054 0.042 0.005 0.018 0.063
14 N 0.069 0.063 0.139 0.057 0.012 0.04 0.057 0.058 0.024 0.026 0.038 0.131 0.014 0.018 0.026 0.117 0.056 0.005 0.017 0.034
15 N 0.046 0.047 0.146 0.047 0.012 0.029 0.041 0.042 0.02 0.094 0.131 0.089 0.024 0.029 0.019 0.047 0.042 0.005 0.018 0.071
16 L 0.069 0.034 0.033 0.041 0.015 0.031 0.089 0.037 0.015 0.076 0.131 0.044 0.025 0.03 0.022 0.087 0.092 0.006 0.019 0.104
17 K 0.053 0.156 0.04 0.039 0.008 0.051 0.066 0.04 0.021 0.026 0.043 0.257 0.015 0.016 0.025 0.051 0.038 0.005 0.017 0.032
18 I 0.052 0.024 0.021 0.022 0.016 0.019 0.024 0.026 0.011 0.201 0.15 0.03 0.061 0.04 0.017 0.04 0.084 0.006 0.02 0.136
19 S 0.085 0.116 0.048 0.043 0.014 0.04 0.055 0.054 0.02 0.027 0.042 0.114 0.015 0.019 0.027 0.16 0.063 0.005 0.017 0.037
20 I 0.047 0.037 0.022 0.024 0.012 0.022 0.032 0.029 0.013 0.137 0.104 0.08 0.024 0.103 0.114 0.034 0.035 0.007 0.031 0.093
21 A 0.111 0.031 0.088 0.039 0.015 0.023 0.036 0.051 0.018 0.063 0.074 0.039 0.02 0.099 0.021 0.089 0.05 0.007 0.031 0.094
22 I 0.056 0.022 0.02 0.021 0.017 0.016 0.023 0.025 0.009 0.214 0.137 0.028 0.032 0.038 0.017 0.039 0.085 0.006 0.02 0.175
23 L 0.096 0.024 0.016 0.018 0.017 0.017 0.023 0.032 0.011 0.133 0.277 0.028 0.04 0.045 0.017 0.036 0.037 0.006 0.021 0.105
24 L 0.04 0.019 0.015 0.017 0.014 0.013 0.018 0.022 0.012 0.162 0.188 0.022 0.034 0.188 0.013 0.025 0.032 0.01 0.047 0.11
25 L 0.148 0.025 0.018 0.021 0.018 0.019 0.027 0.043 0.011 0.119 0.211 0.032 0.034 0.039 0.02 0.048 0.04 0.006 0.02 0.099
26 F 0.033 0.019 0.017 0.017 0.01 0.01 0.019 0.025 0.017 0.062 0.112 0.019 0.025 0.399 0.01 0.025 0.025 0.017 0.087 0.054
27 C 0.061 0.019 0.017 0.017 0.398 0.015 0.018 0.031 0.01 0.055 0.09 0.023 0.048 0.025 0.016 0.039 0.037 0.005 0.014 0.063
28 F 0.051 0.023 0.023 0.023 0.013 0.015 0.025 0.032 0.015 0.1 0.108 0.026 0.025 0.252 0.015 0.067 0.039 0.012 0.06 0.075
29 F 0.051 0.026 0.024 0.023 0.013 0.018 0.027 0.032 0.022 0.062 0.144 0.029 0.026 0.2 0.016 0.068 0.038 0.015 0.109 0.058
30 L 0.047 0.021 0.015 0.017 0.016 0.017 0.02 0.022 0.01 0.213 0.215 0.026 0.067 0.046 0.015 0.027 0.038 0.006 0.021 0.141
31 Y 0.04 0.027 0.021 0.018 0.009 0.021 0.027 0.024 0.046 0.043 0.067 0.031 0.018 0.128 0.015 0.031 0.027 0.027 0.331 0.046
32 P 0.058 0.028 0.026 0.03 0.013 0.023 0.035 0.035 0.013 0.045 0.073 0.04 0.045 0.022 0.311 0.051 0.081 0.004 0.016 0.05
33 P 0.054 0.021 0.018 0.023 0.014 0.017 0.026 0.027 0.01 0.157 0.106 0.031 0.025 0.029 0.21 0.033 0.039 0.004 0.017 0.138
34 V 0.07 0.044 0.033 0.032 0.016 0.028 0.04 0.039 0.014 0.111 0.088 0.088 0.023 0.027 0.023 0.087 0.094 0.005 0.018 0.12
35 F 0.037 0.021 0.016 0.016 0.013 0.013 0.019 0.023 0.014 0.083 0.222 0.021 0.034 0.261 0.012 0.024 0.028 0.013 0.061 0.07
36 K 0.051 0.143 0.098 0.047 0.008 0.048 0.062 0.045 0.023 0.025 0.041 0.209 0.014 0.016 0.024 0.054 0.04 0.005 0.017 0.031
37 F 0.047 0.02 0.02 0.02 0.013 0.014 0.02 0.122 0.013 0.108 0.161 0.024 0.029 0.182 0.014 0.03 0.03 0.01 0.045 0.08
38 P 0.072 0.03 0.034 0.035 0.013 0.023 0.038 0.045 0.016 0.034 0.053 0.041 0.015 0.093 0.215 0.116 0.051 0.006 0.029 0.039
39 G 0.117 0.029 0.041 0.11 0.013 0.025 0.048 0.149 0.016 0.027 0.038 0.043 0.012 0.017 0.12 0.093 0.046 0.004 0.014 0.037
40 V 0.106 0.023 0.017 0.019 0.018 0.017 0.025 0.033 0.01 0.153 0.173 0.029 0.033 0.038 0.018 0.039 0.044 0.006 0.02 0.18
41 L 0.046 0.023 0.015 0.017 0.016 0.017 0.02 0.022 0.011 0.179 0.26 0.026 0.069 0.048 0.014 0.026 0.037 0.007 0.022 0.125
42 S 0.086 0.044 0.044 0.042 0.015 0.071 0.057 0.053 0.02 0.042 0.072 0.057 0.049 0.025 0.025 0.159 0.064 0.006 0.019 0.05
43 Y 0.043 0.037 0.035 0.102 0.009 0.065 0.055 0.032 0.037 0.035 0.055 0.045 0.017 0.083 0.018 0.04 0.031 0.018 0.205 0.039
44 A 0.155 0.024 0.023 0.025 0.017 0.019 0.028 0.143 0.012 0.135 0.095 0.033 0.023 0.029 0.021 0.053 0.041 0.005 0.017 0.101
45 L 0.096 0.023 0.018 0.019 0.016 0.018 0.024 0.032 0.017 0.154 0.168 0.029 0.031 0.058 0.017 0.037 0.037 0.01 0.082 0.111
46 I 0.065 0.028 0.029 0.028 0.016 0.023 0.03 0.035 0.013 0.15 0.125 0.036 0.057 0.036 0.02 0.082 0.092 0.006 0.02 0.11
47 Y 0.047 0.024 0.019 0.018 0.012 0.019 0.025 0.024 0.031 0.115 0.099 0.028 0.024 0.093 0.015 0.03 0.034 0.019 0.207 0.119
48 G 0.071 0.021 0.034 0.03 0.012 0.017 0.024 0.42 0.012 0.072 0.055 0.031 0.015 0.021 0.018 0.045 0.031 0.005 0.013 0.054
49 I 0.046 0.017 0.014 0.017 0.016 0.013 0.017 0.02 0.009 0.285 0.165 0.023 0.036 0.043 0.014 0.025 0.039 0.006 0.02 0.173
50 P 0.056 0.025 0.023 0.03 0.01 0.02 0.035 0.035 0.013 0.025 0.035 0.04 0.01 0.013 0.503 0.043 0.035 0.003 0.013 0.03
51 L 0.04 0.02 0.015 0.016 0.014 0.013 0.019 0.022 0.012 0.127 0.233 0.022 0.037 0.19 0.013 0.024 0.031 0.011 0.048 0.094
52 V 0.103 0.021 0.018 0.019 0.112 0.015 0.023 0.036 0.011 0.119 0.105 0.026 0.025 0.104 0.017 0.041 0.039 0.007 0.031 0.127
53 Y 0.04 0.027 0.021 0.018 0.009 0.021 0.027 0.024 0.046 0.043 0.067 0.031 0.018 0.128 0.015 0.031 0.027 0.027 0.331 0.046
54 L 0.045 0.02 0.014 0.016 0.016 0.014 0.018 0.02 0.009 0.216 0.254 0.024 0.041 0.047 0.014 0.024 0.037 0.006 0.021 0.142
55 L 0.044 0.023 0.014 0.015 0.016 0.015 0.019 0.021 0.01 0.148 0.343 0.024 0.046 0.052 0.014 0.024 0.034 0.007 0.022 0.11
56 L 0.043 0.02 0.015 0.016 0.109 0.013 0.019 0.025 0.012 0.079 0.213 0.021 0.033 0.185 0.013 0.027 0.03 0.01 0.046 0.07
57 N 0.042 0.044 0.275 0.073 0.009 0.034 0.049 0.059 0.098 0.022 0.032 0.051 0.012 0.02 0.02 0.063 0.044 0.005 0.024 0.026
58 F 0.04 0.02 0.017 0.017 0.012 0.014 0.02 0.023 0.019 0.148 0.124 0.023 0.028 0.203 0.013 0.026 0.031 0.014 0.109 0.1
59 R 0.048 0.191 0.045 0.11 0.008 0.046 0.066 0.039 0.021 0.024 0.041 0.173 0.014 0.016 0.023 0.049 0.036 0.005 0.016 0.03
60 I 0.049 0.107 0.031 0.031 0.011 0.107 0.058 0.031 0.02 0.129 0.093 0.069 0.026 0.027 0.019 0.04 0.039 0.006 0.02 0.089
61 L 0.041 0.022 0.016 0.017 0.014 0.015 0.02 0.024 0.013 0.124 0.194 0.024 0.062 0.188 0.013 0.027 0.032 0.011 0.048 0.093
62 A 0.29 0.031 0.026 0.03 0.022 0.026 0.04 0.078 0.015 0.043 0.059 0.045 0.018 0.022 0.03 0.085 0.05 0.005 0.018 0.069
63 C 0.065 0.016 0.016 0.016 0.484 0.012 0.016 0.032 0.008 0.045 0.065 0.02 0.016 0.02 0.016 0.041 0.037 0.004 0.012 0.057
64 Y 0.04 0.028 0.022 0.019 0.009 0.022 0.028 0.025 0.047 0.044 0.068 0.031 0.019 0.131 0.016 0.031 0.028 0.028 0.318 0.047
65 F 0.034 0.019 0.017 0.017 0.011 0.011 0.019 0.025 0.017 0.063 0.114 0.019 0.025 0.387 0.011 0.025 0.025 0.017 0.089 0.055
66 G 0.061 0.096 0.093 0.04 0.013 0.028 0.037 0.137 0.018 0.055 0.059 0.055 0.017 0.022 0.02 0.057 0.084 0.005 0.016 0.087
67 K 0.053 0.156 0.04 0.039 0.008 0.051 0.066 0.04 0.021 0.026 0.043 0.257 0.015 0.016 0.025 0.051 0.038 0.005 0.017 0.032
68 I 0.043 0.019 0.015 0.017 0.015 0.013 0.018 0.021 0.01 0.206 0.199 0.023 0.036 0.117 0.014 0.024 0.035 0.008 0.034 0.134
69 G 0.063 0.045 0.037 0.033 0.013 0.029 0.04 0.134 0.021 0.039 0.053 0.089 0.016 0.041 0.023 0.063 0.124 0.01 0.079 0.048
70 K 0.053 0.073 0.032 0.033 0.01 0.039 0.053 0.037 0.017 0.044 0.11 0.188 0.021 0.022 0.12 0.045 0.037 0.005 0.017 0.044
71 K 0.049 0.125 0.032 0.03 0.01 0.04 0.049 0.034 0.025 0.044 0.078 0.154 0.048 0.045 0.021 0.043 0.036 0.01 0.081 0.046
72 Q 0.055 0.072 0.043 0.046 0.009 0.23 0.101 0.04 0.029 0.026 0.046 0.089 0.02 0.014 0.023 0.055 0.04 0.006 0.02 0.035
73 W 0.058 0.026 0.027 0.025 0.012 0.019 0.028 0.133 0.014 0.044 0.112 0.031 0.021 0.042 0.015 0.071 0.037 0.204 0.037 0.044
74 L 0.099 0.031 0.082 0.033 0.015 0.025 0.032 0.043 0.017 0.109 0.128 0.038 0.084 0.035 0.019 0.049 0.043 0.006 0.02 0.09
75 L 0.062 0.024 0.022 0.023 0.017 0.018 0.026 0.03 0.011 0.175 0.177 0.03 0.033 0.039 0.018 0.068 0.048 0.006 0.02 0.153
76 V 0.06 0.024 0.021 0.021 0.017 0.018 0.024 0.026 0.01 0.155 0.174 0.029 0.033 0.038 0.018 0.041 0.086 0.006 0.02 0.181
77 L 0.048 0.02 0.015 0.017 0.015 0.014 0.019 0.022 0.01 0.181 0.191 0.023 0.035 0.115 0.014 0.026 0.037 0.008 0.034 0.156
78 L 0.104 0.029 0.024 0.024 0.097 0.023 0.03 0.041 0.014 0.071 0.156 0.035 0.076 0.035 0.02 0.076 0.046 0.006 0.019 0.073
79 L 0.135 0.029 0.023 0.024 0.016 0.022 0.031 0.045 0.014 0.063 0.136 0.036 0.05 0.037 0.02 0.056 0.076 0.089 0.027 0.07
80 L 0.045 0.019 0.015 0.017 0.014 0.013 0.019 0.022 0.011 0.162 0.178 0.022 0.033 0.163 0.013 0.026 0.035 0.009 0.043 0.139
81 L 0.049 0.024 0.015 0.016 0.016 0.017 0.021 0.022 0.01 0.148 0.276 0.026 0.065 0.048 0.015 0.027 0.037 0.007 0.021 0.138
82 L 0.043 0.024 0.014 0.015 0.016 0.016 0.02 0.021 0.01 0.113 0.391 0.025 0.048 0.053 0.014 0.024 0.033 0.007 0.022 0.094
83 L 0.059 0.025 0.021 0.021 0.017 0.018 0.025 0.029 0.011 0.136 0.251 0.029 0.038 0.043 0.017 0.061 0.044 0.006 0.02 0.13
84 L 0.083 0.024 0.018 0.018 0.014 0.016 0.024 0.032 0.019 0.072 0.188 0.027 0.03 0.177 0.015 0.035 0.032 0.013 0.095 0.068
85 L 0.043 0.024 0.015 0.016 0.015 0.017 0.021 0.023 0.012 0.102 0.311 0.025 0.067 0.11 0.014 0.026 0.032 0.009 0.033 0.087
86 S 0.107 0.039 0.053 0.048 0.017 0.032 0.051 0.065 0.019 0.029 0.041 0.053 0.015 0.02 0.029 0.239 0.08 0.005 0.017 0.041
87 F 0.042 0.018 0.016 0.017 0.093 0.011 0.018 0.024 0.012 0.134 0.121 0.02 0.027 0.219 0.013 0.027 0.031 0.011 0.052 0.094
88 L 0.05 0.022 0.015 0.016 0.016 0.015 0.021 0.023 0.01 0.12 0.256 0.024 0.039 0.105 0.014 0.027 0.036 0.008 0.032 0.151
89 F 0.038 0.023 0.019 0.017 0.011 0.016 0.023 0.024 0.03 0.09 0.098 0.025 0.023 0.205 0.013 0.028 0.028 0.02 0.199 0.069
90 P 0.055 0.025 0.023 0.03 0.01 0.02 0.035 0.035 0.013 0.025 0.035 0.04 0.01 0.013 0.506 0.043 0.035 0.003 0.013 0.03
91 L 0.095 0.032 0.025 0.027 0.016 0.055 0.039 0.037 0.014 0.135 0.148 0.041 0.029 0.033 0.02 0.05 0.077 0.006 0.019 0.102
92 L 0.044 0.022 0.014 0.016 0.016 0.015 0.019 0.021 0.009 0.171 0.315 0.024 0.044 0.05 0.014 0.024 0.035 0.007 0.021 0.12
93 H 0.04 0.039 0.042 0.031 0.008 0.032 0.044 0.033 0.262 0.029 0.047 0.04 0.016 0.062 0.017 0.037 0.026 0.014 0.149 0.03
94 G 0.067 0.03 0.088 0.05 0.01 0.028 0.077 0.364 0.018 0.02 0.03 0.043 0.01 0.016 0.02 0.054 0.033 0.005 0.012 0.025
95 T 0.071 0.035 0.042 0.037 0.017 0.027 0.038 0.042 0.013 0.052 0.064 0.044 0.019 0.023 0.027 0.09 0.265 0.006 0.017 0.069
96 G 0.066 0.025 0.04 0.094 0.011 0.022 0.036 0.36 0.014 0.032 0.055 0.035 0.038 0.021 0.019 0.048 0.032 0.005 0.013 0.035
97 D 0.042 0.032 0.063 0.358 0.007 0.035 0.127 0.044 0.019 0.022 0.029 0.049 0.01 0.015 0.022 0.051 0.035 0.004 0.012 0.025
98 F 0.035 0.021 0.018 0.017 0.01 0.014 0.021 0.025 0.026 0.055 0.097 0.023 0.023 0.31 0.012 0.027 0.026 0.02 0.169 0.051
99 S 0.101 0.038 0.051 0.046 0.017 0.031 0.049 0.061 0.018 0.033 0.045 0.051 0.016 0.021 0.029 0.214 0.111 0.005 0.017 0.046
100 Y 0.04 0.027 0.021 0.018 0.009 0.021 0.027 0.024 0.046 0.043 0.067 0.03 0.018 0.128 0.015 0.03 0.027 0.027 0.334 0.046
101 V 0.057 0.02 0.016 0.017 0.016 0.014 0.021 0.024 0.011 0.128 0.122 0.023 0.029 0.157 0.014 0.03 0.04 0.009 0.042 0.209
102 K 0.098 0.07 0.087 0.045 0.012 0.04 0.056 0.051 0.02 0.033 0.046 0.171 0.015 0.018 0.026 0.066 0.08 0.005 0.017 0.043
103 V 0.059 0.021 0.017 0.019 0.016 0.016 0.023 0.025 0.009 0.181 0.124 0.027 0.029 0.034 0.097 0.031 0.043 0.005 0.019 0.206
104 L 0.113 0.028 0.029 0.029 0.018 0.022 0.034 0.045 0.013 0.11 0.137 0.037 0.027 0.032 0.022 0.107 0.055 0.006 0.019 0.117
105 L 0.101 0.03 0.03 0.028 0.017 0.023 0.032 0.041 0.012 0.071 0.172 0.038 0.029 0.033 0.023 0.067 0.151 0.006 0.019 0.077
106 F 0.081 0.02 0.018 0.019 0.013 0.013 0.022 0.033 0.015 0.096 0.111 0.023 0.025 0.279 0.014 0.034 0.031 0.013 0.064 0.076
107 I 0.042 0.02 0.016 0.017 0.014 0.014 0.02 0.022 0.016 0.181 0.177 0.024 0.033 0.119 0.014 0.025 0.034 0.011 0.084 0.118
108 F 0.034 0.02 0.017 0.017 0.01 0.012 0.02 0.025 0.021 0.059 0.104 0.021 0.024 0.356 0.011 0.026 0.025 0.018 0.128 0.052
109 R 0.046 0.318 0.038 0.032 0.008 0.048 0.054 0.034 0.022 0.023 0.045 0.147 0.015 0.017 0.02 0.045 0.035 0.006 0.017 0.031
110 K 0.052 0.19 0.04 0.037 0.008 0.051 0.063 0.039 0.021 0.026 0.043 0.236 0.015 0.016 0.024 0.049 0.037 0.005 0.017 0.031
111 L 0.106 0.026 0.027 0.026 0.016 0.02 0.029 0.122 0.013 0.071 0.126 0.033 0.024 0.091 0.019 0.075 0.044 0.007 0.029 0.094
112 I 0.053 0.02 0.015 0.017 0.017 0.014 0.019 0.022 0.009 0.217 0.189 0.024 0.036 0.042 0.015 0.027 0.041 0.006 0.02 0.197
113 V 0.062 0.024 0.024 0.024 0.017 0.019 0.026 0.029 0.01 0.167 0.118 0.031 0.029 0.034 0.019 0.049 0.117 0.006 0.019 0.176
114 Y 0.039 0.024 0.019 0.018 0.01 0.018 0.024 0.024 0.035 0.087 0.09 0.027 0.022 0.159 0.014 0.028 0.029 0.022 0.241 0.068
115 V 0.056 0.025 0.068 0.028 0.016 0.018 0.026 0.029 0.012 0.151 0.161 0.029 0.031 0.036 0.016 0.035 0.044 0.006 0.02 0.192
116 F 0.124 0.022 0.019 0.021 0.014 0.015 0.026 0.042 0.016 0.055 0.094 0.027 0.022 0.275 0.017 0.044 0.033 0.013 0.063 0.058
117 L 0.043 0.024 0.014 0.015 0.016 0.016 0.02 0.021 0.01 0.113 0.391 0.025 0.048 0.053 0.014 0.024 0.033 0.007 0.022 0.094
118 L 0.095 0.022 0.017 0.018 0.097 0.016 0.022 0.032 0.01 0.127 0.199 0.027 0.033 0.038 0.017 0.038 0.039 0.006 0.019 0.128
119 L 0.059 0.023 0.021 0.021 0.175 0.016 0.023 0.032 0.012 0.067 0.177 0.027 0.028 0.095 0.016 0.065 0.04 0.007 0.029 0.066
120 L 0.09 0.024 0.017 0.019 0.017 0.018 0.023 0.031 0.011 0.157 0.227 0.029 0.061 0.044 0.017 0.036 0.038 0.006 0.021 0.115
121 L 0.053 0.021 0.015 0.016 0.017 0.015 0.02 0.022 0.009 0.187 0.227 0.024 0.038 0.044 0.015 0.027 0.04 0.006 0.021 0.184
122 L 0.094 0.026 0.021 0.031 0.016 0.024 0.072 0.033 0.012 0.152 0.157 0.036 0.03 0.035 0.019 0.04 0.041 0.006 0.019 0.137
123 K 0.056 0.104 0.04 0.04 0.008 0.052 0.069 0.042 0.02 0.027 0.042 0.296 0.015 0.015 0.027 0.052 0.039 0.005 0.017 0.032
124 K 0.057 0.114 0.041 0.036 0.01 0.04 0.053 0.04 0.083 0.028 0.046 0.139 0.016 0.037 0.023 0.076 0.041 0.009 0.076 0.034
125 H 0.04 0.036 0.037 0.028 0.008 0.029 0.04 0.031 0.208 0.032 0.052 0.038 0.017 0.079 0.017 0.036 0.027 0.017 0.195 0.034
126 G 0.06 0.055 0.044 0.108 0.009 0.039 0.098 0.201 0.018 0.022 0.034 0.129 0.012 0.015 0.023 0.052 0.034 0.005 0.014 0.028
127 E 0.055 0.091 0.035 0.057 0.009 0.045 0.172 0.113 0.02 0.066 0.057 0.066 0.016 0.021 0.021 0.047 0.035 0.005 0.016 0.053
128 E 0.05 0.116 0.044 0.117 0.008 0.051 0.151 0.038 0.022 0.024 0.038 0.15 0.013 0.016 0.024 0.051 0.036 0.005 0.016 0.03
129 A 0.131 0.088 0.081 0.037 0.014 0.03 0.041 0.051 0.077 0.073 0.066 0.054 0.019 0.025 0.022 0.057 0.041 0.006 0.024 0.064
130 V 0.065 0.084 0.079 0.035 0.095 0.026 0.035 0.04 0.016 0.073 0.072 0.049 0.02 0.024 0.019 0.076 0.049 0.005 0.017 0.121
131 L 0.055 0.027 0.021 0.021 0.017 0.021 0.025 0.027 0.012 0.135 0.188 0.031 0.083 0.041 0.017 0.04 0.077 0.007 0.021 0.134
132 E 0.05 0.048 0.094 0.134 0.008 0.081 0.196 0.042 0.026 0.022 0.035 0.068 0.013 0.016 0.023 0.056 0.038 0.005 0.016 0.029
133 Y 0.045 0.079 0.022 0.02 0.091 0.023 0.028 0.026 0.029 0.08 0.079 0.042 0.02 0.077 0.016 0.033 0.032 0.016 0.175 0.066
134 F 0.033 0.019 0.016 0.016 0.01 0.01 0.019 0.025 0.016 0.062 0.111 0.019 0.025 0.402 0.01 0.025 0.025 0.016 0.087 0.054
135 L 0.048 0.028 0.019 0.019 0.015 0.024 0.026 0.026 0.019 0.121 0.166 0.032 0.13 0.06 0.015 0.033 0.037 0.011 0.075 0.096
136 Y 0.04 0.027 0.02 0.018 0.01 0.02 0.026 0.024 0.04 0.054 0.121 0.029 0.023 0.115 0.015 0.029 0.028 0.024 0.282 0.054
137 Y 0.04 0.027 0.021 0.018 0.009 0.021 0.027 0.024 0.046 0.043 0.067 0.03 0.018 0.128 0.015 0.03 0.027 0.027 0.334 0.046
138 F 0.035 0.021 0.018 0.017 0.01 0.014 0.021 0.025 0.026 0.055 0.097 0.023 0.023 0.31 0.012 0.027 0.026 0.02 0.169 0.051
139 A 0.264 0.028 0.023 0.027 0.02 0.023 0.036 0.067 0.013 0.083 0.076 0.04 0.02 0.025 0.027 0.073 0.047 0.005 0.018 0.085
140 L 0.043 0.024 0.014 0.015 0.016 0.016 0.02 0.021 0.01 0.113 0.391 0.025 0.048 0.053 0.014 0.024 0.033 0.007 0.022 0.094
141 T 0.111 0.034 0.039 0.035 0.018 0.027 0.039 0.048 0.014 0.05 0.063 0.044 0.019 0.023 0.027 0.089 0.229 0.006 0.017 0.069
142 H 0.046 0.043 0.097 0.044 0.009 0.035 0.049 0.043 0.255 0.027 0.041 0.046 0.015 0.027 0.02 0.054 0.07 0.007 0.043 0.031
143 A 0.191 0.028 0.026 0.028 0.019 0.023 0.035 0.056 0.013 0.101 0.084 0.039 0.022 0.027 0.024 0.091 0.052 0.005 0.018 0.117
144 I 0.133 0.022 0.018 0.021 0.018 0.017 0.025 0.039 0.011 0.207 0.129 0.03 0.03 0.036 0.019 0.044 0.042 0.006 0.019 0.137
145 Y 0.04 0.027 0.021 0.018 0.009 0.021 0.027 0.024 0.046 0.043 0.067 0.03 0.018 0.128 0.015 0.03 0.027 0.027 0.334 0.046
146 V 0.068 0.021 0.016 0.017 0.019 0.016 0.023 0.024 0.008 0.161 0.127 0.025 0.031 0.035 0.016 0.032 0.048 0.005 0.02 0.287
147 I 0.058 0.022 0.02 0.021 0.017 0.016 0.023 0.025 0.009 0.207 0.135 0.027 0.031 0.037 0.017 0.038 0.08 0.006 0.02 0.193
148 G 0.082 0.025 0.041 0.035 0.012 0.021 0.029 0.446 0.014 0.02 0.03 0.036 0.01 0.017 0.02 0.082 0.037 0.005 0.012 0.027
149 T 0.071 0.035 0.042 0.037 0.017 0.027 0.038 0.042 0.013 0.052 0.064 0.044 0.019 0.023 0.027 0.09 0.265 0.006 0.017 0.069
150 L 0.048 0.022 0.014 0.016 0.016 0.015 0.02 0.021 0.009 0.15 0.309 0.025 0.043 0.049 0.014 0.025 0.036 0.006 0.021 0.139
151 L 0.047 0.022 0.014 0.015 0.096 0.015 0.019 0.023 0.01 0.101 0.336 0.024 0.043 0.048 0.014 0.026 0.033 0.006 0.02 0.087
152 L 0.038 0.021 0.015 0.016 0.013 0.013 0.019 0.023 0.013 0.087 0.251 0.022 0.037 0.228 0.012 0.024 0.029 0.012 0.054 0.074
153 V 0.068 0.021 0.016 0.017 0.019 0.016 0.023 0.024 0.008 0.161 0.127 0.025 0.031 0.035 0.016 0.032 0.048 0.005 0.02 0.287
154 F 0.041 0.019 0.016 0.017 0.013 0.012 0.019 0.024 0.014 0.116 0.123 0.02 0.028 0.281 0.012 0.026 0.031 0.013 0.064 0.112
155 I 0.056 0.018 0.015 0.017 0.097 0.014 0.019 0.023 0.008 0.205 0.135 0.023 0.031 0.036 0.015 0.03 0.041 0.005 0.019 0.191
156 P 0.055 0.025 0.023 0.03 0.01 0.02 0.035 0.035 0.013 0.025 0.035 0.04 0.01 0.013 0.506 0.043 0.035 0.003 0.013 0.03
157 G 0.083 0.028 0.04 0.037 0.013 0.023 0.035 0.288 0.015 0.023 0.033 0.041 0.011 0.017 0.103 0.112 0.047 0.005 0.013 0.031
158 L 0.041 0.023 0.014 0.015 0.014 0.016 0.02 0.022 0.011 0.099 0.334 0.024 0.043 0.054 0.013 0.023 0.031 0.09 0.029 0.083
159 K 0.049 0.122 0.091 0.046 0.008 0.076 0.065 0.043 0.082 0.024 0.041 0.149 0.015 0.018 0.022 0.052 0.038 0.006 0.024 0.03
160 T 0.066 0.043 0.048 0.111 0.012 0.069 0.105 0.045 0.02 0.034 0.046 0.058 0.016 0.019 0.025 0.097 0.12 0.005 0.017 0.045
161 L 0.095 0.024 0.018 0.019 0.017 0.018 0.025 0.033 0.012 0.106 0.168 0.029 0.055 0.099 0.017 0.038 0.04 0.008 0.032 0.146
162 W 0.03 0.022 0.015 0.015 0.007 0.015 0.022 0.03 0.015 0.03 0.052 0.022 0.015 0.059 0.007 0.022 0.022 0.505 0.067 0.03
163 F 0.033 0.019 0.016 0.016 0.01 0.01 0.019 0.025 0.016 0.062 0.111 0.019 0.025 0.402 0.01 0.025 0.025 0.016 0.087 0.054
164 S 0.084 0.055 0.047 0.044 0.014 0.068 0.06 0.053 0.02 0.032 0.046 0.098 0.017 0.019 0.027 0.152 0.097 0.005 0.018 0.043
165 I 0.053 0.019 0.015 0.017 0.017 0.014 0.019 0.021 0.008 0.246 0.152 0.024 0.034 0.04 0.015 0.027 0.042 0.006 0.02 0.211
166 F 0.051 0.022 0.022 0.022 0.013 0.015 0.025 0.031 0.015 0.073 0.102 0.025 0.024 0.277 0.014 0.062 0.038 0.013 0.064 0.09
167 E 0.112 0.039 0.046 0.119 0.013 0.041 0.143 0.053 0.02 0.028 0.04 0.057 0.014 0.018 0.027 0.12 0.053 0.005 0.016 0.039
168 E 0.051 0.062 0.085 0.059 0.009 0.046 0.139 0.039 0.022 0.039 0.096 0.136 0.019 0.022 0.023 0.051 0.038 0.005 0.017 0.041
169 G 0.071 0.033 0.086 0.05 0.012 0.03 0.081 0.205 0.018 0.045 0.048 0.045 0.015 0.02 0.021 0.082 0.045 0.005 0.015 0.072
170 V 0.065 0.03 0.078 0.034 0.017 0.023 0.032 0.037 0.014 0.101 0.09 0.036 0.024 0.028 0.02 0.058 0.12 0.005 0.018 0.171
171 S 0.066 0.037 0.086 0.05 0.013 0.033 0.085 0.047 0.021 0.044 0.075 0.048 0.043 0.087 0.021 0.11 0.051 0.007 0.029 0.047
172 N 0.095 0.034 0.13 0.046 0.013 0.026 0.039 0.053 0.026 0.037 0.056 0.042 0.016 0.101 0.02 0.086 0.046 0.01 0.081 0.043
173 T 0.073 0.036 0.043 0.038 0.018 0.028 0.039 0.043 0.014 0.053 0.065 0.045 0.02 0.024 0.028 0.093 0.246 0.006 0.018 0.071
174 D 0.046 0.04 0.109 0.215 0.008 0.044 0.17 0.045 0.024 0.022 0.032 0.058 0.011 0.016 0.023 0.056 0.038 0.004 0.014 0.027
175 K 0.068 0.06 0.034 0.033 0.014 0.036 0.048 0.04 0.017 0.069 0.089 0.14 0.051 0.027 0.023 0.082 0.049 0.006 0.019 0.096
176 L 0.049 0.023 0.014 0.015 0.016 0.016 0.02 0.022 0.01 0.123 0.336 0.025 0.045 0.05 0.014 0.026 0.036 0.007 0.022 0.132
177 S 0.11 0.04 0.054 0.049 0.018 0.033 0.052 0.066 0.019 0.03 0.042 0.054 0.016 0.021 0.03 0.22 0.082 0.005 0.018 0.042
178 A 0.29 0.031 0.026 0.03 0.022 0.026 0.04 0.078 0.015 0.043 0.059 0.045 0.018 0.022 0.03 0.085 0.05 0.005 0.018 0.069
179 L 0.058 0.025 0.025 0.024 0.014 0.018 0.026 0.112 0.013 0.075 0.225 0.03 0.032 0.1 0.017 0.064 0.039 0.008 0.03 0.067
180 G 0.052 0.04 0.089 0.112 0.01 0.066 0.099 0.121 0.021 0.037 0.093 0.053 0.018 0.022 0.02 0.05 0.037 0.005 0.016 0.039
181 A 0.154 0.039 0.088 0.054 0.015 0.035 0.091 0.063 0.02 0.031 0.044 0.053 0.015 0.019 0.027 0.128 0.057 0.005 0.017 0.045
182 F 0.092 0.025 0.025 0.024 0.013 0.018 0.029 0.04 0.021 0.05 0.083 0.03 0.021 0.229 0.017 0.071 0.038 0.015 0.105 0.052
183 G 0.071 0.079 0.038 0.032 0.01 0.023 0.029 0.44 0.015 0.019 0.031 0.047 0.01 0.016 0.019 0.049 0.03 0.005 0.012 0.025
184 Y 0.04 0.03 0.026 0.021 0.009 0.024 0.031 0.026 0.1 0.039 0.062 0.033 0.018 0.111 0.016 0.032 0.027 0.024 0.288 0.042
185 T 0.063 0.032 0.034 0.03 0.017 0.025 0.033 0.036 0.013 0.07 0.139 0.04 0.051 0.032 0.023 0.07 0.189 0.006 0.019 0.077
186 F 0.036 0.021 0.017 0.017 0.011 0.013 0.02 0.025 0.016 0.068 0.125 0.021 0.051 0.343 0.011 0.027 0.027 0.015 0.076 0.06
187 R 0.044 0.361 0.038 0.03 0.008 0.047 0.051 0.032 0.023 0.023 0.045 0.117 0.015 0.017 0.019 0.044 0.034 0.006 0.017 0.03
188 I 0.054 0.021 0.019 0.021 0.017 0.016 0.022 0.024 0.009 0.228 0.141 0.027 0.032 0.038 0.017 0.037 0.078 0.006 0.02 0.174
189 G 0.076 0.022 0.038 0.033 0.011 0.018 0.025 0.522 0.013 0.018 0.028 0.033 0.009 0.016 0.018 0.05 0.029 0.005 0.011 0.024
190 W 0.03 0.022 0.015 0.015 0.007 0.015 0.022 0.03 0.015 0.03 0.052 0.022 0.015 0.059 0.007 0.022 0.022 0.505 0.067 0.03
191 Q 0.093 0.105 0.034 0.035 0.012 0.132 0.069 0.042 0.022 0.043 0.105 0.075 0.023 0.022 0.022 0.052 0.039 0.006 0.019 0.049
192 G 0.076 0.022 0.038 0.033 0.011 0.018 0.025 0.522 0.013 0.018 0.028 0.033 0.009 0.016 0.018 0.05 0.029 0.005 0.011 0.024
193 F 0.033 0.019 0.016 0.016 0.01 0.01 0.019 0.025 0.016 0.062 0.111 0.019 0.025 0.402 0.01 0.025 0.025 0.016 0.087 0.054
194 S 0.174 0.036 0.044 0.041 0.018 0.03 0.047 0.069 0.017 0.033 0.047 0.05 0.016 0.021 0.029 0.187 0.07 0.005 0.017 0.05
195 G 0.076 0.022 0.038 0.033 0.011 0.018 0.025 0.522 0.013 0.018 0.028 0.033 0.009 0.016 0.018 0.05 0.029 0.005 0.011 0.024
196 F 0.035 0.021 0.018 0.017 0.01 0.014 0.021 0.025 0.026 0.055 0.097 0.023 0.023 0.31 0.012 0.027 0.026 0.02 0.169 0.051
197 R 0.043 0.308 0.04 0.031 0.008 0.046 0.051 0.033 0.081 0.023 0.044 0.105 0.015 0.019 0.019 0.043 0.033 0.006 0.023 0.029
198 L 0.05 0.032 0.073 0.039 0.014 0.028 0.075 0.032 0.017 0.088 0.195 0.039 0.055 0.037 0.017 0.039 0.039 0.006 0.02 0.104
199 T 0.071 0.035 0.042 0.037 0.017 0.027 0.038 0.042 0.013 0.052 0.064 0.044 0.019 0.023 0.027 0.09 0.265 0.006 0.017 0.069
200 L 0.044 0.023 0.014 0.015 0.016 0.015 0.019 0.021 0.01 0.142 0.353 0.024 0.046 0.052 0.014 0.024 0.034 0.007 0.021 0.107
201 H 0.061 0.032 0.039 0.032 0.091 0.026 0.037 0.12 0.138 0.03 0.046 0.038 0.015 0.041 0.019 0.074 0.037 0.009 0.081 0.035
202 C 0.063 0.016 0.016 0.016 0.496 0.012 0.016 0.032 0.008 0.044 0.063 0.02 0.016 0.02 0.016 0.04 0.036 0.004 0.012 0.056
203 T 0.071 0.035 0.042 0.037 0.017 0.027 0.038 0.042 0.013 0.052 0.064 0.044 0.019 0.023 0.027 0.09 0.265 0.006 0.017 0.069
204 L 0.04 0.021 0.015 0.016 0.014 0.014 0.019 0.022 0.012 0.125 0.26 0.022 0.038 0.168 0.013 0.024 0.031 0.01 0.043 0.094
205 S 0.107 0.039 0.053 0.048 0.017 0.032 0.051 0.065 0.019 0.029 0.041 0.053 0.015 0.02 0.029 0.239 0.08 0.005 0.017 0.041
206 C 0.106 0.02 0.017 0.019 0.258 0.015 0.022 0.037 0.009 0.082 0.084 0.026 0.021 0.025 0.018 0.044 0.042 0.005 0.015 0.135
207 I 0.05 0.021 0.015 0.017 0.016 0.016 0.02 0.022 0.01 0.206 0.2 0.026 0.061 0.044 0.015 0.027 0.039 0.006 0.021 0.165
208 F 0.036 0.021 0.017 0.017 0.011 0.013 0.02 0.025 0.016 0.068 0.125 0.021 0.051 0.343 0.011 0.027 0.027 0.015 0.076 0.06
209 L 0.088 0.024 0.016 0.018 0.017 0.017 0.023 0.03 0.01 0.13 0.297 0.028 0.041 0.046 0.016 0.034 0.036 0.006 0.021 0.102
210 L 0.048 0.024 0.015 0.016 0.096 0.017 0.02 0.024 0.011 0.099 0.303 0.026 0.065 0.047 0.015 0.028 0.034 0.007 0.02 0.087
211 Y 0.038 0.026 0.02 0.018 0.009 0.019 0.026 0.024 0.041 0.046 0.074 0.028 0.019 0.173 0.014 0.029 0.027 0.026 0.293 0.047
212 L 0.046 0.026 0.016 0.016 0.016 0.02 0.022 0.023 0.012 0.108 0.324 0.028 0.093 0.051 0.014 0.028 0.035 0.007 0.022 0.093
213 F 0.041 0.148 0.028 0.025 0.009 0.031 0.039 0.03 0.024 0.04 0.07 0.1 0.019 0.163 0.017 0.037 0.031 0.013 0.093 0.041
214 Y 0.039 0.025 0.019 0.017 0.01 0.019 0.025 0.024 0.035 0.057 0.128 0.027 0.024 0.161 0.014 0.028 0.028 0.022 0.241 0.055
215 G 0.082 0.041 0.04 0.037 0.014 0.028 0.041 0.207 0.015 0.047 0.051 0.082 0.016 0.02 0.023 0.11 0.051 0.005 0.015 0.075
216 G 0.061 0.189 0.038 0.032 0.009 0.033 0.038 0.275 0.018 0.021 0.037 0.076 0.012 0.017 0.019 0.047 0.032 0.006 0.014 0.027
217 D 0.093 0.045 0.088 0.103 0.012 0.031 0.052 0.049 0.024 0.035 0.048 0.085 0.015 0.037 0.023 0.062 0.077 0.009 0.069 0.044
218 R 0.068 0.159 0.044 0.047 0.011 0.046 0.098 0.045 0.021 0.025 0.042 0.118 0.015 0.018 0.025 0.112 0.05 0.005 0.017 0.034
219 K 0.062 0.07 0.088 0.047 0.01 0.04 0.057 0.048 0.02 0.026 0.039 0.172 0.014 0.016 0.106 0.084 0.047 0.005 0.016 0.032
220 F 0.088 0.024 0.019 0.022 0.014 0.018 0.026 0.035 0.014 0.096 0.112 0.03 0.049 0.155 0.098 0.039 0.035 0.009 0.041 0.078
221 R 0.091 0.157 0.04 0.036 0.01 0.104 0.066 0.043 0.081 0.027 0.046 0.083 0.017 0.019 0.022 0.053 0.037 0.006 0.025 0.036
222 I 0.046 0.018 0.014 0.017 0.016 0.013 0.018 0.02 0.009 0.259 0.202 0.023 0.038 0.045 0.014 0.024 0.038 0.006 0.02 0.159
223 S 0.07 0.048 0.098 0.111 0.013 0.034 0.058 0.054 0.02 0.03 0.041 0.09 0.014 0.019 0.026 0.123 0.091 0.005 0.016 0.039
224 K 0.093 0.072 0.136 0.052 0.011 0.041 0.057 0.055 0.023 0.028 0.041 0.173 0.014 0.017 0.025 0.063 0.044 0.005 0.016 0.036
225 K 0.095 0.077 0.04 0.039 0.01 0.075 0.067 0.047 0.079 0.029 0.045 0.177 0.016 0.018 0.025 0.056 0.039 0.006 0.024 0.037
226 V 0.049 0.035 0.025 0.034 0.011 0.06 0.084 0.029 0.022 0.095 0.082 0.044 0.022 0.049 0.017 0.036 0.035 0.092 0.08 0.1
227 F 0.035 0.019 0.016 0.016 0.011 0.011 0.019 0.024 0.015 0.07 0.158 0.02 0.029 0.344 0.011 0.025 0.026 0.015 0.076 0.06
228 L 0.09 0.022 0.017 0.018 0.016 0.016 0.023 0.031 0.011 0.13 0.207 0.027 0.034 0.101 0.016 0.035 0.038 0.008 0.031 0.128
229 P 0.091 0.022 0.019 0.023 0.014 0.017 0.027 0.035 0.012 0.122 0.095 0.031 0.022 0.089 0.18 0.04 0.037 0.006 0.028 0.088
230 A 0.15 0.026 0.025 0.026 0.098 0.021 0.031 0.049 0.012 0.101 0.085 0.035 0.022 0.027 0.022 0.083 0.05 0.005 0.017 0.115
231 F 0.042 0.023 0.019 0.018 0.011 0.017 0.024 0.024 0.03 0.069 0.092 0.026 0.023 0.204 0.014 0.029 0.03 0.02 0.199 0.088
232 L 0.093 0.024 0.021 0.022 0.017 0.018 0.025 0.033 0.011 0.149 0.205 0.031 0.034 0.04 0.019 0.045 0.076 0.006 0.02 0.111
233 L 0.047 0.024 0.019 0.019 0.015 0.016 0.022 0.025 0.011 0.123 0.252 0.027 0.038 0.105 0.016 0.035 0.071 0.008 0.032 0.096
234 C 0.067 0.024 0.075 0.032 0.335 0.019 0.027 0.043 0.014 0.038 0.054 0.031 0.015 0.02 0.019 0.078 0.045 0.004 0.013 0.048
235 F 0.041 0.019 0.016 0.017 0.013 0.012 0.019 0.024 0.014 0.116 0.123 0.02 0.028 0.281 0.012 0.026 0.031 0.013 0.064 0.112
236 L 0.09 0.027 0.018 0.019 0.017 0.021 0.026 0.032 0.013 0.096 0.269 0.031 0.087 0.046 0.017 0.037 0.037 0.007 0.022 0.088
237 G 0.076 0.022 0.038 0.033 0.011 0.018 0.025 0.522 0.013 0.018 0.028 0.033 0.009 0.016 0.018 0.05 0.029 0.005 0.011 0.024
238 N 0.042 0.044 0.334 0.081 0.009 0.033 0.048 0.064 0.031 0.022 0.031 0.053 0.011 0.018 0.02 0.068 0.048 0.004 0.015 0.026
239 L 0.05 0.03 0.019 0.019 0.016 0.025 0.026 0.026 0.015 0.1 0.225 0.033 0.159 0.048 0.015 0.033 0.038 0.008 0.023 0.091
240 F 0.033 0.019 0.016 0.016 0.01 0.01 0.019 0.025 0.016 0.062 0.111 0.019 0.025 0.402 0.01 0.025 0.025 0.016 0.087 0.054
241 Y 0.04 0.027 0.021 0.018 0.009 0.021 0.027 0.024 0.046 0.043 0.067 0.03 0.018 0.128 0.015 0.03 0.027 0.027 0.334 0.046
242 G 0.076 0.022 0.038 0.033 0.011 0.018 0.025 0.522 0.013 0.018 0.028 0.033 0.009 0.016 0.018 0.05 0.029 0.005 0.011 0.024
243 R 0.044 0.361 0.038 0.03 0.008 0.047 0.051 0.032 0.023 0.023 0.045 0.117 0.015 0.017 0.019 0.044 0.034 0.006 0.017 0.03
244 S 0.091 0.033 0.04 0.038 0.017 0.026 0.041 0.05 0.015 0.094 0.076 0.043 0.021 0.027 0.024 0.169 0.068 0.005 0.018 0.104
245 G 0.076 0.022 0.038 0.033 0.011 0.018 0.025 0.522 0.013 0.018 0.028 0.033 0.009 0.016 0.018 0.05 0.029 0.005 0.011 0.024
246 L 0.044 0.023 0.014 0.015 0.016 0.015 0.019 0.021 0.01 0.142 0.353 0.024 0.046 0.052 0.014 0.024 0.034 0.007 0.021 0.107
247 V 0.104 0.023 0.017 0.019 0.019 0.018 0.025 0.032 0.009 0.133 0.16 0.028 0.031 0.036 0.018 0.039 0.046 0.006 0.02 0.218
248 V 0.14 0.024 0.018 0.021 0.019 0.018 0.027 0.04 0.011 0.134 0.154 0.031 0.03 0.035 0.02 0.046 0.044 0.006 0.019 0.162
249 T 0.083 0.036 0.046 0.04 0.017 0.029 0.043 0.05 0.015 0.044 0.056 0.047 0.018 0.022 0.028 0.14 0.203 0.006 0.017 0.06
250 L 0.056 0.021 0.015 0.017 0.017 0.015 0.021 0.022 0.009 0.166 0.221 0.025 0.038 0.042 0.015 0.028 0.041 0.006 0.021 0.203
251 I 0.054 0.02 0.019 0.019 0.015 0.015 0.02 0.105 0.009 0.193 0.173 0.025 0.033 0.039 0.015 0.03 0.038 0.006 0.019 0.154
252 A 0.145 0.029 0.027 0.027 0.019 0.023 0.033 0.047 0.012 0.077 0.127 0.038 0.025 0.029 0.024 0.067 0.118 0.006 0.018 0.109
253 T 0.081 0.031 0.037 0.034 0.097 0.024 0.036 0.045 0.013 0.061 0.067 0.04 0.019 0.024 0.024 0.122 0.129 0.005 0.017 0.094
254 I 0.058 0.022 0.021 0.022 0.016 0.016 0.024 0.029 0.011 0.186 0.128 0.028 0.03 0.098 0.016 0.061 0.045 0.007 0.031 0.15
255 V 0.097 0.022 0.017 0.019 0.018 0.016 0.023 0.031 0.01 0.176 0.172 0.028 0.033 0.038 0.017 0.037 0.043 0.006 0.02 0.18
256 A 0.193 0.033 0.034 0.043 0.016 0.031 0.085 0.142 0.017 0.033 0.046 0.048 0.015 0.019 0.027 0.099 0.048 0.005 0.016 0.049
257 L 0.051 0.022 0.021 0.022 0.014 0.016 0.024 0.029 0.013 0.14 0.164 0.027 0.031 0.161 0.015 0.06 0.04 0.009 0.042 0.098
258 L 0.051 0.02 0.015 0.017 0.016 0.014 0.02 0.022 0.01 0.179 0.181 0.023 0.034 0.102 0.014 0.027 0.039 0.008 0.031 0.178
259 V 0.093 0.027 0.025 0.023 0.014 0.021 0.03 0.035 0.077 0.082 0.088 0.031 0.023 0.108 0.018 0.041 0.037 0.011 0.089 0.127
260 W 0.031 0.023 0.016 0.015 0.008 0.016 0.023 0.029 0.02 0.032 0.054 0.024 0.015 0.071 0.009 0.024 0.023 0.425 0.111 0.032
261 N 0.048 0.093 0.235 0.065 0.009 0.033 0.045 0.135 0.026 0.021 0.033 0.06 0.011 0.017 0.019 0.061 0.043 0.005 0.015 0.027
262 R 0.058 0.222 0.041 0.037 0.009 0.046 0.057 0.041 0.021 0.025 0.044 0.166 0.015 0.017 0.023 0.079 0.043 0.005 0.017 0.033
263 G 0.05 0.097 0.081 0.037 0.01 0.031 0.04 0.119 0.02 0.042 0.075 0.092 0.043 0.086 0.018 0.046 0.036 0.007 0.028 0.043
264 N 0.044 0.099 0.191 0.122 0.008 0.068 0.064 0.051 0.027 0.023 0.035 0.068 0.013 0.016 0.02 0.059 0.042 0.005 0.016 0.028
265 L 0.043 0.02 0.015 0.016 0.015 0.013 0.018 0.021 0.01 0.192 0.231 0.023 0.038 0.106 0.014 0.024 0.034 0.008 0.032 0.126
266 K 0.095 0.123 0.034 0.033 0.012 0.043 0.054 0.044 0.019 0.041 0.07 0.181 0.043 0.022 0.024 0.053 0.04 0.006 0.018 0.047
267 K 0.048 0.108 0.033 0.031 0.011 0.036 0.046 0.032 0.075 0.113 0.082 0.133 0.022 0.027 0.02 0.04 0.036 0.006 0.024 0.077
268 L 0.043 0.02 0.015 0.016 0.015 0.013 0.018 0.021 0.01 0.192 0.231 0.023 0.038 0.106 0.014 0.024 0.034 0.008 0.032 0.126
269 V 0.059 0.02 0.016 0.017 0.017 0.015 0.021 0.024 0.01 0.165 0.131 0.024 0.031 0.097 0.015 0.03 0.043 0.007 0.031 0.229
270 R 0.05 0.162 0.032 0.029 0.01 0.038 0.047 0.033 0.018 0.054 0.069 0.145 0.019 0.083 0.02 0.041 0.036 0.007 0.029 0.077
271 F 0.127 0.022 0.019 0.021 0.015 0.016 0.025 0.041 0.014 0.093 0.102 0.028 0.024 0.215 0.017 0.044 0.035 0.011 0.052 0.078
272 T 0.112 0.03 0.032 0.031 0.018 0.023 0.035 0.045 0.013 0.104 0.086 0.039 0.023 0.028 0.024 0.093 0.124 0.005 0.018 0.118
273 L 0.089 0.022 0.017 0.019 0.015 0.015 0.023 0.032 0.012 0.121 0.16 0.026 0.03 0.159 0.016 0.035 0.036 0.009 0.042 0.121
274 A 0.149 0.029 0.03 0.029 0.018 0.023 0.035 0.051 0.014 0.065 0.076 0.038 0.021 0.087 0.023 0.092 0.086 0.007 0.029 0.097
275 L 0.106 0.026 0.027 0.026 0.016 0.02 0.029 0.122 0.013 0.071 0.126 0.033 0.024 0.091 0.019 0.075 0.044 0.007 0.029 0.094
276 V 0.099 0.024 0.018 0.019 0.017 0.018 0.026 0.032 0.016 0.113 0.149 0.029 0.029 0.051 0.018 0.039 0.042 0.009 0.072 0.178
277 I 0.048 0.019 0.019 0.019 0.014 0.014 0.019 0.105 0.011 0.177 0.17 0.024 0.032 0.1 0.014 0.029 0.034 0.008 0.03 0.115
278 L 0.039 0.022 0.015 0.016 0.013 0.013 0.02 0.023 0.013 0.089 0.246 0.022 0.037 0.222 0.012 0.025 0.029 0.012 0.055 0.075
279 F 0.039 0.022 0.016 0.016 0.013 0.015 0.02 0.024 0.014 0.085 0.218 0.023 0.059 0.227 0.012 0.026 0.03 0.012 0.054 0.073
280 I 0.091 0.02 0.017 0.019 0.016 0.015 0.022 0.031 0.011 0.188 0.131 0.026 0.03 0.098 0.016 0.035 0.04 0.007 0.031 0.154
281 L 0.049 0.024 0.015 0.016 0.016 0.017 0.021 0.022 0.01 0.148 0.276 0.026 0.065 0.048 0.015 0.027 0.037 0.007 0.021 0.138
282 G 0.103 0.021 0.024 0.024 0.095 0.017 0.023 0.199 0.011 0.117 0.084 0.029 0.021 0.026 0.018 0.045 0.037 0.005 0.015 0.086
283 I 0.053 0.019 0.019 0.02 0.015 0.014 0.02 0.105 0.011 0.185 0.126 0.024 0.029 0.097 0.015 0.03 0.036 0.007 0.03 0.147
284 Y 0.101 0.027 0.029 0.027 0.013 0.021 0.031 0.123 0.026 0.039 0.062 0.035 0.017 0.119 0.02 0.076 0.04 0.014 0.133 0.046
285 I 0.06 0.023 0.022 0.023 0.096 0.018 0.024 0.031 0.011 0.173 0.131 0.029 0.053 0.036 0.017 0.065 0.045 0.006 0.019 0.117
286 L 0.047 0.035 0.019 0.02 0.094 0.02 0.027 0.027 0.012 0.078 0.232 0.068 0.033 0.099 0.016 0.031 0.033 0.008 0.03 0.07
287 R 0.058 0.216 0.042 0.037 0.009 0.077 0.062 0.041 0.023 0.025 0.044 0.132 0.016 0.017 0.023 0.079 0.044 0.005 0.017 0.033
288 D 0.045 0.029 0.048 0.218 0.01 0.026 0.06 0.038 0.027 0.034 0.047 0.039 0.014 0.054 0.02 0.051 0.071 0.012 0.12 0.039
289 V 0.1 0.023 0.017 0.019 0.018 0.017 0.024 0.032 0.009 0.154 0.166 0.028 0.032 0.037 0.018 0.038 0.044 0.006 0.02 0.199
290 P 0.055 0.025 0.023 0.03 0.01 0.02 0.035 0.035 0.013 0.025 0.035 0.04 0.01 0.013 0.506 0.043 0.035 0.003 0.013 0.03
291 L 0.05 0.025 0.019 0.028 0.015 0.023 0.068 0.023 0.012 0.164 0.212 0.032 0.035 0.041 0.016 0.03 0.038 0.006 0.02 0.142
292 L 0.049 0.024 0.017 0.018 0.015 0.018 0.022 0.024 0.012 0.137 0.196 0.027 0.084 0.105 0.014 0.029 0.037 0.008 0.033 0.131
293 S 0.09 0.05 0.05 0.047 0.014 0.1 0.068 0.057 0.022 0.028 0.043 0.065 0.017 0.018 0.027 0.177 0.067 0.005 0.018 0.039
294 D 0.045 0.038 0.102 0.249 0.008 0.041 0.157 0.045 0.023 0.022 0.031 0.055 0.011 0.016 0.023 0.055 0.037 0.004 0.013 0.026
295 W 0.03 0.022 0.015 0.015 0.007 0.015 0.022 0.03 0.015 0.03 0.052 0.022 0.015 0.059 0.007 0.022 0.022 0.505 0.067 0.03
296 Y 0.04 0.027 0.021 0.018 0.009 0.021 0.027 0.024 0.046 0.043 0.067 0.03 0.018 0.128 0.015 0.03 0.027 0.027 0.334 0.046
297 E 0.049 0.035 0.036 0.118 0.01 0.041 0.177 0.031 0.018 0.111 0.077 0.052 0.02 0.025 0.021 0.044 0.037 0.005 0.017 0.077
298 W 0.03 0.022 0.015 0.015 0.007 0.015 0.022 0.03 0.015 0.03 0.052 0.022 0.015 0.059 0.007 0.022 0.022 0.505 0.067 0.03
299 L 0.094 0.031 0.021 0.021 0.017 0.027 0.029 0.036 0.015 0.089 0.17 0.037 0.154 0.043 0.018 0.043 0.041 0.007 0.022 0.086
300 S 0.097 0.037 0.046 0.042 0.017 0.03 0.046 0.057 0.017 0.043 0.099 0.048 0.021 0.026 0.026 0.203 0.072 0.005 0.018 0.05
301 K 0.071 0.12 0.045 0.042 0.011 0.075 0.065 0.048 0.022 0.027 0.043 0.151 0.016 0.017 0.026 0.113 0.052 0.005 0.017 0.035
302 P 0.055 0.025 0.023 0.03 0.01 0.02 0.035 0.035 0.013 0.025 0.035 0.04 0.01 0.013 0.506 0.043 0.035 0.003 0.013 0.03
303 F 0.037 0.018 0.016 0.017 0.012 0.011 0.018 0.023 0.014 0.137 0.129 0.02 0.028 0.282 0.012 0.025 0.029 0.013 0.064 0.093
304 L 0.055 0.029 0.028 0.035 0.015 0.026 0.074 0.03 0.013 0.136 0.147 0.039 0.029 0.034 0.02 0.051 0.113 0.006 0.019 0.101
305 N 0.042 0.044 0.334 0.081 0.009 0.033 0.048 0.064 0.031 0.022 0.031 0.053 0.011 0.018 0.02 0.068 0.048 0.004 0.015 0.026
306 L 0.04 0.022 0.015 0.015 0.014 0.014 0.019 0.022 0.012 0.096 0.298 0.023 0.041 0.17 0.013 0.024 0.03 0.01 0.043 0.08
307 L 0.047 0.02 0.015 0.016 0.015 0.014 0.019 0.022 0.01 0.171 0.225 0.023 0.037 0.105 0.014 0.026 0.036 0.008 0.032 0.145
308 T 0.063 0.06 0.041 0.046 0.013 0.041 0.095 0.041 0.018 0.039 0.052 0.133 0.017 0.019 0.027 0.072 0.151 0.005 0.017 0.05
309 T 0.077 0.035 0.044 0.038 0.017 0.028 0.041 0.046 0.014 0.048 0.06 0.046 0.019 0.023 0.027 0.115 0.234 0.006 0.017 0.065
310 G 0.076 0.022 0.038 0.033 0.011 0.018 0.025 0.522 0.013 0.018 0.028 0.033 0.009 0.016 0.018 0.05 0.029 0.005 0.011 0.024
311 D 0.063 0.038 0.104 0.173 0.011 0.032 0.063 0.054 0.079 0.024 0.034 0.048 0.012 0.02 0.023 0.115 0.051 0.005 0.021 0.03
312 F 0.042 0.021 0.017 0.017 0.013 0.014 0.021 0.025 0.015 0.084 0.127 0.022 0.052 0.282 0.012 0.028 0.031 0.013 0.065 0.099
313 G 0.058 0.046 0.138 0.053 0.009 0.095 0.058 0.209 0.024 0.022 0.035 0.058 0.013 0.016 0.02 0.058 0.039 0.005 0.015 0.028
314 N 0.041 0.041 0.289 0.136 0.009 0.032 0.055 0.061 0.029 0.022 0.03 0.051 0.011 0.017 0.02 0.065 0.046 0.004 0.015 0.026
315 A 0.154 0.045 0.036 0.035 0.016 0.031 0.046 0.058 0.022 0.035 0.051 0.086 0.016 0.038 0.026 0.121 0.054 0.009 0.07 0.049
316 S 0.107 0.039 0.053 0.048 0.017 0.032 0.051 0.065 0.019 0.029 0.041 0.053 0.015 0.02 0.029 0.239 0.08 0.005 0.017 0.041
317 F 0.047 0.023 0.02 0.02 0.014 0.015 0.023 0.027 0.013 0.085 0.153 0.025 0.029 0.219 0.015 0.037 0.07 0.011 0.053 0.102
318 D 0.054 0.036 0.105 0.242 0.009 0.036 0.113 0.05 0.022 0.023 0.032 0.052 0.011 0.016 0.023 0.086 0.045 0.004 0.014 0.028
319 R 0.057 0.157 0.087 0.042 0.011 0.04 0.05 0.044 0.022 0.037 0.066 0.112 0.042 0.022 0.022 0.08 0.046 0.006 0.018 0.042
320 L 0.048 0.026 0.019 0.018 0.016 0.018 0.023 0.024 0.01 0.102 0.336 0.028 0.044 0.048 0.016 0.035 0.071 0.007 0.021 0.09
