#Seq2Logo.py -f /work3/idamei/ssn-clusterings/2206011120/clusters/0017_185/sequences.afa -m 0.0001 -b 50 -o /work3/idamei/ssn-clusterings/2206011120/clusters/0017_185/sequences.logo
#Position Specific Frequency Matrix
A R N D C Q E G H I L K M F P S T W Y V
0 M 0.045 0.028 0.017 0.017 0.014 0.024 0.024 0.024 0.014 0.087 0.171 0.031 0.27 0.042 0.014 0.031 0.035 0.007 0.021 0.08
1 I 0.055 0.034 0.026 0.026 0.013 0.022 0.031 0.031 0.012 0.178 0.098 0.078 0.024 0.067 0.018 0.078 0.084 0.006 0.023 0.096
2 I 0.045 0.147 0.023 0.022 0.013 0.026 0.03 0.024 0.014 0.191 0.119 0.058 0.028 0.033 0.016 0.031 0.037 0.006 0.019 0.119
3 R 0.039 0.234 0.03 0.025 0.009 0.033 0.039 0.029 0.02 0.037 0.07 0.08 0.019 0.162 0.016 0.036 0.03 0.01 0.043 0.039
4 V 0.063 0.04 0.026 0.028 0.015 0.099 0.052 0.03 0.016 0.11 0.096 0.049 0.027 0.027 0.019 0.04 0.045 0.005 0.02 0.194
5 H 0.041 0.044 0.159 0.053 0.008 0.035 0.05 0.047 0.245 0.022 0.035 0.047 0.013 0.025 0.019 0.051 0.034 0.006 0.04 0.024
6 W 0.047 0.022 0.023 0.021 0.009 0.016 0.023 0.215 0.014 0.025 0.042 0.026 0.013 0.043 0.011 0.032 0.025 0.319 0.045 0.027
7 P 0.061 0.029 0.03 0.032 0.013 0.023 0.036 0.038 0.013 0.035 0.046 0.042 0.013 0.016 0.328 0.06 0.123 0.004 0.014 0.045
8 V 0.057 0.119 0.021 0.02 0.015 0.024 0.03 0.025 0.012 0.114 0.141 0.05 0.028 0.032 0.016 0.034 0.041 0.006 0.019 0.195
9 K 0.047 0.144 0.036 0.032 0.008 0.04 0.051 0.035 0.087 0.024 0.04 0.208 0.014 0.027 0.02 0.059 0.033 0.007 0.061 0.029
10 I 0.042 0.017 0.013 0.015 0.014 0.012 0.016 0.019 0.008 0.271 0.205 0.021 0.033 0.062 0.013 0.022 0.034 0.006 0.021 0.155
11 S 0.061 0.087 0.121 0.045 0.011 0.077 0.052 0.047 0.02 0.025 0.038 0.091 0.014 0.016 0.022 0.139 0.08 0.005 0.015 0.034
12 K 0.049 0.092 0.032 0.032 0.009 0.039 0.051 0.034 0.016 0.072 0.059 0.265 0.027 0.019 0.022 0.046 0.067 0.005 0.016 0.05
13 R 0.055 0.184 0.057 0.037 0.009 0.069 0.055 0.04 0.02 0.023 0.038 0.171 0.014 0.015 0.021 0.102 0.041 0.005 0.015 0.03
14 G 0.054 0.075 0.07 0.032 0.01 0.025 0.034 0.154 0.017 0.033 0.045 0.075 0.014 0.049 0.017 0.073 0.067 0.064 0.042 0.049
15 I 0.15 0.021 0.016 0.018 0.016 0.016 0.023 0.035 0.01 0.168 0.157 0.027 0.027 0.059 0.017 0.039 0.037 0.006 0.021 0.14
16 I 0.043 0.028 0.018 0.024 0.012 0.02 0.06 0.023 0.011 0.219 0.128 0.062 0.026 0.035 0.014 0.028 0.033 0.063 0.022 0.132
17 L 0.115 0.022 0.015 0.016 0.124 0.017 0.021 0.031 0.01 0.071 0.243 0.026 0.08 0.034 0.015 0.036 0.033 0.005 0.017 0.07
18 F 0.029 0.016 0.014 0.014 0.009 0.009 0.016 0.022 0.014 0.054 0.097 0.016 0.022 0.48 0.009 0.022 0.022 0.014 0.075 0.047
19 L 0.039 0.017 0.013 0.014 0.068 0.012 0.016 0.019 0.009 0.201 0.26 0.02 0.033 0.083 0.012 0.022 0.03 0.006 0.023 0.102
20 L 0.146 0.022 0.015 0.017 0.015 0.016 0.022 0.033 0.01 0.079 0.345 0.026 0.034 0.038 0.016 0.036 0.032 0.006 0.018 0.075
21 L 0.041 0.022 0.015 0.015 0.014 0.016 0.019 0.02 0.009 0.091 0.399 0.024 0.064 0.043 0.013 0.027 0.062 0.006 0.019 0.079
22 L 0.04 0.02 0.013 0.015 0.014 0.015 0.018 0.019 0.009 0.209 0.279 0.023 0.087 0.042 0.013 0.023 0.032 0.006 0.019 0.108
23 P 0.049 0.021 0.02 0.023 0.065 0.017 0.027 0.029 0.013 0.08 0.054 0.031 0.014 0.026 0.321 0.051 0.049 0.005 0.053 0.05
24 F 0.041 0.019 0.015 0.015 0.012 0.013 0.019 0.021 0.014 0.114 0.109 0.021 0.05 0.22 0.012 0.025 0.03 0.011 0.081 0.16
25 F 0.031 0.016 0.014 0.014 0.064 0.009 0.016 0.022 0.014 0.052 0.093 0.016 0.021 0.434 0.009 0.023 0.022 0.013 0.069 0.047
26 Q 0.049 0.045 0.028 0.035 0.065 0.122 0.103 0.031 0.018 0.044 0.108 0.084 0.072 0.023 0.018 0.054 0.035 0.005 0.017 0.046
27 P 0.048 0.022 0.02 0.026 0.009 0.018 0.031 0.031 0.011 0.022 0.031 0.035 0.009 0.011 0.571 0.037 0.031 0.002 0.011 0.026
28 I 0.052 0.029 0.027 0.03 0.013 0.053 0.069 0.029 0.013 0.161 0.121 0.037 0.023 0.027 0.018 0.072 0.119 0.005 0.016 0.085
29 Y 0.084 0.024 0.023 0.022 0.066 0.019 0.027 0.033 0.026 0.036 0.056 0.029 0.016 0.111 0.016 0.094 0.035 0.015 0.224 0.042
30 L 0.041 0.019 0.013 0.014 0.013 0.013 0.018 0.02 0.01 0.153 0.228 0.021 0.057 0.128 0.012 0.023 0.031 0.007 0.03 0.148
31 D 0.053 0.042 0.046 0.221 0.009 0.032 0.095 0.041 0.017 0.025 0.052 0.112 0.012 0.016 0.021 0.117 0.041 0.004 0.013 0.029
32 Y 0.049 0.023 0.023 0.021 0.012 0.018 0.025 0.027 0.021 0.107 0.08 0.028 0.02 0.105 0.016 0.068 0.088 0.012 0.156 0.099
33 L 0.036 0.017 0.013 0.014 0.012 0.011 0.016 0.019 0.01 0.198 0.227 0.019 0.032 0.173 0.011 0.021 0.028 0.008 0.035 0.098
34 P 0.055 0.025 0.028 0.029 0.011 0.02 0.031 0.089 0.011 0.031 0.04 0.036 0.012 0.015 0.296 0.054 0.162 0.004 0.012 0.039
35 L 0.102 0.023 0.021 0.021 0.013 0.017 0.025 0.031 0.036 0.095 0.118 0.028 0.022 0.104 0.017 0.043 0.098 0.008 0.067 0.11
36 S 0.084 0.027 0.03 0.03 0.014 0.022 0.049 0.093 0.012 0.089 0.071 0.035 0.034 0.023 0.02 0.132 0.091 0.005 0.015 0.121
37 G 0.057 0.024 0.067 0.03 0.011 0.019 0.027 0.2 0.016 0.071 0.112 0.031 0.018 0.055 0.016 0.096 0.037 0.007 0.058 0.049
38 H 0.04 0.086 0.031 0.027 0.009 0.03 0.04 0.03 0.146 0.052 0.108 0.127 0.018 0.027 0.017 0.036 0.044 0.062 0.03 0.041
39 F 0.038 0.018 0.015 0.015 0.011 0.012 0.017 0.076 0.011 0.117 0.209 0.02 0.028 0.215 0.011 0.024 0.027 0.009 0.04 0.087
40 Y 0.035 0.025 0.059 0.021 0.008 0.019 0.026 0.025 0.038 0.035 0.055 0.028 0.015 0.101 0.014 0.03 0.026 0.022 0.381 0.038
41 R 0.045 0.208 0.151 0.043 0.008 0.066 0.049 0.04 0.022 0.021 0.035 0.106 0.012 0.015 0.019 0.076 0.038 0.004 0.015 0.027
42 L 0.039 0.019 0.018 0.062 0.012 0.014 0.023 0.049 0.01 0.167 0.268 0.022 0.032 0.082 0.013 0.024 0.029 0.006 0.023 0.089
43 L 0.099 0.022 0.018 0.018 0.014 0.016 0.022 0.085 0.01 0.076 0.253 0.026 0.042 0.079 0.015 0.048 0.033 0.006 0.023 0.096
44 K 0.055 0.086 0.031 0.029 0.012 0.06 0.043 0.033 0.015 0.051 0.074 0.116 0.071 0.022 0.02 0.076 0.103 0.005 0.016 0.08
45 Y 0.038 0.023 0.017 0.016 0.01 0.017 0.022 0.022 0.04 0.079 0.154 0.025 0.05 0.071 0.013 0.025 0.027 0.07 0.193 0.089
46 V 0.081 0.02 0.014 0.016 0.015 0.015 0.02 0.025 0.009 0.143 0.186 0.023 0.055 0.079 0.014 0.029 0.035 0.006 0.024 0.19
47 V 0.101 0.025 0.028 0.026 0.015 0.02 0.029 0.093 0.011 0.07 0.105 0.033 0.02 0.024 0.019 0.118 0.094 0.005 0.015 0.148
48 I 0.095 0.021 0.022 0.066 0.012 0.016 0.029 0.032 0.014 0.128 0.081 0.027 0.02 0.124 0.071 0.05 0.033 0.008 0.067 0.085
49 L 0.132 0.021 0.017 0.019 0.014 0.016 0.022 0.088 0.011 0.128 0.169 0.026 0.052 0.076 0.016 0.037 0.033 0.006 0.022 0.094
50 Y 0.041 0.022 0.019 0.017 0.01 0.016 0.023 0.025 0.023 0.057 0.127 0.025 0.021 0.133 0.013 0.055 0.03 0.07 0.192 0.079
51 I 0.045 0.017 0.013 0.015 0.014 0.012 0.017 0.019 0.007 0.267 0.182 0.021 0.031 0.037 0.013 0.023 0.035 0.005 0.018 0.209
52 L 0.106 0.023 0.023 0.023 0.069 0.017 0.026 0.036 0.011 0.116 0.137 0.029 0.028 0.073 0.018 0.098 0.066 0.006 0.022 0.074
53 L 0.042 0.017 0.015 0.016 0.067 0.012 0.017 0.076 0.009 0.162 0.193 0.02 0.028 0.124 0.012 0.025 0.029 0.007 0.028 0.101
54 R 0.056 0.118 0.033 0.034 0.037 0.031 0.074 0.09 0.02 0.027 0.041 0.086 0.013 0.03 0.019 0.102 0.07 0.007 0.075 0.034
55 F 0.07 0.021 0.016 0.016 0.01 0.015 0.021 0.025 0.023 0.054 0.151 0.023 0.023 0.2 0.013 0.028 0.026 0.015 0.197 0.052
56 I 0.042 0.016 0.013 0.015 0.014 0.012 0.016 0.019 0.008 0.272 0.164 0.02 0.03 0.081 0.012 0.023 0.034 0.006 0.023 0.179
57 K 0.046 0.083 0.066 0.03 0.01 0.027 0.037 0.033 0.018 0.086 0.082 0.127 0.018 0.076 0.018 0.068 0.052 0.008 0.062 0.054
58 K 0.052 0.07 0.071 0.034 0.011 0.045 0.043 0.036 0.016 0.042 0.126 0.147 0.019 0.022 0.02 0.077 0.102 0.005 0.016 0.045
59 K 0.047 0.169 0.035 0.033 0.007 0.07 0.055 0.089 0.018 0.022 0.036 0.25 0.013 0.014 0.021 0.043 0.032 0.005 0.014 0.027
60 K 0.046 0.175 0.035 0.034 0.007 0.088 0.06 0.034 0.019 0.022 0.038 0.27 0.014 0.013 0.021 0.044 0.033 0.005 0.015 0.028
61 R 0.117 0.139 0.068 0.031 0.011 0.029 0.038 0.041 0.017 0.035 0.059 0.088 0.042 0.065 0.019 0.077 0.054 0.006 0.021 0.042
62 P 0.042 0.02 0.016 0.02 0.011 0.015 0.024 0.025 0.01 0.084 0.18 0.028 0.022 0.071 0.291 0.029 0.029 0.005 0.02 0.057
63 S 0.08 0.036 0.048 0.038 0.013 0.027 0.042 0.05 0.016 0.028 0.041 0.07 0.014 0.063 0.051 0.263 0.059 0.005 0.021 0.035
64 L 0.063 0.034 0.021 0.022 0.012 0.02 0.028 0.028 0.012 0.151 0.165 0.097 0.026 0.098 0.016 0.06 0.035 0.006 0.025 0.08
65 I 0.081 0.024 0.018 0.02 0.013 0.046 0.028 0.029 0.012 0.145 0.108 0.03 0.023 0.075 0.042 0.047 0.035 0.062 0.027 0.137
66 T 0.059 0.028 0.029 0.03 0.014 0.037 0.05 0.032 0.012 0.093 0.071 0.037 0.019 0.023 0.048 0.07 0.201 0.005 0.016 0.127
67 L 0.059 0.021 0.056 0.021 0.012 0.015 0.021 0.083 0.011 0.111 0.19 0.025 0.025 0.037 0.013 0.03 0.03 0.118 0.025 0.097
68 L 0.074 0.02 0.013 0.015 0.014 0.014 0.019 0.023 0.009 0.146 0.329 0.023 0.048 0.063 0.013 0.026 0.031 0.006 0.021 0.091
69 L 0.118 0.021 0.018 0.019 0.015 0.016 0.023 0.032 0.01 0.137 0.186 0.026 0.027 0.077 0.016 0.064 0.038 0.006 0.023 0.127
70 I 0.112 0.019 0.015 0.017 0.014 0.014 0.02 0.028 0.009 0.199 0.182 0.024 0.029 0.079 0.015 0.032 0.034 0.006 0.023 0.131
71 L 0.062 0.018 0.017 0.018 0.067 0.013 0.019 0.081 0.01 0.139 0.148 0.022 0.024 0.143 0.013 0.044 0.031 0.007 0.03 0.092
72 L 0.045 0.024 0.019 0.018 0.012 0.019 0.022 0.106 0.017 0.07 0.182 0.027 0.13 0.051 0.014 0.03 0.03 0.01 0.099 0.078
73 E 0.045 0.044 0.072 0.062 0.007 0.104 0.266 0.032 0.025 0.021 0.035 0.061 0.013 0.024 0.02 0.046 0.032 0.007 0.055 0.028
74 L 0.125 0.023 0.023 0.023 0.014 0.018 0.026 0.093 0.011 0.091 0.149 0.03 0.023 0.073 0.018 0.098 0.04 0.006 0.022 0.095
75 W 0.03 0.019 0.013 0.013 0.009 0.013 0.018 0.023 0.011 0.09 0.123 0.02 0.02 0.049 0.008 0.02 0.023 0.401 0.046 0.053
76 I 0.047 0.02 0.017 0.018 0.014 0.015 0.02 0.022 0.008 0.222 0.186 0.024 0.03 0.035 0.015 0.034 0.099 0.005 0.017 0.153
77 L 0.041 0.021 0.015 0.015 0.014 0.014 0.019 0.021 0.009 0.092 0.356 0.023 0.036 0.086 0.013 0.027 0.062 0.007 0.024 0.106
78 L 0.042 0.019 0.016 0.017 0.013 0.013 0.019 0.022 0.01 0.167 0.254 0.022 0.032 0.128 0.013 0.053 0.033 0.007 0.029 0.09
79 L 0.107 0.024 0.022 0.022 0.014 0.018 0.026 0.035 0.011 0.099 0.193 0.029 0.026 0.076 0.017 0.109 0.042 0.006 0.023 0.1
80 T 0.062 0.03 0.037 0.032 0.015 0.023 0.033 0.037 0.012 0.045 0.055 0.038 0.017 0.02 0.023 0.079 0.361 0.005 0.015 0.06
81 I 0.114 0.018 0.015 0.017 0.015 0.014 0.02 0.028 0.009 0.232 0.15 0.024 0.028 0.056 0.015 0.032 0.036 0.005 0.02 0.154
82 L 0.042 0.046 0.019 0.019 0.04 0.048 0.027 0.023 0.014 0.143 0.22 0.033 0.029 0.042 0.014 0.031 0.063 0.007 0.058 0.083
83 G 0.056 0.04 0.151 0.044 0.009 0.057 0.043 0.154 0.022 0.022 0.033 0.078 0.012 0.025 0.019 0.106 0.041 0.006 0.054 0.028
84 N 0.045 0.046 0.153 0.044 0.008 0.046 0.045 0.151 0.128 0.02 0.03 0.111 0.011 0.017 0.018 0.047 0.032 0.005 0.022 0.023
85 G 0.063 0.021 0.072 0.033 0.009 0.017 0.024 0.532 0.013 0.016 0.024 0.03 0.008 0.014 0.016 0.045 0.027 0.005 0.01 0.021
86 D 0.039 0.034 0.071 0.126 0.008 0.086 0.085 0.031 0.023 0.067 0.091 0.043 0.018 0.038 0.017 0.038 0.031 0.008 0.096 0.046
87 I 0.046 0.02 0.018 0.018 0.014 0.015 0.02 0.022 0.009 0.232 0.157 0.025 0.055 0.034 0.015 0.034 0.1 0.005 0.017 0.141
88 D 0.082 0.039 0.079 0.175 0.009 0.059 0.074 0.042 0.02 0.025 0.036 0.079 0.012 0.024 0.02 0.078 0.053 0.006 0.054 0.032
89 T 0.087 0.071 0.07 0.037 0.012 0.027 0.07 0.093 0.018 0.034 0.065 0.045 0.015 0.028 0.02 0.07 0.133 0.007 0.055 0.043
90 A 0.328 0.029 0.024 0.035 0.016 0.028 0.108 0.059 0.014 0.033 0.047 0.043 0.014 0.017 0.025 0.067 0.04 0.005 0.015 0.052
91 L 0.042 0.019 0.015 0.016 0.014 0.013 0.018 0.02 0.009 0.206 0.224 0.022 0.032 0.082 0.013 0.027 0.064 0.006 0.023 0.133
92 L 0.043 0.033 0.021 0.021 0.011 0.051 0.032 0.028 0.014 0.07 0.171 0.066 0.05 0.08 0.014 0.058 0.032 0.119 0.031 0.055
93 N 0.048 0.043 0.228 0.052 0.01 0.059 0.046 0.047 0.021 0.03 0.076 0.08 0.015 0.018 0.019 0.096 0.059 0.004 0.015 0.034
94 L 0.073 0.02 0.014 0.015 0.013 0.013 0.019 0.024 0.011 0.083 0.28 0.022 0.032 0.172 0.013 0.027 0.029 0.008 0.035 0.099
95 L 0.04 0.021 0.015 0.02 0.013 0.017 0.055 0.019 0.01 0.217 0.264 0.026 0.046 0.039 0.013 0.024 0.031 0.005 0.018 0.107
96 R 0.051 0.161 0.069 0.031 0.011 0.031 0.039 0.035 0.017 0.042 0.106 0.091 0.071 0.024 0.018 0.098 0.04 0.005 0.016 0.044
97 L 0.037 0.017 0.013 0.014 0.013 0.012 0.016 0.018 0.009 0.217 0.248 0.02 0.033 0.129 0.012 0.021 0.029 0.007 0.03 0.105
98 T 0.056 0.023 0.025 0.023 0.041 0.018 0.025 0.084 0.012 0.097 0.084 0.029 0.046 0.053 0.017 0.06 0.133 0.006 0.039 0.127
99 G 0.088 0.023 0.025 0.024 0.04 0.018 0.025 0.143 0.016 0.103 0.065 0.03 0.017 0.04 0.017 0.06 0.098 0.009 0.095 0.064
100 L 0.062 0.02 0.016 0.018 0.014 0.014 0.021 0.024 0.009 0.169 0.174 0.024 0.027 0.077 0.07 0.032 0.066 0.006 0.023 0.135
101 V 0.156 0.019 0.016 0.018 0.125 0.015 0.022 0.036 0.009 0.092 0.082 0.025 0.02 0.069 0.017 0.041 0.037 0.005 0.021 0.172
102 L 0.083 0.023 0.018 0.018 0.069 0.017 0.023 0.029 0.011 0.076 0.246 0.027 0.081 0.058 0.015 0.061 0.036 0.006 0.02 0.084
103 L 0.043 0.02 0.013 0.014 0.014 0.014 0.018 0.019 0.009 0.162 0.303 0.022 0.061 0.041 0.013 0.023 0.033 0.006 0.018 0.155
104 V 0.043 0.017 0.014 0.015 0.013 0.012 0.017 0.02 0.009 0.17 0.15 0.02 0.028 0.169 0.012 0.024 0.032 0.008 0.035 0.193
105 D 0.036 0.028 0.092 0.406 0.006 0.029 0.107 0.04 0.018 0.019 0.025 0.041 0.008 0.013 0.019 0.046 0.031 0.003 0.01 0.021
106 L 0.04 0.018 0.013 0.014 0.013 0.013 0.017 0.019 0.012 0.205 0.225 0.021 0.032 0.091 0.012 0.022 0.031 0.008 0.064 0.131
107 S 0.111 0.041 0.055 0.049 0.018 0.034 0.053 0.067 0.019 0.03 0.042 0.055 0.016 0.021 0.03 0.212 0.083 0.005 0.018 0.042
108 V 0.071 0.022 0.017 0.018 0.019 0.017 0.024 0.025 0.008 0.166 0.132 0.026 0.032 0.036 0.017 0.033 0.05 0.006 0.021 0.262
109 Y 0.035 0.03 0.02 0.018 0.008 0.02 0.027 0.023 0.035 0.037 0.06 0.062 0.016 0.138 0.014 0.028 0.025 0.021 0.346 0.039
110 R 0.093 0.166 0.036 0.038 0.01 0.066 0.085 0.042 0.018 0.024 0.038 0.101 0.014 0.016 0.022 0.134 0.044 0.005 0.015 0.033
111 D 0.041 0.034 0.082 0.214 0.007 0.038 0.198 0.064 0.063 0.019 0.028 0.049 0.01 0.015 0.02 0.046 0.031 0.004 0.016 0.023
112 N 0.041 0.083 0.175 0.137 0.008 0.061 0.055 0.043 0.044 0.021 0.032 0.086 0.011 0.02 0.018 0.063 0.036 0.005 0.036 0.025
113 F 0.039 0.018 0.014 0.015 0.012 0.012 0.017 0.02 0.011 0.144 0.153 0.02 0.053 0.214 0.011 0.024 0.03 0.009 0.041 0.141
114 K 0.049 0.044 0.028 0.032 0.01 0.075 0.079 0.03 0.04 0.096 0.066 0.111 0.019 0.03 0.018 0.054 0.051 0.007 0.058 0.102
115 L 0.056 0.072 0.033 0.074 0.012 0.055 0.042 0.035 0.014 0.054 0.134 0.045 0.021 0.024 0.019 0.103 0.105 0.005 0.016 0.081
116 L 0.035 0.019 0.013 0.013 0.012 0.012 0.017 0.019 0.01 0.085 0.359 0.02 0.036 0.177 0.011 0.021 0.026 0.009 0.036 0.071
117 L 0.043 0.019 0.013 0.014 0.014 0.013 0.017 0.018 0.008 0.177 0.317 0.021 0.036 0.041 0.013 0.022 0.032 0.005 0.018 0.158
118 R 0.045 0.175 0.075 0.066 0.007 0.071 0.108 0.036 0.02 0.021 0.035 0.154 0.013 0.014 0.02 0.059 0.035 0.005 0.014 0.027
119 V 0.111 0.028 0.063 0.028 0.069 0.05 0.034 0.039 0.013 0.073 0.069 0.035 0.019 0.022 0.018 0.087 0.044 0.004 0.016 0.176
120 L 0.041 0.021 0.013 0.014 0.014 0.015 0.018 0.019 0.009 0.101 0.404 0.022 0.065 0.044 0.012 0.022 0.03 0.006 0.019 0.111
121 L 0.041 0.023 0.014 0.015 0.014 0.018 0.02 0.021 0.011 0.135 0.285 0.025 0.151 0.043 0.013 0.025 0.032 0.006 0.019 0.09
122 L 0.039 0.019 0.013 0.014 0.014 0.013 0.017 0.019 0.009 0.14 0.348 0.021 0.037 0.087 0.012 0.022 0.03 0.007 0.024 0.118
123 H 0.038 0.038 0.044 0.032 0.007 0.031 0.044 0.033 0.409 0.022 0.035 0.039 0.013 0.025 0.017 0.04 0.057 0.006 0.045 0.023
124 F 0.046 0.019 0.019 0.018 0.149 0.013 0.02 0.028 0.012 0.05 0.115 0.021 0.02 0.252 0.013 0.072 0.032 0.009 0.044 0.049
125 E 0.047 0.042 0.034 0.076 0.006 0.055 0.404 0.03 0.022 0.019 0.031 0.064 0.011 0.014 0.022 0.047 0.031 0.005 0.014 0.027
126 L 0.038 0.02 0.013 0.014 0.013 0.014 0.017 0.019 0.009 0.16 0.316 0.022 0.061 0.044 0.012 0.022 0.029 0.062 0.023 0.093
127 C 0.054 0.017 0.016 0.016 0.398 0.012 0.017 0.027 0.008 0.055 0.102 0.02 0.018 0.022 0.015 0.037 0.065 0.004 0.012 0.086
128 I 0.048 0.018 0.015 0.017 0.015 0.013 0.018 0.02 0.008 0.276 0.124 0.022 0.028 0.034 0.014 0.029 0.069 0.005 0.017 0.21
129 Y 0.034 0.024 0.018 0.016 0.008 0.018 0.024 0.021 0.04 0.037 0.058 0.026 0.016 0.111 0.013 0.026 0.024 0.024 0.422 0.04
130 I 0.047 0.019 0.018 0.019 0.014 0.014 0.019 0.078 0.009 0.228 0.163 0.024 0.028 0.033 0.015 0.033 0.082 0.005 0.016 0.136
131 N 0.036 0.038 0.421 0.07 0.008 0.029 0.042 0.055 0.027 0.019 0.027 0.046 0.009 0.015 0.017 0.059 0.042 0.004 0.013 0.023
132 L 0.107 0.02 0.015 0.016 0.013 0.014 0.02 0.029 0.011 0.072 0.274 0.023 0.03 0.171 0.014 0.031 0.029 0.008 0.035 0.066
133 L 0.04 0.018 0.014 0.015 0.012 0.012 0.017 0.048 0.01 0.115 0.249 0.02 0.031 0.172 0.012 0.023 0.029 0.008 0.035 0.12
134 T 0.07 0.031 0.039 0.034 0.015 0.025 0.036 0.042 0.013 0.04 0.05 0.04 0.016 0.019 0.024 0.144 0.288 0.005 0.015 0.054
135 L 0.045 0.019 0.013 0.014 0.014 0.013 0.018 0.019 0.008 0.153 0.313 0.021 0.036 0.04 0.013 0.023 0.033 0.005 0.018 0.181
136 L 0.038 0.019 0.013 0.014 0.013 0.013 0.017 0.019 0.009 0.164 0.336 0.021 0.05 0.087 0.012 0.021 0.029 0.007 0.024 0.095
137 L 0.041 0.018 0.013 0.014 0.013 0.012 0.017 0.019 0.009 0.183 0.225 0.02 0.032 0.127 0.012 0.022 0.031 0.007 0.029 0.155
138 F 0.18 0.029 0.02 0.021 0.013 0.019 0.029 0.041 0.014 0.047 0.079 0.063 0.045 0.205 0.017 0.045 0.032 0.009 0.04 0.053
139 P 0.053 0.023 0.022 0.028 0.009 0.019 0.032 0.033 0.011 0.022 0.031 0.036 0.009 0.012 0.516 0.067 0.035 0.002 0.011 0.027
140 N 0.04 0.038 0.249 0.114 0.007 0.037 0.172 0.045 0.024 0.019 0.028 0.051 0.01 0.015 0.019 0.053 0.037 0.004 0.013 0.024
141 G 0.058 0.129 0.033 0.028 0.008 0.024 0.029 0.418 0.014 0.017 0.028 0.065 0.01 0.014 0.016 0.042 0.027 0.005 0.011 0.022
142 F 0.033 0.018 0.013 0.014 0.011 0.011 0.016 0.02 0.011 0.104 0.251 0.019 0.031 0.263 0.011 0.021 0.025 0.01 0.047 0.071
143 F 0.032 0.019 0.015 0.015 0.01 0.013 0.018 0.021 0.021 0.086 0.127 0.02 0.023 0.282 0.011 0.023 0.024 0.015 0.168 0.058
144 S 0.084 0.034 0.045 0.04 0.014 0.028 0.043 0.052 0.06 0.027 0.037 0.044 0.014 0.019 0.024 0.283 0.094 0.005 0.018 0.036
145 R 0.038 0.402 0.031 0.025 0.007 0.038 0.041 0.027 0.019 0.056 0.05 0.094 0.015 0.017 0.016 0.036 0.03 0.005 0.015 0.039
146 S 0.07 0.028 0.032 0.034 0.014 0.024 0.07 0.039 0.014 0.086 0.067 0.037 0.018 0.068 0.02 0.184 0.052 0.006 0.022 0.116
147 N 0.046 0.031 0.242 0.048 0.011 0.023 0.034 0.043 0.019 0.095 0.06 0.038 0.016 0.021 0.017 0.065 0.074 0.004 0.015 0.1
148 S 0.073 0.031 0.06 0.087 0.013 0.028 0.079 0.046 0.016 0.065 0.048 0.043 0.015 0.019 0.022 0.219 0.055 0.004 0.015 0.061
149 A 0.331 0.025 0.022 0.025 0.017 0.02 0.032 0.114 0.012 0.045 0.054 0.035 0.015 0.019 0.023 0.065 0.041 0.005 0.015 0.087
150 Y 0.034 0.024 0.018 0.016 0.008 0.018 0.024 0.021 0.04 0.037 0.058 0.026 0.016 0.111 0.013 0.026 0.024 0.024 0.422 0.04
151 G 0.1 0.02 0.032 0.028 0.01 0.017 0.023 0.533 0.012 0.018 0.027 0.029 0.009 0.014 0.017 0.046 0.027 0.005 0.01 0.024
152 V 0.099 0.028 0.018 0.019 0.014 0.019 0.026 0.029 0.011 0.113 0.143 0.062 0.077 0.076 0.016 0.035 0.035 0.006 0.023 0.15
153 T 0.074 0.032 0.04 0.036 0.015 0.025 0.038 0.045 0.014 0.037 0.047 0.041 0.015 0.019 0.024 0.183 0.245 0.005 0.015 0.05
154 Q 0.046 0.048 0.031 0.034 0.008 0.165 0.076 0.032 0.022 0.029 0.047 0.088 0.016 0.07 0.074 0.045 0.064 0.007 0.062 0.035
155 E 0.049 0.04 0.034 0.072 0.007 0.051 0.366 0.085 0.021 0.018 0.03 0.06 0.011 0.014 0.021 0.046 0.031 0.005 0.014 0.026
156 W 0.027 0.02 0.013 0.013 0.007 0.013 0.02 0.025 0.016 0.027 0.046 0.02 0.013 0.057 0.007 0.02 0.02 0.515 0.094 0.027
157 F 0.029 0.016 0.014 0.014 0.009 0.009 0.016 0.021 0.014 0.056 0.115 0.016 0.023 0.459 0.009 0.021 0.022 0.014 0.072 0.048
158 L 0.038 0.021 0.012 0.013 0.014 0.014 0.017 0.018 0.009 0.098 0.471 0.021 0.042 0.046 0.012 0.021 0.028 0.006 0.019 0.082
159 G 0.066 0.019 0.033 0.029 0.009 0.016 0.022 0.585 0.011 0.016 0.024 0.029 0.008 0.014 0.016 0.043 0.025 0.005 0.009 0.021
160 A 0.171 0.027 0.029 0.028 0.015 0.022 0.034 0.049 0.013 0.052 0.056 0.036 0.016 0.024 0.021 0.165 0.051 0.061 0.02 0.11
161 D 0.038 0.152 0.052 0.249 0.007 0.03 0.058 0.034 0.06 0.031 0.038 0.056 0.012 0.016 0.017 0.04 0.031 0.004 0.016 0.058
162 N 0.072 0.037 0.306 0.058 0.008 0.029 0.042 0.052 0.111 0.021 0.03 0.044 0.011 0.018 0.018 0.056 0.038 0.004 0.021 0.026
163 Y 0.041 0.028 0.141 0.034 0.01 0.022 0.03 0.034 0.027 0.043 0.129 0.033 0.019 0.06 0.015 0.066 0.035 0.012 0.178 0.043
164 F 0.029 0.016 0.014 0.014 0.009 0.009 0.016 0.022 0.014 0.054 0.097 0.016 0.022 0.48 0.009 0.022 0.022 0.014 0.075 0.047
165 I 0.046 0.017 0.013 0.015 0.014 0.012 0.017 0.019 0.007 0.281 0.166 0.021 0.031 0.036 0.013 0.023 0.036 0.005 0.018 0.212
166 I 0.045 0.027 0.02 0.021 0.012 0.078 0.033 0.025 0.013 0.161 0.105 0.033 0.051 0.119 0.014 0.044 0.035 0.007 0.029 0.127
167 W 0.029 0.02 0.015 0.015 0.007 0.014 0.021 0.027 0.013 0.028 0.046 0.021 0.013 0.048 0.008 0.025 0.053 0.513 0.054 0.029
168 L 0.071 0.019 0.014 0.015 0.013 0.013 0.018 0.024 0.011 0.107 0.284 0.021 0.032 0.173 0.012 0.026 0.028 0.008 0.035 0.076
169 F 0.035 0.018 0.013 0.014 0.012 0.011 0.017 0.02 0.011 0.08 0.248 0.019 0.03 0.262 0.011 0.022 0.026 0.01 0.047 0.094
170 P 0.048 0.022 0.02 0.026 0.009 0.018 0.031 0.031 0.011 0.022 0.031 0.035 0.009 0.011 0.571 0.037 0.031 0.002 0.011 0.026
171 A 0.299 0.024 0.025 0.026 0.016 0.02 0.031 0.222 0.012 0.03 0.042 0.035 0.013 0.017 0.022 0.063 0.037 0.005 0.013 0.047
172 L 0.039 0.021 0.015 0.015 0.013 0.014 0.019 0.02 0.009 0.088 0.392 0.023 0.037 0.087 0.013 0.026 0.061 0.007 0.024 0.076
173 L 0.046 0.019 0.013 0.014 0.015 0.013 0.018 0.019 0.008 0.155 0.295 0.021 0.035 0.039 0.013 0.023 0.034 0.005 0.018 0.196
174 I 0.047 0.017 0.015 0.017 0.014 0.013 0.018 0.02 0.008 0.288 0.126 0.022 0.029 0.034 0.014 0.029 0.069 0.005 0.017 0.198
175 A 0.368 0.027 0.024 0.027 0.018 0.022 0.035 0.065 0.013 0.035 0.049 0.039 0.015 0.018 0.025 0.099 0.045 0.005 0.015 0.056
176 W 0.067 0.02 0.014 0.014 0.01 0.014 0.02 0.027 0.012 0.048 0.173 0.022 0.022 0.047 0.01 0.025 0.024 0.344 0.042 0.046
177 L 0.111 0.02 0.014 0.016 0.015 0.015 0.02 0.028 0.009 0.159 0.287 0.024 0.033 0.038 0.015 0.031 0.033 0.005 0.018 0.109
178 Y 0.034 0.023 0.018 0.016 0.008 0.018 0.023 0.021 0.037 0.039 0.062 0.025 0.016 0.148 0.013 0.026 0.024 0.023 0.387 0.04
179 K 0.077 0.153 0.068 0.032 0.009 0.034 0.044 0.036 0.02 0.061 0.05 0.174 0.015 0.026 0.019 0.043 0.033 0.006 0.056 0.043
180 E 0.077 0.033 0.067 0.044 0.009 0.046 0.144 0.035 0.042 0.032 0.051 0.043 0.015 0.119 0.018 0.046 0.063 0.009 0.069 0.038
181 L 0.038 0.028 0.017 0.017 0.011 0.018 0.024 0.021 0.022 0.123 0.197 0.06 0.027 0.067 0.014 0.026 0.028 0.013 0.179 0.073
182 T 0.054 0.031 0.09 0.035 0.012 0.022 0.032 0.093 0.015 0.037 0.053 0.052 0.015 0.11 0.019 0.085 0.166 0.007 0.026 0.044
183 G 0.051 0.152 0.035 0.031 0.008 0.034 0.043 0.199 0.038 0.021 0.034 0.174 0.012 0.015 0.019 0.044 0.046 0.005 0.015 0.026
184 K 0.058 0.091 0.075 0.064 0.01 0.036 0.084 0.04 0.018 0.034 0.042 0.153 0.014 0.016 0.021 0.118 0.043 0.004 0.015 0.064
185 K 0.054 0.057 0.112 0.044 0.009 0.05 0.067 0.042 0.019 0.058 0.045 0.183 0.014 0.017 0.021 0.105 0.042 0.004 0.015 0.041
186 F 0.043 0.075 0.043 0.025 0.01 0.023 0.031 0.028 0.017 0.094 0.112 0.088 0.021 0.125 0.016 0.051 0.064 0.009 0.068 0.06
187 R 0.039 0.41 0.033 0.027 0.007 0.041 0.046 0.029 0.02 0.02 0.039 0.13 0.013 0.015 0.017 0.039 0.03 0.005 0.015 0.026
188 A 0.155 0.021 0.022 0.022 0.123 0.016 0.024 0.151 0.011 0.034 0.051 0.028 0.014 0.067 0.017 0.049 0.064 0.062 0.023 0.044
189 Y 0.037 0.022 0.056 0.021 0.065 0.016 0.022 0.025 0.024 0.095 0.099 0.025 0.033 0.13 0.013 0.029 0.028 0.014 0.187 0.06
190 V 0.078 0.024 0.024 0.023 0.042 0.019 0.027 0.034 0.012 0.101 0.126 0.03 0.049 0.074 0.017 0.122 0.045 0.006 0.022 0.128
191 L 0.038 0.02 0.012 0.013 0.014 0.013 0.017 0.018 0.008 0.126 0.438 0.021 0.041 0.045 0.012 0.021 0.029 0.006 0.019 0.088
192 I 0.064 0.024 0.028 0.026 0.069 0.019 0.028 0.034 0.011 0.149 0.081 0.031 0.021 0.025 0.019 0.13 0.111 0.005 0.015 0.11
193 L 0.138 0.022 0.018 0.02 0.043 0.017 0.024 0.035 0.01 0.135 0.182 0.028 0.026 0.031 0.017 0.067 0.039 0.005 0.017 0.128
194 A 0.176 0.021 0.02 0.021 0.016 0.017 0.025 0.094 0.01 0.146 0.085 0.029 0.021 0.026 0.018 0.059 0.04 0.005 0.016 0.157
195 I 0.083 0.019 0.017 0.019 0.015 0.015 0.021 0.026 0.009 0.249 0.114 0.025 0.026 0.031 0.016 0.036 0.085 0.005 0.017 0.173
196 L 0.078 0.018 0.014 0.015 0.014 0.013 0.019 0.024 0.009 0.195 0.204 0.022 0.03 0.081 0.014 0.027 0.034 0.006 0.023 0.159
197 L 0.135 0.021 0.015 0.017 0.016 0.016 0.022 0.031 0.009 0.123 0.225 0.026 0.03 0.034 0.016 0.036 0.036 0.005 0.017 0.172
198 T 0.066 0.029 0.036 0.032 0.015 0.023 0.034 0.039 0.012 0.075 0.06 0.038 0.017 0.021 0.023 0.125 0.27 0.005 0.015 0.064
199 E 0.046 0.047 0.033 0.056 0.007 0.162 0.238 0.031 0.022 0.057 0.046 0.065 0.016 0.016 0.02 0.044 0.033 0.005 0.016 0.04
200 L 0.07 0.019 0.014 0.015 0.012 0.012 0.018 0.024 0.011 0.102 0.246 0.021 0.03 0.216 0.012 0.026 0.028 0.009 0.041 0.072
201 I 0.041 0.024 0.016 0.017 0.012 0.016 0.021 0.021 0.01 0.227 0.122 0.057 0.053 0.123 0.013 0.025 0.032 0.007 0.029 0.133
202 R 0.04 0.171 0.035 0.031 0.007 0.125 0.056 0.031 0.107 0.024 0.044 0.102 0.015 0.063 0.017 0.039 0.029 0.006 0.028 0.028
203 G 0.065 0.022 0.034 0.029 0.01 0.017 0.024 0.475 0.011 0.022 0.03 0.031 0.01 0.015 0.017 0.05 0.092 0.005 0.01 0.029
204 S 0.09 0.033 0.045 0.04 0.014 0.027 0.042 0.109 0.016 0.024 0.034 0.044 0.013 0.017 0.024 0.309 0.065 0.004 0.014 0.034
205 G 0.207 0.027 0.032 0.031 0.015 0.022 0.034 0.219 0.013 0.027 0.038 0.037 0.012 0.017 0.022 0.144 0.045 0.005 0.013 0.04
206 T 0.062 0.03 0.037 0.032 0.015 0.023 0.033 0.037 0.012 0.045 0.055 0.038 0.017 0.02 0.023 0.079 0.361 0.005 0.015 0.06
207 G 0.093 0.021 0.028 0.025 0.012 0.017 0.023 0.365 0.011 0.037 0.119 0.029 0.016 0.021 0.017 0.045 0.061 0.005 0.012 0.041
208 I 0.041 0.067 0.017 0.018 0.012 0.019 0.023 0.021 0.01 0.28 0.124 0.066 0.053 0.033 0.014 0.026 0.033 0.005 0.017 0.118
209 V 0.089 0.019 0.014 0.016 0.016 0.014 0.02 0.025 0.008 0.178 0.111 0.023 0.026 0.031 0.015 0.031 0.04 0.005 0.017 0.302
210 G 0.1 0.022 0.031 0.028 0.012 0.018 0.026 0.368 0.011 0.035 0.041 0.031 0.012 0.017 0.018 0.065 0.081 0.005 0.012 0.067
211 V 0.06 0.021 0.02 0.02 0.07 0.016 0.023 0.028 0.009 0.151 0.132 0.026 0.025 0.029 0.016 0.089 0.043 0.005 0.016 0.202
212 V 0.108 0.023 0.021 0.021 0.015 0.018 0.026 0.033 0.011 0.101 0.094 0.029 0.049 0.073 0.017 0.07 0.073 0.006 0.023 0.19
213 L 0.078 0.019 0.013 0.015 0.015 0.014 0.019 0.023 0.008 0.169 0.293 0.023 0.034 0.039 0.014 0.027 0.033 0.005 0.018 0.141
214 F 0.032 0.017 0.014 0.014 0.01 0.011 0.017 0.021 0.013 0.081 0.177 0.018 0.039 0.349 0.01 0.022 0.024 0.012 0.058 0.06
215 L 0.044 0.021 0.018 0.018 0.013 0.015 0.021 0.024 0.011 0.148 0.229 0.024 0.03 0.125 0.014 0.059 0.066 0.007 0.029 0.085
216 L 0.058 0.018 0.013 0.014 0.042 0.013 0.017 0.021 0.008 0.193 0.296 0.022 0.035 0.04 0.013 0.024 0.032 0.005 0.018 0.118
217 L 0.038 0.019 0.014 0.015 0.012 0.013 0.019 0.021 0.01 0.078 0.273 0.022 0.03 0.129 0.067 0.023 0.028 0.064 0.033 0.093
218 L 0.067 0.027 0.065 0.073 0.012 0.021 0.033 0.034 0.016 0.064 0.157 0.032 0.075 0.038 0.016 0.08 0.039 0.007 0.057 0.087
219 I 0.045 0.019 0.017 0.017 0.014 0.014 0.019 0.022 0.009 0.191 0.165 0.023 0.028 0.101 0.014 0.031 0.082 0.006 0.026 0.157
220 I 0.052 0.02 0.019 0.02 0.014 0.015 0.022 0.025 0.01 0.202 0.144 0.025 0.027 0.077 0.015 0.073 0.055 0.006 0.023 0.157
221 P 0.053 0.023 0.022 0.028 0.009 0.019 0.032 0.033 0.011 0.022 0.031 0.036 0.009 0.012 0.516 0.067 0.035 0.002 0.011 0.027
222 W 0.072 0.034 0.022 0.023 0.01 0.023 0.049 0.03 0.061 0.071 0.099 0.082 0.019 0.066 0.015 0.033 0.028 0.121 0.091 0.05
223 I 0.061 0.018 0.013 0.015 0.014 0.013 0.018 0.021 0.008 0.215 0.191 0.021 0.03 0.081 0.013 0.025 0.034 0.006 0.023 0.179
224 K 0.046 0.135 0.073 0.037 0.007 0.042 0.054 0.065 0.018 0.022 0.035 0.293 0.013 0.014 0.021 0.045 0.033 0.004 0.014 0.027
225 K 0.047 0.115 0.031 0.029 0.009 0.034 0.044 0.032 0.041 0.034 0.085 0.185 0.017 0.033 0.019 0.056 0.065 0.008 0.078 0.038
226 I 0.041 0.016 0.013 0.015 0.013 0.011 0.017 0.02 0.009 0.209 0.137 0.019 0.028 0.169 0.012 0.023 0.032 0.008 0.035 0.173
227 I 0.047 0.018 0.015 0.018 0.016 0.013 0.018 0.021 0.009 0.271 0.168 0.024 0.037 0.044 0.015 0.025 0.04 0.006 0.021 0.177
228 K 0.057 0.107 0.042 0.042 0.009 0.054 0.071 0.043 0.021 0.028 0.043 0.278 0.016 0.016 0.028 0.054 0.04 0.005 0.017 0.033
229 K 0.057 0.107 0.042 0.042 0.009 0.054 0.071 0.043 0.021 0.028 0.043 0.278 0.016 0.016 0.028 0.054 0.04 0.005 0.017 0.033
230 Y 0.04 0.028 0.022 0.019 0.009 0.022 0.028 0.025 0.047 0.044 0.068 0.031 0.019 0.131 0.016 0.031 0.028 0.028 0.318 0.047
231 L 0.035 0.019 0.013 0.014 0.012 0.013 0.017 0.02 0.011 0.107 0.258 0.02 0.057 0.219 0.011 0.022 0.027 0.009 0.041 0.074
232 T 0.059 0.113 0.035 0.031 0.013 0.027 0.036 0.036 0.014 0.036 0.048 0.052 0.015 0.018 0.077 0.092 0.233 0.005 0.015 0.048
233 P 0.048 0.022 0.02 0.026 0.009 0.018 0.031 0.031 0.011 0.022 0.031 0.035 0.009 0.011 0.571 0.037 0.031 0.002 0.011 0.026
234 I 0.078 0.028 0.021 0.021 0.012 0.019 0.026 0.029 0.017 0.144 0.089 0.063 0.034 0.09 0.016 0.039 0.081 0.01 0.103 0.079
235 R 0.039 0.24 0.066 0.028 0.009 0.032 0.037 0.028 0.017 0.1 0.102 0.1 0.019 0.022 0.016 0.036 0.032 0.005 0.016 0.056
236 S 0.077 0.027 0.035 0.032 0.041 0.022 0.033 0.153 0.013 0.071 0.052 0.036 0.015 0.02 0.02 0.202 0.052 0.004 0.014 0.079
237 L 0.079 0.02 0.015 0.016 0.014 0.014 0.02 0.025 0.01 0.123 0.183 0.023 0.054 0.124 0.014 0.029 0.034 0.007 0.029 0.168
238 I 0.084 0.019 0.015 0.017 0.042 0.014 0.02 0.026 0.008 0.195 0.181 0.024 0.029 0.034 0.015 0.044 0.037 0.005 0.017 0.174
239 I 0.046 0.017 0.015 0.016 0.014 0.013 0.017 0.075 0.008 0.269 0.157 0.021 0.029 0.035 0.013 0.025 0.034 0.005 0.017 0.176
240 A 0.172 0.027 0.03 0.029 0.016 0.022 0.033 0.103 0.012 0.053 0.056 0.036 0.016 0.02 0.022 0.141 0.081 0.005 0.015 0.112
241 V 0.098 0.025 0.025 0.024 0.043 0.02 0.028 0.036 0.011 0.077 0.134 0.031 0.036 0.027 0.019 0.114 0.078 0.005 0.016 0.153
242 I 0.084 0.02 0.02 0.02 0.014 0.015 0.023 0.029 0.011 0.176 0.1 0.026 0.024 0.119 0.016 0.065 0.07 0.007 0.028 0.134
243 L 0.08 0.019 0.014 0.015 0.015 0.014 0.019 0.023 0.008 0.173 0.257 0.023 0.033 0.037 0.014 0.028 0.034 0.005 0.018 0.171
244 W 0.047 0.029 0.023 0.023 0.01 0.079 0.035 0.084 0.014 0.081 0.105 0.035 0.02 0.075 0.014 0.061 0.033 0.119 0.03 0.083
245 L 0.056 0.018 0.013 0.014 0.013 0.012 0.018 0.022 0.01 0.145 0.255 0.021 0.032 0.15 0.012 0.024 0.03 0.008 0.032 0.115
246 L 0.084 0.022 0.019 0.019 0.069 0.016 0.023 0.03 0.01 0.077 0.24 0.026 0.028 0.078 0.016 0.065 0.068 0.006 0.022 0.082
247 I 0.044 0.016 0.013 0.015 0.014 0.012 0.016 0.018 0.007 0.334 0.136 0.02 0.03 0.036 0.013 0.023 0.035 0.005 0.017 0.196
248 V 0.057 0.018 0.014 0.015 0.016 0.014 0.019 0.021 0.007 0.164 0.114 0.022 0.027 0.031 0.014 0.027 0.041 0.005 0.017 0.357
249 F 0.041 0.017 0.014 0.015 0.012 0.012 0.017 0.02 0.013 0.174 0.129 0.02 0.026 0.176 0.012 0.023 0.031 0.01 0.075 0.162
250 L 0.074 0.023 0.057 0.022 0.012 0.016 0.023 0.03 0.013 0.065 0.215 0.026 0.04 0.168 0.014 0.036 0.063 0.008 0.035 0.061
251 R 0.047 0.242 0.112 0.038 0.008 0.064 0.046 0.093 0.02 0.02 0.035 0.075 0.012 0.015 0.018 0.074 0.036 0.005 0.014 0.026
252 N 0.081 0.038 0.185 0.049 0.01 0.029 0.074 0.044 0.019 0.094 0.055 0.076 0.015 0.02 0.019 0.078 0.041 0.004 0.015 0.054
253 V 0.099 0.02 0.02 0.064 0.013 0.016 0.027 0.03 0.013 0.085 0.085 0.025 0.021 0.125 0.015 0.035 0.035 0.008 0.068 0.195
254 D 0.048 0.036 0.084 0.234 0.008 0.036 0.166 0.04 0.019 0.02 0.029 0.065 0.01 0.014 0.021 0.091 0.038 0.004 0.012 0.025
255 F 0.033 0.018 0.015 0.015 0.01 0.012 0.018 0.02 0.017 0.12 0.136 0.019 0.024 0.275 0.011 0.022 0.025 0.014 0.127 0.069
256 L 0.036 0.019 0.013 0.013 0.013 0.013 0.017 0.019 0.01 0.117 0.363 0.02 0.037 0.132 0.011 0.021 0.027 0.008 0.03 0.081
257 A 0.172 0.114 0.028 0.041 0.012 0.035 0.146 0.043 0.016 0.038 0.048 0.057 0.014 0.017 0.021 0.067 0.038 0.005 0.015 0.073
258 P 0.05 0.022 0.021 0.026 0.009 0.017 0.03 0.086 0.011 0.021 0.03 0.034 0.009 0.011 0.515 0.038 0.03 0.002 0.011 0.026
259 I 0.039 0.017 0.012 0.014 0.014 0.012 0.016 0.018 0.008 0.297 0.241 0.02 0.034 0.04 0.012 0.021 0.032 0.005 0.018 0.129
260 V 0.052 0.018 0.013 0.015 0.015 0.013 0.018 0.02 0.007 0.196 0.154 0.022 0.029 0.034 0.013 0.025 0.038 0.005 0.018 0.293
261 E 0.053 0.032 0.085 0.045 0.011 0.046 0.144 0.033 0.016 0.064 0.099 0.043 0.019 0.023 0.018 0.07 0.04 0.005 0.016 0.139
262 G 0.06 0.029 0.088 0.037 0.009 0.062 0.034 0.427 0.016 0.018 0.027 0.038 0.01 0.014 0.017 0.047 0.029 0.005 0.011 0.023
263 V 0.066 0.045 0.018 0.018 0.014 0.018 0.023 0.025 0.009 0.161 0.174 0.046 0.028 0.032 0.015 0.034 0.068 0.005 0.017 0.184
264 L 0.038 0.021 0.012 0.013 0.014 0.014 0.017 0.018 0.009 0.098 0.471 0.021 0.042 0.046 0.012 0.021 0.028 0.006 0.019 0.082
265 G 0.061 0.03 0.034 0.037 0.009 0.025 0.087 0.441 0.014 0.017 0.026 0.07 0.009 0.014 0.018 0.044 0.027 0.005 0.01 0.022
266 K 0.05 0.084 0.035 0.035 0.007 0.042 0.056 0.091 0.017 0.023 0.035 0.352 0.013 0.013 0.023 0.045 0.033 0.004 0.014 0.027
267 D 0.036 0.034 0.111 0.381 0.007 0.028 0.07 0.042 0.018 0.019 0.025 0.074 0.009 0.013 0.019 0.047 0.032 0.003 0.011 0.022
268 L 0.041 0.023 0.015 0.015 0.014 0.019 0.02 0.021 0.011 0.12 0.286 0.026 0.164 0.043 0.013 0.026 0.032 0.006 0.02 0.087
269 T 0.062 0.03 0.037 0.032 0.015 0.023 0.033 0.037 0.012 0.045 0.055 0.038 0.017 0.02 0.023 0.079 0.361 0.005 0.015 0.06
270 F 0.03 0.017 0.015 0.015 0.009 0.01 0.017 0.022 0.014 0.057 0.104 0.018 0.048 0.436 0.009 0.022 0.023 0.014 0.07 0.05
271 T 0.068 0.031 0.039 0.034 0.015 0.024 0.036 0.041 0.013 0.041 0.051 0.04 0.016 0.02 0.024 0.131 0.303 0.005 0.015 0.055
272 G 0.06 0.03 0.191 0.048 0.01 0.023 0.034 0.267 0.019 0.019 0.027 0.039 0.01 0.015 0.018 0.109 0.041 0.004 0.012 0.024
273 R 0.038 0.445 0.033 0.026 0.007 0.041 0.044 0.028 0.02 0.02 0.039 0.102 0.013 0.015 0.016 0.038 0.03 0.005 0.015 0.026
274 L 0.048 0.024 0.022 0.021 0.014 0.017 0.023 0.025 0.01 0.105 0.272 0.028 0.031 0.035 0.017 0.044 0.162 0.006 0.017 0.08
275 T 0.083 0.028 0.067 0.034 0.012 0.023 0.066 0.091 0.017 0.041 0.092 0.036 0.017 0.076 0.018 0.053 0.13 0.008 0.061 0.048
276 I 0.04 0.015 0.012 0.015 0.014 0.011 0.015 0.017 0.007 0.382 0.142 0.02 0.031 0.037 0.012 0.021 0.034 0.005 0.017 0.15
277 W 0.026 0.019 0.013 0.013 0.006 0.013 0.019 0.026 0.013 0.026 0.045 0.019 0.013 0.051 0.006 0.019 0.019 0.57 0.058 0.026
278 D 0.045 0.043 0.05 0.309 0.008 0.061 0.072 0.04 0.017 0.021 0.029 0.113 0.01 0.013 0.021 0.074 0.035 0.004 0.012 0.024
279 N 0.036 0.038 0.421 0.07 0.008 0.029 0.042 0.055 0.027 0.019 0.027 0.046 0.009 0.015 0.017 0.059 0.042 0.004 0.013 0.023
280 A 0.398 0.026 0.022 0.025 0.018 0.022 0.034 0.066 0.013 0.037 0.05 0.038 0.015 0.018 0.025 0.072 0.042 0.005 0.015 0.058
281 I 0.044 0.018 0.013 0.015 0.014 0.014 0.017 0.019 0.008 0.247 0.204 0.022 0.058 0.038 0.013 0.023 0.034 0.005 0.018 0.175
282 N 0.053 0.087 0.152 0.045 0.01 0.032 0.044 0.044 0.041 0.042 0.041 0.117 0.013 0.017 0.02 0.109 0.075 0.004 0.016 0.037
283 A 0.189 0.028 0.025 0.029 0.069 0.024 0.068 0.043 0.1 0.052 0.057 0.035 0.016 0.022 0.02 0.05 0.036 0.005 0.022 0.111
284 I 0.041 0.016 0.014 0.016 0.014 0.012 0.016 0.018 0.008 0.351 0.154 0.021 0.031 0.037 0.013 0.024 0.05 0.005 0.017 0.142
285 S 0.094 0.078 0.032 0.031 0.013 0.057 0.042 0.04 0.015 0.1 0.062 0.082 0.018 0.021 0.021 0.121 0.092 0.005 0.016 0.062
286 A 0.118 0.036 0.067 0.04 0.012 0.03 0.109 0.04 0.038 0.072 0.113 0.075 0.019 0.023 0.02 0.075 0.038 0.005 0.017 0.054
287 N 0.043 0.061 0.256 0.06 0.008 0.037 0.051 0.051 0.025 0.022 0.032 0.163 0.011 0.015 0.021 0.057 0.041 0.004 0.015 0.026
288 P 0.053 0.025 0.021 0.027 0.011 0.019 0.032 0.033 0.012 0.039 0.095 0.037 0.016 0.019 0.428 0.039 0.034 0.003 0.014 0.04
289 L 0.039 0.018 0.014 0.016 0.012 0.013 0.019 0.02 0.013 0.165 0.176 0.022 0.027 0.132 0.068 0.024 0.03 0.009 0.069 0.115
290 F 0.044 0.048 0.021 0.021 0.011 0.048 0.03 0.026 0.014 0.107 0.125 0.05 0.023 0.186 0.014 0.058 0.033 0.008 0.037 0.094
291 G 0.066 0.019 0.033 0.029 0.009 0.016 0.022 0.585 0.011 0.016 0.024 0.029 0.008 0.014 0.016 0.043 0.025 0.005 0.009 0.021
292 Y 0.035 0.026 0.023 0.019 0.008 0.021 0.027 0.023 0.119 0.04 0.094 0.028 0.018 0.087 0.014 0.028 0.024 0.019 0.307 0.04
293 G 0.066 0.019 0.033 0.029 0.009 0.016 0.022 0.585 0.011 0.016 0.024 0.029 0.008 0.014 0.016 0.043 0.025 0.005 0.009 0.021
294 I 0.043 0.066 0.037 0.02 0.012 0.02 0.024 0.023 0.014 0.169 0.141 0.05 0.052 0.04 0.014 0.029 0.034 0.007 0.058 0.146
295 L 0.041 0.025 0.015 0.017 0.013 0.047 0.025 0.021 0.011 0.119 0.331 0.028 0.075 0.04 0.013 0.025 0.031 0.006 0.019 0.098
296 T 0.056 0.035 0.033 0.03 0.013 0.071 0.041 0.035 0.039 0.044 0.068 0.043 0.06 0.031 0.02 0.085 0.18 0.007 0.059 0.052
297 S 0.062 0.035 0.153 0.046 0.011 0.056 0.043 0.103 0.02 0.025 0.038 0.044 0.013 0.062 0.02 0.165 0.049 0.005 0.02 0.031
298 D 0.051 0.03 0.107 0.268 0.01 0.026 0.059 0.045 0.017 0.024 0.031 0.041 0.011 0.015 0.021 0.111 0.089 0.004 0.012 0.03
299 D 0.115 0.039 0.034 0.127 0.01 0.076 0.106 0.039 0.019 0.037 0.046 0.08 0.014 0.026 0.02 0.047 0.034 0.006 0.055 0.069
300 A 0.152 0.025 0.058 0.024 0.015 0.02 0.027 0.039 0.013 0.105 0.104 0.031 0.1 0.029 0.017 0.044 0.039 0.005 0.017 0.134
301 V 0.123 0.02 0.016 0.017 0.016 0.016 0.023 0.03 0.011 0.133 0.096 0.025 0.024 0.037 0.016 0.036 0.039 0.007 0.057 0.259
302 E 0.047 0.086 0.076 0.066 0.008 0.095 0.107 0.091 0.063 0.023 0.035 0.091 0.013 0.016 0.019 0.049 0.065 0.005 0.018 0.029
303 L 0.042 0.025 0.019 0.019 0.012 0.048 0.027 0.023 0.02 0.126 0.179 0.03 0.026 0.057 0.014 0.031 0.063 0.011 0.139 0.09
304 L 0.037 0.02 0.012 0.013 0.013 0.013 0.017 0.018 0.009 0.093 0.433 0.021 0.04 0.09 0.012 0.021 0.028 0.007 0.025 0.078
305 G 0.066 0.019 0.033 0.029 0.009 0.016 0.022 0.585 0.011 0.016 0.024 0.029 0.008 0.014 0.016 0.043 0.025 0.005 0.009 0.021
306 N 0.046 0.042 0.199 0.048 0.01 0.06 0.044 0.043 0.021 0.069 0.092 0.081 0.018 0.021 0.018 0.078 0.042 0.005 0.015 0.047
307 F 0.054 0.023 0.025 0.024 0.012 0.017 0.026 0.033 0.015 0.114 0.086 0.028 0.021 0.204 0.016 0.124 0.041 0.01 0.062 0.067
308 G 0.069 0.027 0.077 0.038 0.011 0.022 0.034 0.225 0.015 0.021 0.03 0.038 0.01 0.015 0.141 0.139 0.044 0.004 0.012 0.028
309 G 0.064 0.031 0.121 0.047 0.011 0.027 0.074 0.225 0.017 0.023 0.032 0.042 0.011 0.016 0.02 0.115 0.076 0.005 0.013 0.03
310 G 0.045 0.021 0.022 0.02 0.009 0.017 0.022 0.207 0.024 0.066 0.056 0.026 0.015 0.065 0.014 0.031 0.025 0.075 0.195 0.045
311 I 0.042 0.018 0.013 0.015 0.014 0.013 0.017 0.018 0.008 0.255 0.247 0.021 0.035 0.04 0.013 0.022 0.033 0.005 0.018 0.153
312 W 0.029 0.066 0.017 0.017 0.007 0.047 0.028 0.026 0.015 0.028 0.049 0.033 0.014 0.087 0.009 0.024 0.022 0.401 0.051 0.028
313 K 0.055 0.051 0.03 0.029 0.012 0.03 0.041 0.033 0.013 0.053 0.056 0.175 0.016 0.018 0.076 0.051 0.133 0.004 0.015 0.108
314 G 0.099 0.022 0.033 0.029 0.011 0.018 0.025 0.423 0.012 0.024 0.033 0.031 0.01 0.015 0.018 0.053 0.094 0.005 0.011 0.032
315 A 0.364 0.026 0.021 0.024 0.018 0.021 0.033 0.062 0.012 0.047 0.056 0.036 0.016 0.02 0.024 0.068 0.042 0.005 0.015 0.091
316 T 0.062 0.03 0.037 0.032 0.015 0.023 0.033 0.037 0.012 0.045 0.055 0.038 0.017 0.02 0.023 0.079 0.361 0.005 0.015 0.06
317 H 0.036 0.039 0.045 0.032 0.006 0.032 0.045 0.032 0.453 0.019 0.032 0.039 0.013 0.026 0.016 0.036 0.023 0.006 0.049 0.019
318 C 0.192 0.019 0.017 0.018 0.345 0.015 0.022 0.043 0.009 0.037 0.053 0.025 0.014 0.018 0.018 0.05 0.036 0.004 0.012 0.052
319 H 0.036 0.039 0.045 0.032 0.006 0.032 0.045 0.032 0.453 0.019 0.032 0.039 0.013 0.026 0.016 0.036 0.023 0.006 0.049 0.019
320 N 0.045 0.031 0.248 0.119 0.119 0.024 0.042 0.047 0.02 0.023 0.033 0.039 0.01 0.015 0.018 0.08 0.041 0.004 0.012 0.029
