#Seq2Logo.py -f /work3/idamei/ssn-clusterings/2206011120/clusters/0019_122/sequences.afa -m 0.0001 -b 50 -o /work3/idamei/ssn-clusterings/2206011120/clusters/0019_122/sequences.logo -p 640x1000 -l 30
#Position Specific Frequency Matrix
A R N D C Q E G H I L K M F P S T W Y V
0 M 0.048 0.029 0.018 0.018 0.015 0.026 0.026 0.026 0.015 0.092 0.18 0.033 0.234 0.044 0.015 0.033 0.037 0.007 0.022 0.084
1 L 0.047 0.027 0.029 0.095 0.013 0.025 0.083 0.028 0.013 0.124 0.171 0.036 0.027 0.031 0.018 0.042 0.086 0.005 0.017 0.082
2 Y 0.037 0.026 0.02 0.017 0.008 0.02 0.026 0.023 0.043 0.04 0.063 0.028 0.017 0.119 0.014 0.028 0.026 0.026 0.378 0.043
3 L 0.047 0.02 0.014 0.015 0.016 0.014 0.019 0.02 0.008 0.182 0.27 0.023 0.038 0.043 0.014 0.024 0.036 0.006 0.02 0.173
4 L 0.041 0.02 0.015 0.016 0.013 0.015 0.02 0.02 0.019 0.19 0.193 0.024 0.031 0.067 0.014 0.024 0.032 0.012 0.128 0.107
5 L 0.047 0.022 0.019 0.019 0.015 0.016 0.021 0.023 0.01 0.172 0.26 0.026 0.036 0.041 0.016 0.035 0.09 0.006 0.019 0.108
6 G 0.051 0.02 0.021 0.021 0.013 0.016 0.02 0.182 0.011 0.141 0.149 0.026 0.057 0.08 0.014 0.032 0.031 0.007 0.024 0.085
7 F 0.073 0.021 0.019 0.019 0.012 0.014 0.022 0.03 0.014 0.062 0.142 0.024 0.025 0.28 0.014 0.037 0.064 0.012 0.056 0.059
8 L 0.094 0.022 0.016 0.017 0.016 0.015 0.022 0.029 0.01 0.103 0.218 0.025 0.032 0.099 0.015 0.033 0.037 0.007 0.028 0.162
9 I 0.047 0.022 0.018 0.019 0.015 0.017 0.021 0.023 0.01 0.201 0.197 0.027 0.071 0.04 0.015 0.034 0.077 0.006 0.019 0.118
10 C 0.067 0.027 0.031 0.028 0.171 0.021 0.03 0.038 0.011 0.048 0.09 0.034 0.019 0.023 0.021 0.095 0.166 0.005 0.015 0.059
11 V 0.064 0.024 0.025 0.024 0.015 0.018 0.028 0.033 0.013 0.086 0.091 0.029 0.023 0.152 0.017 0.098 0.056 0.008 0.037 0.159
12 L 0.095 0.023 0.021 0.021 0.014 0.016 0.025 0.034 0.012 0.127 0.16 0.028 0.027 0.142 0.016 0.071 0.039 0.008 0.035 0.084
13 L 0.122 0.024 0.021 0.023 0.014 0.019 0.027 0.116 0.013 0.054 0.13 0.031 0.052 0.09 0.096 0.044 0.034 0.007 0.026 0.057
14 L 0.048 0.026 0.024 0.022 0.013 0.019 0.027 0.029 0.072 0.094 0.236 0.029 0.031 0.1 0.015 0.065 0.036 0.008 0.034 0.071
15 F 0.036 0.018 0.015 0.016 0.012 0.012 0.018 0.022 0.013 0.145 0.126 0.02 0.058 0.276 0.011 0.024 0.028 0.011 0.054 0.085
16 F 0.034 0.018 0.014 0.015 0.011 0.011 0.017 0.021 0.013 0.101 0.204 0.019 0.03 0.293 0.011 0.022 0.026 0.012 0.056 0.071
17 A 0.197 0.027 0.027 0.028 0.017 0.022 0.033 0.052 0.013 0.124 0.076 0.037 0.02 0.025 0.023 0.126 0.05 0.005 0.016 0.082
18 L 0.04 0.021 0.013 0.014 0.014 0.014 0.018 0.019 0.009 0.138 0.401 0.022 0.043 0.048 0.013 0.022 0.031 0.006 0.02 0.096
19 Y 0.049 0.045 0.026 0.024 0.011 0.027 0.036 0.029 0.021 0.061 0.117 0.122 0.022 0.052 0.018 0.041 0.075 0.011 0.124 0.091
20 Y 0.06 0.026 0.028 0.026 0.012 0.02 0.029 0.109 0.022 0.083 0.103 0.032 0.02 0.056 0.018 0.108 0.041 0.011 0.136 0.059
21 G 0.057 0.023 0.025 0.023 0.014 0.019 0.024 0.179 0.011 0.115 0.105 0.03 0.085 0.03 0.016 0.041 0.076 0.006 0.016 0.104
22 K 0.049 0.141 0.037 0.036 0.008 0.047 0.061 0.037 0.019 0.024 0.039 0.32 0.014 0.014 0.024 0.047 0.035 0.005 0.015 0.029
23 C 0.066 0.022 0.025 0.024 0.221 0.017 0.026 0.036 0.011 0.054 0.067 0.028 0.018 0.082 0.018 0.111 0.055 0.006 0.023 0.09
24 D 0.087 0.15 0.092 0.16 0.009 0.034 0.057 0.044 0.019 0.024 0.036 0.105 0.012 0.015 0.021 0.051 0.036 0.004 0.014 0.031
25 L 0.039 0.019 0.014 0.015 0.013 0.014 0.018 0.02 0.014 0.194 0.226 0.022 0.033 0.098 0.013 0.023 0.031 0.009 0.079 0.106
26 T 0.055 0.027 0.032 0.028 0.014 0.02 0.03 0.034 0.013 0.05 0.071 0.034 0.019 0.144 0.02 0.066 0.24 0.008 0.034 0.059
27 S 0.098 0.036 0.048 0.044 0.016 0.03 0.047 0.059 0.017 0.027 0.037 0.048 0.014 0.019 0.027 0.303 0.073 0.005 0.016 0.037
28 P 0.051 0.023 0.021 0.028 0.009 0.018 0.032 0.032 0.012 0.023 0.032 0.037 0.009 0.012 0.548 0.039 0.032 0.002 0.012 0.028
29 L 0.086 0.023 0.014 0.015 0.015 0.016 0.021 0.026 0.01 0.094 0.387 0.025 0.04 0.045 0.015 0.029 0.032 0.006 0.019 0.082
30 S 0.081 0.03 0.038 0.036 0.014 0.025 0.039 0.048 0.015 0.073 0.055 0.042 0.016 0.036 0.098 0.216 0.06 0.005 0.018 0.054
31 L 0.04 0.022 0.013 0.014 0.014 0.014 0.018 0.019 0.009 0.103 0.442 0.023 0.044 0.049 0.013 0.022 0.03 0.006 0.02 0.086
32 H 0.05 0.039 0.046 0.035 0.009 0.032 0.046 0.038 0.307 0.025 0.038 0.042 0.014 0.025 0.019 0.082 0.074 0.006 0.041 0.029
33 L 0.051 0.021 0.018 0.017 0.09 0.015 0.021 0.025 0.01 0.092 0.191 0.024 0.029 0.093 0.015 0.035 0.076 0.007 0.026 0.147
34 L 0.049 0.022 0.019 0.019 0.014 0.015 0.022 0.026 0.012 0.085 0.241 0.025 0.031 0.157 0.014 0.063 0.036 0.008 0.036 0.106
35 S 0.113 0.031 0.038 0.037 0.014 0.026 0.042 0.053 0.015 0.027 0.038 0.044 0.013 0.017 0.175 0.204 0.058 0.004 0.014 0.037
36 W 0.027 0.02 0.014 0.014 0.007 0.014 0.02 0.027 0.014 0.027 0.047 0.02 0.014 0.054 0.007 0.02 0.02 0.547 0.061 0.027
37 F 0.045 0.023 0.019 0.018 0.032 0.017 0.022 0.025 0.016 0.076 0.15 0.026 0.057 0.151 0.014 0.035 0.073 0.011 0.087 0.103
38 L 0.037 0.018 0.014 0.015 0.012 0.012 0.017 0.02 0.011 0.155 0.225 0.02 0.033 0.205 0.012 0.022 0.029 0.009 0.043 0.092
39 V 0.053 0.024 0.019 0.019 0.016 0.019 0.023 0.025 0.01 0.129 0.175 0.028 0.093 0.037 0.016 0.036 0.079 0.006 0.019 0.176
40 F 0.103 0.024 0.025 0.025 0.089 0.018 0.028 0.04 0.013 0.05 0.119 0.03 0.021 0.147 0.018 0.112 0.043 0.008 0.034 0.053
41 F 0.092 0.021 0.02 0.02 0.088 0.015 0.023 0.034 0.013 0.09 0.087 0.025 0.021 0.208 0.016 0.064 0.045 0.009 0.043 0.066
42 V 0.065 0.024 0.025 0.024 0.016 0.019 0.027 0.031 0.01 0.134 0.095 0.031 0.024 0.028 0.019 0.081 0.118 0.005 0.017 0.205
43 G 0.07 0.02 0.035 0.03 0.01 0.017 0.023 0.563 0.012 0.017 0.025 0.03 0.008 0.014 0.017 0.046 0.027 0.005 0.01 0.022
44 I 0.041 0.019 0.014 0.015 0.014 0.014 0.018 0.019 0.013 0.236 0.209 0.022 0.033 0.053 0.013 0.023 0.033 0.008 0.072 0.13
45 L 0.046 0.021 0.018 0.019 0.013 0.015 0.021 0.025 0.011 0.151 0.22 0.024 0.032 0.138 0.014 0.062 0.036 0.008 0.033 0.091
46 V 0.09 0.03 0.083 0.036 0.015 0.023 0.035 0.044 0.015 0.066 0.066 0.038 0.019 0.038 0.021 0.125 0.102 0.005 0.019 0.131
47 Y 0.046 0.024 0.024 0.021 0.009 0.019 0.024 0.177 0.033 0.033 0.051 0.028 0.014 0.088 0.015 0.033 0.025 0.019 0.282 0.036
48 D 0.037 0.03 0.152 0.356 0.007 0.028 0.071 0.046 0.02 0.02 0.026 0.042 0.009 0.014 0.019 0.051 0.035 0.003 0.011 0.022
49 Q 0.065 0.058 0.042 0.046 0.01 0.151 0.103 0.044 0.022 0.024 0.039 0.108 0.016 0.015 0.024 0.131 0.048 0.005 0.017 0.033
50 F 0.03 0.017 0.015 0.015 0.009 0.009 0.017 0.023 0.015 0.057 0.102 0.017 0.023 0.453 0.009 0.023 0.023 0.015 0.079 0.049
51 Y 0.038 0.025 0.071 0.025 0.01 0.019 0.025 0.026 0.03 0.125 0.082 0.029 0.02 0.08 0.014 0.031 0.031 0.016 0.231 0.072
52 P 0.046 0.03 0.037 0.167 0.008 0.032 0.143 0.035 0.016 0.021 0.03 0.046 0.01 0.013 0.247 0.044 0.032 0.003 0.012 0.026
53 F 0.034 0.019 0.014 0.014 0.012 0.012 0.017 0.021 0.012 0.077 0.248 0.019 0.032 0.28 0.011 0.022 0.026 0.011 0.054 0.065
54 N 0.054 0.097 0.137 0.045 0.01 0.032 0.045 0.045 0.02 0.026 0.038 0.098 0.013 0.016 0.097 0.091 0.084 0.004 0.015 0.033
55 E 0.057 0.032 0.061 0.068 0.01 0.033 0.163 0.031 0.017 0.056 0.113 0.043 0.02 0.085 0.018 0.041 0.034 0.006 0.025 0.085
56 E 0.044 0.062 0.039 0.153 0.008 0.041 0.191 0.033 0.038 0.067 0.049 0.08 0.014 0.019 0.02 0.044 0.033 0.005 0.016 0.045
57 T 0.071 0.029 0.034 0.031 0.016 0.023 0.034 0.039 0.012 0.099 0.074 0.038 0.02 0.025 0.022 0.13 0.173 0.005 0.017 0.11
58 F 0.03 0.017 0.015 0.015 0.009 0.01 0.017 0.023 0.016 0.056 0.101 0.017 0.022 0.441 0.01 0.023 0.023 0.015 0.09 0.049
59 Y 0.038 0.023 0.018 0.016 0.01 0.018 0.023 0.021 0.032 0.092 0.128 0.026 0.023 0.096 0.014 0.026 0.027 0.02 0.285 0.065
60 C 0.115 0.025 0.028 0.028 0.19 0.02 0.03 0.045 0.012 0.079 0.063 0.033 0.017 0.022 0.021 0.142 0.05 0.004 0.014 0.062
61 L 0.038 0.019 0.014 0.015 0.012 0.012 0.018 0.021 0.012 0.086 0.249 0.02 0.033 0.234 0.011 0.023 0.028 0.01 0.047 0.097
62 L 0.041 0.025 0.067 0.023 0.014 0.018 0.023 0.025 0.012 0.113 0.314 0.028 0.07 0.042 0.014 0.029 0.033 0.006 0.019 0.083
63 I 0.045 0.016 0.013 0.016 0.015 0.012 0.017 0.019 0.008 0.32 0.145 0.021 0.032 0.038 0.013 0.023 0.037 0.005 0.018 0.185
64 W 0.027 0.02 0.014 0.014 0.007 0.014 0.02 0.027 0.014 0.027 0.047 0.02 0.014 0.054 0.007 0.02 0.02 0.547 0.061 0.027
65 Y 0.036 0.02 0.016 0.016 0.01 0.014 0.02 0.021 0.024 0.133 0.098 0.023 0.023 0.191 0.012 0.025 0.027 0.017 0.195 0.077
66 L 0.052 0.024 0.022 0.022 0.039 0.017 0.025 0.029 0.011 0.109 0.222 0.028 0.03 0.075 0.035 0.072 0.079 0.006 0.023 0.079
67 V 0.054 0.022 0.021 0.02 0.016 0.017 0.023 0.025 0.009 0.161 0.166 0.028 0.029 0.034 0.017 0.041 0.12 0.005 0.018 0.172
68 L 0.096 0.024 0.022 0.022 0.016 0.018 0.025 0.032 0.01 0.127 0.19 0.03 0.029 0.033 0.018 0.048 0.119 0.005 0.018 0.117
69 G 0.057 0.024 0.03 0.026 0.011 0.018 0.027 0.184 0.018 0.037 0.059 0.03 0.016 0.156 0.017 0.079 0.075 0.011 0.086 0.041
70 F 0.038 0.018 0.014 0.015 0.012 0.012 0.018 0.021 0.012 0.12 0.176 0.02 0.029 0.257 0.011 0.023 0.029 0.011 0.051 0.114
71 I 0.06 0.026 0.028 0.026 0.014 0.02 0.029 0.035 0.013 0.135 0.101 0.033 0.055 0.09 0.018 0.113 0.086 0.007 0.026 0.084
72 F 0.034 0.021 0.017 0.016 0.01 0.014 0.021 0.022 0.026 0.056 0.133 0.022 0.023 0.251 0.012 0.025 0.025 0.018 0.204 0.051
73 F 0.092 0.022 0.021 0.021 0.013 0.016 0.025 0.034 0.013 0.087 0.138 0.027 0.024 0.211 0.016 0.072 0.046 0.009 0.044 0.067
74 V 0.054 0.02 0.017 0.017 0.016 0.015 0.021 0.022 0.008 0.188 0.166 0.024 0.031 0.035 0.015 0.032 0.07 0.005 0.018 0.225
75 G 0.047 0.025 0.075 0.029 0.011 0.019 0.025 0.183 0.016 0.049 0.091 0.03 0.082 0.148 0.014 0.038 0.031 0.008 0.034 0.047
76 E 0.046 0.039 0.031 0.062 0.007 0.047 0.273 0.029 0.028 0.025 0.041 0.056 0.013 0.044 0.02 0.043 0.031 0.011 0.122 0.032
77 L 0.038 0.018 0.014 0.015 0.013 0.012 0.017 0.02 0.01 0.195 0.22 0.02 0.033 0.16 0.012 0.022 0.03 0.008 0.036 0.106
78 S 0.118 0.029 0.032 0.031 0.016 0.023 0.035 0.046 0.016 0.085 0.068 0.038 0.019 0.033 0.022 0.166 0.055 0.007 0.052 0.109
79 Q 0.053 0.052 0.087 0.043 0.01 0.169 0.066 0.04 0.022 0.071 0.055 0.076 0.019 0.018 0.02 0.076 0.052 0.005 0.017 0.05
80 R 0.043 0.147 0.08 0.032 0.009 0.031 0.038 0.083 0.023 0.049 0.089 0.1 0.017 0.038 0.017 0.04 0.032 0.009 0.082 0.042
81 K 0.045 0.081 0.176 0.052 0.008 0.077 0.059 0.046 0.023 0.023 0.035 0.187 0.013 0.015 0.021 0.053 0.039 0.005 0.015 0.028
82 K 0.045 0.1 0.078 0.033 0.011 0.03 0.039 0.033 0.016 0.128 0.109 0.134 0.022 0.026 0.018 0.048 0.037 0.005 0.017 0.072
83 N 0.053 0.052 0.15 0.055 0.009 0.037 0.094 0.046 0.021 0.023 0.033 0.126 0.012 0.015 0.097 0.088 0.043 0.004 0.014 0.028
84 N 0.057 0.103 0.203 0.058 0.01 0.035 0.049 0.054 0.024 0.023 0.035 0.084 0.013 0.017 0.022 0.112 0.051 0.005 0.015 0.03
85 I 0.048 0.035 0.022 0.022 0.012 0.023 0.03 0.025 0.043 0.151 0.1 0.076 0.025 0.055 0.017 0.032 0.035 0.011 0.107 0.132
86 N 0.041 0.031 0.179 0.148 0.01 0.025 0.047 0.044 0.02 0.101 0.085 0.039 0.018 0.024 0.018 0.048 0.04 0.004 0.015 0.064
87 I 0.047 0.018 0.015 0.018 0.016 0.013 0.018 0.021 0.009 0.269 0.168 0.024 0.037 0.044 0.015 0.025 0.04 0.006 0.021 0.177
88 L 0.045 0.024 0.014 0.015 0.016 0.016 0.02 0.021 0.01 0.116 0.373 0.025 0.05 0.055 0.014 0.024 0.034 0.007 0.022 0.097
89 L 0.056 0.036 0.025 0.024 0.013 0.023 0.032 0.03 0.017 0.114 0.14 0.082 0.025 0.046 0.018 0.074 0.041 0.009 0.078 0.116
90 K 0.051 0.06 0.03 0.029 0.009 0.033 0.043 0.119 0.02 0.04 0.106 0.185 0.019 0.038 0.02 0.041 0.032 0.009 0.076 0.04
91 Y 0.037 0.025 0.019 0.016 0.01 0.019 0.024 0.022 0.037 0.051 0.124 0.027 0.022 0.107 0.014 0.027 0.026 0.022 0.32 0.05
92 G 0.051 0.041 0.029 0.037 0.01 0.031 0.096 0.133 0.02 0.088 0.065 0.097 0.017 0.057 0.019 0.039 0.032 0.009 0.072 0.058
93 L 0.043 0.02 0.015 0.016 0.013 0.014 0.02 0.021 0.017 0.137 0.174 0.023 0.03 0.136 0.013 0.025 0.032 0.012 0.103 0.135
94 K 0.059 0.072 0.107 0.049 0.01 0.042 0.072 0.048 0.021 0.025 0.037 0.209 0.013 0.016 0.024 0.099 0.046 0.005 0.016 0.031
95 E 0.043 0.04 0.143 0.127 0.007 0.042 0.19 0.041 0.081 0.02 0.031 0.054 0.011 0.017 0.02 0.051 0.035 0.005 0.019 0.025
96 L 0.051 0.055 0.026 0.025 0.012 0.026 0.035 0.03 0.017 0.131 0.131 0.113 0.024 0.042 0.018 0.07 0.038 0.008 0.071 0.077
97 K 0.058 0.06 0.089 0.051 0.01 0.041 0.116 0.043 0.02 0.027 0.039 0.165 0.013 0.016 0.024 0.092 0.083 0.005 0.015 0.034
98 Y 0.036 0.135 0.023 0.02 0.008 0.025 0.03 0.024 0.032 0.036 0.061 0.049 0.017 0.136 0.014 0.031 0.026 0.018 0.239 0.039
99 I 0.047 0.025 0.019 0.03 0.013 0.025 0.086 0.023 0.013 0.209 0.133 0.034 0.068 0.036 0.016 0.031 0.037 0.006 0.019 0.131
100 C 0.06 0.025 0.023 0.023 0.313 0.055 0.03 0.033 0.011 0.08 0.066 0.032 0.018 0.021 0.017 0.074 0.039 0.004 0.014 0.061
101 K 0.106 0.067 0.037 0.036 0.011 0.038 0.052 0.103 0.017 0.026 0.039 0.221 0.014 0.016 0.024 0.097 0.043 0.005 0.015 0.035
102 R 0.045 0.257 0.032 0.028 0.009 0.036 0.043 0.03 0.017 0.079 0.061 0.12 0.017 0.02 0.019 0.043 0.068 0.005 0.016 0.054
103 Y 0.037 0.025 0.018 0.016 0.009 0.019 0.024 0.022 0.037 0.048 0.116 0.027 0.021 0.107 0.014 0.027 0.026 0.022 0.338 0.048
104 W 0.06 0.026 0.028 0.027 0.012 0.02 0.031 0.04 0.014 0.073 0.058 0.032 0.017 0.037 0.016 0.142 0.045 0.237 0.035 0.05
105 L 0.047 0.019 0.013 0.015 0.015 0.013 0.018 0.02 0.008 0.223 0.224 0.022 0.035 0.04 0.013 0.024 0.036 0.005 0.019 0.189
106 L 0.039 0.019 0.014 0.015 0.013 0.014 0.018 0.02 0.011 0.187 0.212 0.022 0.064 0.136 0.012 0.024 0.031 0.008 0.033 0.105
107 V 0.129 0.024 0.021 0.022 0.017 0.018 0.027 0.037 0.01 0.107 0.139 0.03 0.026 0.03 0.019 0.077 0.046 0.005 0.018 0.198
108 I 0.042 0.017 0.013 0.015 0.014 0.012 0.016 0.018 0.008 0.314 0.192 0.021 0.034 0.041 0.013 0.022 0.035 0.005 0.019 0.148
109 P 0.047 0.021 0.019 0.024 0.01 0.016 0.028 0.029 0.012 0.074 0.059 0.032 0.015 0.079 0.394 0.034 0.031 0.005 0.022 0.049
110 A 0.141 0.022 0.017 0.019 0.091 0.018 0.024 0.036 0.01 0.117 0.138 0.028 0.057 0.031 0.018 0.042 0.039 0.005 0.017 0.13
111 C 0.075 0.024 0.029 0.027 0.315 0.019 0.028 0.042 0.011 0.034 0.049 0.031 0.014 0.018 0.02 0.151 0.05 0.004 0.013 0.045
112 L 0.08 0.02 0.015 0.016 0.015 0.014 0.02 0.026 0.01 0.137 0.217 0.024 0.032 0.097 0.014 0.03 0.035 0.007 0.027 0.163
113 I 0.042 0.02 0.016 0.016 0.012 0.016 0.02 0.021 0.022 0.187 0.107 0.024 0.025 0.072 0.014 0.026 0.032 0.014 0.178 0.135
114 T 0.062 0.03 0.035 0.031 0.016 0.023 0.033 0.036 0.012 0.056 0.113 0.038 0.021 0.025 0.023 0.074 0.285 0.005 0.016 0.067
115 A 0.211 0.022 0.018 0.021 0.017 0.017 0.027 0.046 0.011 0.166 0.096 0.031 0.023 0.058 0.02 0.05 0.039 0.006 0.021 0.1
116 Y 0.039 0.022 0.02 0.018 0.009 0.016 0.022 0.1 0.029 0.04 0.067 0.025 0.017 0.196 0.013 0.029 0.024 0.038 0.236 0.04
117 E 0.049 0.044 0.036 0.081 0.007 0.058 0.372 0.031 0.023 0.02 0.033 0.067 0.012 0.015 0.023 0.049 0.033 0.005 0.015 0.028
118 I 0.044 0.016 0.013 0.016 0.015 0.012 0.016 0.019 0.008 0.33 0.147 0.021 0.032 0.039 0.013 0.023 0.036 0.005 0.018 0.176
119 Y 0.035 0.023 0.018 0.016 0.009 0.017 0.023 0.022 0.034 0.047 0.097 0.025 0.02 0.184 0.013 0.026 0.025 0.022 0.298 0.046
120 K 0.046 0.097 0.028 0.027 0.01 0.034 0.043 0.03 0.02 0.083 0.078 0.177 0.051 0.037 0.019 0.039 0.044 0.008 0.07 0.058
121 V 0.063 0.02 0.015 0.016 0.017 0.015 0.021 0.022 0.007 0.147 0.116 0.023 0.028 0.032 0.015 0.029 0.044 0.005 0.018 0.347
122 G 0.07 0.02 0.035 0.03 0.01 0.017 0.023 0.563 0.012 0.017 0.025 0.03 0.008 0.014 0.017 0.046 0.027 0.005 0.01 0.022
123 N 0.064 0.031 0.119 0.039 0.013 0.025 0.034 0.042 0.018 0.049 0.082 0.038 0.071 0.086 0.019 0.088 0.097 0.007 0.026 0.052
124 G 0.068 0.027 0.101 0.04 0.011 0.022 0.031 0.344 0.016 0.022 0.031 0.037 0.01 0.016 0.019 0.09 0.069 0.005 0.012 0.029
125 G 0.07 0.02 0.035 0.03 0.01 0.017 0.023 0.563 0.012 0.017 0.025 0.03 0.008 0.014 0.017 0.046 0.027 0.005 0.01 0.022
126 P 0.141 0.024 0.021 0.027 0.012 0.02 0.033 0.043 0.012 0.027 0.038 0.038 0.011 0.014 0.399 0.05 0.036 0.003 0.013 0.037
127 N 0.091 0.028 0.131 0.098 0.012 0.023 0.039 0.042 0.02 0.062 0.061 0.036 0.017 0.035 0.018 0.048 0.04 0.007 0.069 0.124
128 N 0.06 0.036 0.145 0.068 0.01 0.029 0.044 0.124 0.116 0.022 0.032 0.043 0.012 0.019 0.02 0.122 0.044 0.005 0.023 0.027
129 F 0.03 0.017 0.015 0.015 0.009 0.009 0.017 0.023 0.015 0.057 0.102 0.017 0.023 0.453 0.009 0.023 0.023 0.015 0.079 0.049
130 F 0.034 0.019 0.014 0.014 0.012 0.012 0.017 0.021 0.012 0.077 0.248 0.019 0.032 0.28 0.011 0.022 0.026 0.011 0.054 0.065
131 L 0.04 0.022 0.013 0.014 0.014 0.014 0.018 0.019 0.009 0.103 0.442 0.023 0.044 0.049 0.013 0.022 0.03 0.006 0.02 0.086
132 N 0.038 0.04 0.39 0.074 0.008 0.03 0.044 0.058 0.028 0.02 0.028 0.048 0.01 0.016 0.018 0.062 0.044 0.004 0.014 0.024
133 L 0.04 0.022 0.013 0.014 0.014 0.014 0.018 0.019 0.009 0.103 0.442 0.023 0.044 0.049 0.013 0.022 0.03 0.006 0.02 0.086
134 R 0.04 0.415 0.035 0.028 0.007 0.043 0.047 0.029 0.021 0.021 0.042 0.107 0.014 0.016 0.017 0.04 0.031 0.005 0.016 0.028
135 L 0.04 0.022 0.013 0.014 0.014 0.014 0.018 0.019 0.009 0.103 0.442 0.023 0.044 0.049 0.013 0.022 0.03 0.006 0.02 0.086
136 A 0.29 0.03 0.03 0.031 0.018 0.025 0.039 0.067 0.014 0.035 0.049 0.042 0.015 0.019 0.027 0.141 0.053 0.005 0.016 0.055
137 N 0.038 0.033 0.229 0.049 0.01 0.024 0.034 0.042 0.025 0.046 0.151 0.038 0.021 0.04 0.016 0.046 0.037 0.008 0.07 0.044
138 I 0.046 0.021 0.02 0.02 0.014 0.015 0.022 0.025 0.011 0.176 0.157 0.026 0.028 0.114 0.016 0.039 0.112 0.007 0.03 0.101
139 D 0.042 0.03 0.07 0.389 0.008 0.03 0.093 0.047 0.019 0.023 0.028 0.045 0.009 0.015 0.023 0.053 0.036 0.004 0.011 0.025
140 L 0.046 0.027 0.02 0.033 0.013 0.027 0.119 0.023 0.013 0.112 0.247 0.035 0.031 0.036 0.016 0.031 0.033 0.006 0.018 0.114
141 E 0.046 0.037 0.04 0.168 0.007 0.044 0.251 0.034 0.02 0.02 0.031 0.056 0.01 0.014 0.097 0.047 0.032 0.004 0.013 0.026
142 D 0.043 0.029 0.102 0.309 0.007 0.029 0.096 0.117 0.018 0.02 0.026 0.042 0.009 0.014 0.02 0.049 0.033 0.004 0.011 0.023
143 Y 0.036 0.025 0.019 0.017 0.008 0.019 0.025 0.022 0.042 0.039 0.061 0.028 0.017 0.117 0.014 0.028 0.025 0.025 0.391 0.042
144 E 0.099 0.041 0.034 0.052 0.011 0.076 0.175 0.039 0.019 0.032 0.048 0.056 0.021 0.018 0.042 0.061 0.111 0.005 0.016 0.044
145 G 0.06 0.022 0.03 0.026 0.01 0.018 0.023 0.389 0.02 0.028 0.039 0.029 0.011 0.044 0.016 0.04 0.027 0.011 0.119 0.039
146 P 0.052 0.038 0.026 0.04 0.01 0.032 0.119 0.031 0.015 0.052 0.05 0.088 0.014 0.017 0.247 0.041 0.035 0.004 0.014 0.078
147 R 0.051 0.184 0.037 0.033 0.01 0.04 0.05 0.036 0.017 0.03 0.045 0.183 0.015 0.016 0.022 0.055 0.117 0.005 0.016 0.038
148 F 0.032 0.019 0.016 0.016 0.009 0.012 0.019 0.023 0.023 0.052 0.09 0.02 0.021 0.357 0.011 0.024 0.023 0.018 0.168 0.047
149 T 0.055 0.034 0.028 0.026 0.014 0.023 0.031 0.03 0.011 0.159 0.092 0.077 0.023 0.027 0.02 0.052 0.161 0.005 0.017 0.112
150 F 0.037 0.018 0.014 0.015 0.012 0.011 0.018 0.021 0.012 0.099 0.192 0.019 0.029 0.277 0.011 0.023 0.028 0.011 0.054 0.098
151 M 0.069 0.029 0.026 0.024 0.015 0.024 0.028 0.082 0.014 0.068 0.122 0.035 0.15 0.033 0.018 0.05 0.119 0.006 0.018 0.07
152 P 0.053 0.03 0.026 0.031 0.01 0.059 0.041 0.034 0.014 0.027 0.037 0.044 0.012 0.013 0.398 0.047 0.075 0.003 0.013 0.033
153 A 0.135 0.028 0.028 0.026 0.014 0.022 0.033 0.041 0.075 0.08 0.07 0.035 0.019 0.038 0.02 0.083 0.052 0.008 0.075 0.118
154 F 0.086 0.019 0.016 0.017 0.013 0.013 0.02 0.028 0.012 0.151 0.111 0.022 0.025 0.213 0.014 0.031 0.033 0.009 0.044 0.125
155 Y 0.036 0.025 0.019 0.017 0.008 0.019 0.025 0.022 0.042 0.039 0.061 0.028 0.017 0.117 0.014 0.028 0.025 0.025 0.391 0.042
156 P 0.05 0.024 0.021 0.024 0.012 0.018 0.029 0.029 0.011 0.049 0.153 0.033 0.02 0.024 0.32 0.04 0.074 0.004 0.015 0.049
157 L 0.044 0.019 0.014 0.015 0.014 0.013 0.018 0.021 0.01 0.137 0.21 0.021 0.032 0.158 0.012 0.024 0.033 0.008 0.036 0.16
158 L 0.046 0.022 0.015 0.016 0.015 0.017 0.02 0.021 0.01 0.175 0.227 0.025 0.105 0.042 0.014 0.026 0.035 0.006 0.02 0.143
159 L 0.05 0.027 0.023 0.022 0.015 0.022 0.026 0.027 0.012 0.107 0.177 0.032 0.131 0.037 0.017 0.044 0.118 0.006 0.019 0.086
160 A 0.238 0.028 0.026 0.029 0.016 0.023 0.037 0.058 0.013 0.032 0.045 0.04 0.014 0.017 0.175 0.098 0.045 0.004 0.014 0.048
161 L 0.044 0.024 0.016 0.016 0.014 0.02 0.021 0.022 0.012 0.14 0.247 0.027 0.153 0.044 0.014 0.027 0.034 0.007 0.021 0.097
162 F 0.03 0.017 0.015 0.015 0.009 0.009 0.017 0.023 0.015 0.057 0.102 0.017 0.023 0.453 0.009 0.023 0.023 0.015 0.079 0.049
163 A 0.282 0.027 0.025 0.027 0.018 0.022 0.035 0.061 0.013 0.081 0.065 0.038 0.018 0.022 0.025 0.101 0.047 0.005 0.016 0.072
164 I 0.058 0.022 0.023 0.024 0.015 0.017 0.025 0.03 0.011 0.257 0.118 0.029 0.027 0.034 0.017 0.103 0.046 0.005 0.018 0.123
165 I 0.109 0.024 0.025 0.025 0.016 0.019 0.029 0.038 0.011 0.162 0.096 0.032 0.024 0.029 0.019 0.112 0.05 0.005 0.017 0.157
166 C 0.053 0.017 0.014 0.014 0.389 0.012 0.016 0.026 0.008 0.058 0.168 0.019 0.023 0.027 0.014 0.032 0.032 0.004 0.013 0.061
167 I 0.043 0.021 0.014 0.016 0.014 0.016 0.019 0.02 0.01 0.231 0.21 0.025 0.097 0.042 0.013 0.025 0.035 0.006 0.02 0.123
168 C 0.059 0.024 0.027 0.025 0.163 0.019 0.027 0.034 0.016 0.042 0.062 0.03 0.017 0.095 0.018 0.085 0.12 0.009 0.077 0.051
169 K 0.049 0.073 0.049 0.039 0.064 0.042 0.077 0.037 0.076 0.025 0.039 0.243 0.014 0.016 0.022 0.046 0.034 0.005 0.02 0.03
170 N 0.067 0.037 0.193 0.055 0.012 0.029 0.044 0.055 0.021 0.028 0.037 0.047 0.013 0.018 0.023 0.161 0.106 0.004 0.015 0.036
171 S 0.071 0.161 0.056 0.038 0.013 0.034 0.045 0.046 0.018 0.028 0.042 0.067 0.014 0.018 0.023 0.167 0.1 0.005 0.016 0.038
172 K 0.054 0.067 0.033 0.032 0.01 0.037 0.049 0.038 0.017 0.035 0.059 0.218 0.048 0.024 0.021 0.078 0.039 0.082 0.023 0.038
173 L 0.052 0.043 0.025 0.025 0.013 0.025 0.034 0.03 0.013 0.14 0.186 0.121 0.028 0.032 0.018 0.07 0.039 0.005 0.018 0.083
174 N 0.04 0.034 0.185 0.113 0.009 0.029 0.089 0.041 0.02 0.044 0.147 0.042 0.02 0.025 0.017 0.047 0.037 0.005 0.015 0.042
175 K 0.048 0.072 0.029 0.03 0.01 0.037 0.049 0.032 0.015 0.051 0.157 0.248 0.023 0.024 0.021 0.04 0.034 0.005 0.017 0.057
176 L 0.043 0.031 0.019 0.019 0.011 0.02 0.026 0.024 0.02 0.108 0.139 0.071 0.025 0.117 0.015 0.029 0.031 0.012 0.133 0.108
177 L 0.109 0.028 0.028 0.027 0.016 0.022 0.032 0.041 0.013 0.068 0.172 0.035 0.036 0.03 0.021 0.12 0.088 0.005 0.017 0.09
178 L 0.056 0.023 0.022 0.022 0.015 0.017 0.024 0.028 0.01 0.17 0.189 0.028 0.03 0.035 0.017 0.072 0.082 0.005 0.018 0.136
179 L 0.054 0.024 0.023 0.022 0.088 0.018 0.025 0.03 0.015 0.095 0.125 0.029 0.022 0.045 0.016 0.074 0.079 0.066 0.075 0.078
180 F 0.086 0.022 0.019 0.019 0.013 0.015 0.023 0.031 0.013 0.064 0.174 0.025 0.026 0.228 0.015 0.039 0.071 0.01 0.046 0.062
181 W 0.027 0.02 0.014 0.014 0.007 0.014 0.02 0.027 0.014 0.027 0.047 0.02 0.014 0.054 0.007 0.02 0.02 0.547 0.061 0.027
182 L 0.054 0.037 0.026 0.027 0.013 0.1 0.045 0.031 0.016 0.075 0.162 0.045 0.09 0.031 0.017 0.064 0.04 0.006 0.019 0.102
183 L 0.039 0.019 0.013 0.015 0.014 0.013 0.017 0.019 0.009 0.203 0.273 0.021 0.037 0.097 0.012 0.022 0.031 0.007 0.027 0.112
184 L 0.04 0.021 0.013 0.014 0.014 0.014 0.018 0.019 0.009 0.138 0.401 0.022 0.043 0.048 0.013 0.022 0.031 0.006 0.02 0.096
185 F 0.031 0.018 0.016 0.015 0.009 0.011 0.018 0.023 0.019 0.054 0.096 0.019 0.022 0.405 0.01 0.023 0.023 0.017 0.124 0.048
186 C 0.142 0.02 0.018 0.019 0.147 0.015 0.023 0.038 0.011 0.101 0.084 0.026 0.021 0.086 0.017 0.052 0.038 0.006 0.024 0.111
187 I 0.043 0.017 0.013 0.015 0.015 0.012 0.016 0.019 0.008 0.3 0.189 0.021 0.034 0.04 0.013 0.023 0.035 0.005 0.019 0.161
188 G 0.12 0.026 0.037 0.033 0.013 0.021 0.032 0.348 0.014 0.023 0.033 0.037 0.011 0.016 0.021 0.124 0.042 0.005 0.012 0.032
189 T 0.075 0.033 0.042 0.037 0.016 0.026 0.039 0.045 0.014 0.041 0.052 0.043 0.016 0.02 0.025 0.151 0.249 0.005 0.016 0.055
190 M 0.078 0.028 0.018 0.019 0.015 0.024 0.026 0.029 0.014 0.088 0.161 0.033 0.218 0.04 0.016 0.036 0.037 0.007 0.021 0.093
191 G 0.07 0.02 0.035 0.03 0.01 0.017 0.023 0.563 0.012 0.017 0.025 0.03 0.008 0.014 0.017 0.046 0.027 0.005 0.01 0.022
192 K 0.051 0.096 0.037 0.037 0.008 0.048 0.063 0.039 0.018 0.025 0.039 0.355 0.014 0.014 0.025 0.048 0.035 0.005 0.015 0.029
193 F 0.033 0.018 0.014 0.015 0.011 0.011 0.017 0.022 0.013 0.07 0.199 0.019 0.029 0.337 0.01 0.022 0.025 0.013 0.062 0.06
194 A 0.206 0.03 0.032 0.033 0.016 0.025 0.039 0.059 0.014 0.033 0.045 0.042 0.014 0.018 0.113 0.145 0.068 0.004 0.015 0.048
195 I 0.047 0.018 0.013 0.016 0.015 0.013 0.017 0.019 0.008 0.263 0.183 0.022 0.033 0.039 0.013 0.024 0.037 0.005 0.019 0.195
196 L 0.041 0.019 0.013 0.015 0.015 0.013 0.017 0.019 0.008 0.225 0.295 0.022 0.039 0.044 0.013 0.022 0.033 0.006 0.019 0.122
197 T 0.065 0.032 0.039 0.034 0.016 0.025 0.035 0.039 0.012 0.048 0.058 0.041 0.018 0.021 0.025 0.083 0.324 0.005 0.016 0.064
198 P 0.053 0.024 0.021 0.025 0.012 0.019 0.03 0.03 0.011 0.053 0.064 0.034 0.039 0.019 0.369 0.039 0.051 0.003 0.014 0.089
199 I 0.041 0.017 0.013 0.015 0.014 0.012 0.017 0.019 0.009 0.261 0.219 0.021 0.035 0.076 0.013 0.022 0.033 0.006 0.024 0.131
200 L 0.096 0.024 0.016 0.017 0.015 0.019 0.023 0.029 0.011 0.099 0.29 0.028 0.096 0.042 0.016 0.034 0.034 0.006 0.02 0.084
201 I 0.049 0.02 0.018 0.019 0.015 0.016 0.021 0.023 0.009 0.24 0.136 0.026 0.061 0.036 0.015 0.033 0.078 0.005 0.018 0.161
202 F 0.033 0.02 0.017 0.016 0.009 0.014 0.02 0.022 0.026 0.049 0.084 0.022 0.02 0.309 0.011 0.025 0.024 0.019 0.213 0.046
203 L 0.043 0.021 0.015 0.015 0.014 0.015 0.02 0.021 0.013 0.098 0.264 0.023 0.05 0.11 0.013 0.025 0.032 0.009 0.068 0.132
204 V 0.058 0.023 0.022 0.022 0.016 0.017 0.024 0.027 0.009 0.166 0.106 0.028 0.026 0.03 0.018 0.045 0.133 0.005 0.018 0.209
205 I 0.06 0.018 0.016 0.018 0.015 0.014 0.019 0.023 0.009 0.306 0.137 0.024 0.031 0.037 0.015 0.031 0.064 0.005 0.018 0.144
206 Y 0.041 0.101 0.027 0.024 0.008 0.031 0.039 0.028 0.032 0.032 0.052 0.133 0.015 0.073 0.017 0.035 0.029 0.016 0.23 0.036
207 E 0.044 0.036 0.035 0.117 0.007 0.042 0.231 0.03 0.027 0.025 0.04 0.052 0.013 0.044 0.02 0.043 0.03 0.01 0.122 0.031
208 L 0.117 0.026 0.022 0.022 0.015 0.02 0.027 0.037 0.013 0.067 0.188 0.031 0.059 0.093 0.018 0.064 0.078 0.007 0.027 0.068
209 G 0.06 0.058 0.037 0.034 0.01 0.033 0.045 0.188 0.015 0.028 0.04 0.184 0.013 0.016 0.022 0.056 0.106 0.005 0.014 0.036
210 K 0.047 0.067 0.088 0.038 0.009 0.034 0.046 0.076 0.112 0.041 0.044 0.143 0.014 0.025 0.02 0.048 0.06 0.006 0.045 0.036
211 G 0.055 0.132 0.086 0.037 0.008 0.031 0.039 0.264 0.018 0.02 0.032 0.113 0.011 0.015 0.019 0.047 0.032 0.005 0.013 0.025
212 I 0.043 0.029 0.016 0.018 0.013 0.018 0.023 0.021 0.01 0.232 0.218 0.069 0.033 0.038 0.015 0.026 0.034 0.005 0.018 0.119
213 K 0.051 0.085 0.143 0.048 0.009 0.041 0.055 0.046 0.021 0.023 0.035 0.226 0.013 0.015 0.023 0.076 0.041 0.004 0.015 0.028
214 K 0.049 0.064 0.024 0.025 0.012 0.03 0.038 0.028 0.013 0.132 0.115 0.157 0.056 0.028 0.018 0.035 0.036 0.005 0.018 0.116
215 K 0.056 0.133 0.038 0.037 0.009 0.045 0.059 0.04 0.019 0.024 0.039 0.276 0.014 0.015 0.024 0.083 0.04 0.005 0.015 0.03
216 V 0.058 0.02 0.015 0.018 0.018 0.015 0.02 0.022 0.008 0.221 0.147 0.025 0.034 0.04 0.015 0.029 0.044 0.006 0.02 0.226
217 S 0.075 0.029 0.034 0.033 0.016 0.023 0.035 0.044 0.015 0.118 0.095 0.038 0.024 0.091 0.021 0.127 0.058 0.007 0.03 0.088
218 R 0.045 0.211 0.033 0.03 0.008 0.041 0.051 0.032 0.02 0.031 0.079 0.211 0.017 0.023 0.02 0.041 0.033 0.006 0.034 0.035
219 L 0.045 0.021 0.017 0.018 0.015 0.016 0.02 0.022 0.01 0.211 0.22 0.025 0.057 0.04 0.015 0.032 0.076 0.006 0.019 0.117
220 F 0.095 0.022 0.02 0.021 0.014 0.016 0.024 0.033 0.012 0.118 0.144 0.027 0.026 0.152 0.016 0.071 0.039 0.008 0.035 0.106
221 I 0.045 0.029 0.017 0.018 0.013 0.018 0.024 0.022 0.01 0.207 0.166 0.069 0.03 0.08 0.015 0.027 0.035 0.006 0.025 0.145
222 F 0.041 0.019 0.015 0.015 0.037 0.013 0.019 0.021 0.016 0.131 0.153 0.022 0.027 0.171 0.012 0.025 0.03 0.012 0.102 0.118
223 A 0.15 0.027 0.026 0.026 0.017 0.022 0.031 0.044 0.012 0.102 0.102 0.035 0.043 0.027 0.021 0.098 0.087 0.005 0.017 0.105
224 P 0.052 0.023 0.023 0.025 0.011 0.018 0.028 0.105 0.011 0.055 0.117 0.033 0.018 0.021 0.295 0.04 0.059 0.004 0.014 0.048
225 V 0.075 0.02 0.018 0.019 0.015 0.015 0.021 0.121 0.01 0.152 0.152 0.025 0.038 0.048 0.015 0.033 0.036 0.006 0.019 0.163
226 L 0.046 0.018 0.014 0.015 0.015 0.013 0.018 0.02 0.009 0.19 0.195 0.022 0.032 0.098 0.013 0.025 0.035 0.007 0.027 0.188
227 L 0.046 0.019 0.016 0.017 0.014 0.014 0.018 0.097 0.009 0.198 0.242 0.023 0.033 0.039 0.014 0.026 0.032 0.006 0.018 0.12
228 L 0.141 0.025 0.022 0.023 0.016 0.019 0.028 0.04 0.012 0.101 0.16 0.032 0.036 0.076 0.019 0.074 0.067 0.006 0.024 0.078
229 L 0.081 0.022 0.018 0.018 0.09 0.016 0.022 0.029 0.01 0.089 0.261 0.026 0.032 0.056 0.016 0.038 0.074 0.006 0.02 0.077
230 I 0.095 0.021 0.02 0.021 0.015 0.016 0.024 0.032 0.011 0.175 0.154 0.027 0.028 0.094 0.016 0.07 0.04 0.007 0.027 0.108
231 L 0.038 0.02 0.014 0.015 0.013 0.014 0.018 0.021 0.011 0.123 0.265 0.022 0.066 0.162 0.012 0.024 0.029 0.009 0.037 0.085
232 F 0.045 0.02 0.018 0.018 0.014 0.014 0.02 0.023 0.011 0.158 0.136 0.023 0.027 0.169 0.014 0.032 0.074 0.008 0.038 0.138
233 L 0.044 0.024 0.015 0.016 0.014 0.019 0.021 0.022 0.011 0.152 0.246 0.027 0.142 0.044 0.014 0.027 0.034 0.006 0.02 0.1
234 H 0.038 0.041 0.113 0.042 0.007 0.033 0.047 0.039 0.349 0.02 0.033 0.042 0.013 0.025 0.017 0.042 0.028 0.006 0.044 0.021
235 F 0.052 0.02 0.017 0.017 0.011 0.013 0.02 0.027 0.015 0.073 0.109 0.022 0.055 0.333 0.012 0.04 0.029 0.012 0.062 0.059
236 I 0.044 0.022 0.019 0.018 0.013 0.016 0.022 0.023 0.018 0.164 0.162 0.026 0.028 0.06 0.015 0.033 0.074 0.011 0.125 0.107
237 R 0.04 0.415 0.035 0.028 0.007 0.043 0.047 0.029 0.021 0.021 0.042 0.107 0.014 0.016 0.017 0.04 0.031 0.005 0.016 0.028
238 L 0.051 0.034 0.024 0.023 0.013 0.05 0.034 0.067 0.015 0.072 0.174 0.052 0.154 0.036 0.016 0.053 0.037 0.006 0.019 0.068
239 S 0.144 0.033 0.043 0.04 0.016 0.028 0.043 0.097 0.016 0.028 0.039 0.045 0.014 0.018 0.026 0.244 0.065 0.005 0.015 0.041
240 D 0.05 0.037 0.047 0.217 0.008 0.059 0.194 0.058 0.02 0.021 0.031 0.055 0.011 0.015 0.022 0.075 0.037 0.004 0.013 0.027
241 D 0.069 0.033 0.043 0.134 0.014 0.032 0.094 0.042 0.016 0.071 0.066 0.045 0.019 0.023 0.023 0.09 0.051 0.005 0.017 0.114
242 N 0.047 0.035 0.228 0.137 0.009 0.028 0.049 0.107 0.036 0.022 0.03 0.044 0.01 0.016 0.019 0.075 0.061 0.004 0.014 0.027
243 D 0.038 0.03 0.09 0.38 0.007 0.031 0.113 0.042 0.019 0.02 0.026 0.044 0.009 0.014 0.02 0.048 0.033 0.004 0.011 0.023
244 S 0.085 0.036 0.047 0.041 0.014 0.03 0.045 0.053 0.075 0.029 0.04 0.046 0.014 0.02 0.025 0.234 0.102 0.005 0.021 0.039
245 A 0.146 0.032 0.084 0.07 0.014 0.027 0.064 0.051 0.016 0.041 0.099 0.042 0.018 0.022 0.022 0.104 0.076 0.005 0.016 0.05
246 T 0.069 0.033 0.091 0.042 0.014 0.026 0.039 0.071 0.016 0.037 0.047 0.043 0.015 0.02 0.024 0.131 0.212 0.005 0.015 0.05
247 I 0.044 0.018 0.014 0.016 0.014 0.013 0.018 0.02 0.009 0.235 0.153 0.022 0.052 0.098 0.013 0.025 0.035 0.007 0.027 0.165
248 L 0.14 0.025 0.021 0.022 0.015 0.019 0.027 0.058 0.016 0.099 0.177 0.031 0.026 0.044 0.019 0.069 0.039 0.008 0.071 0.075
249 S 0.088 0.031 0.039 0.094 0.013 0.025 0.044 0.045 0.023 0.031 0.045 0.04 0.014 0.046 0.022 0.156 0.07 0.01 0.122 0.04
250 V 0.053 0.021 0.016 0.017 0.016 0.016 0.021 0.023 0.009 0.186 0.147 0.025 0.067 0.036 0.015 0.031 0.06 0.005 0.019 0.216
251 L 0.042 0.02 0.013 0.014 0.014 0.014 0.018 0.02 0.01 0.102 0.327 0.022 0.038 0.118 0.012 0.023 0.031 0.008 0.03 0.123
252 G 0.07 0.02 0.035 0.03 0.01 0.017 0.023 0.563 0.012 0.017 0.025 0.03 0.008 0.014 0.017 0.046 0.027 0.005 0.01 0.022
253 T 0.066 0.028 0.032 0.029 0.015 0.021 0.03 0.111 0.012 0.061 0.125 0.035 0.022 0.026 0.021 0.092 0.165 0.005 0.016 0.088
254 Y 0.036 0.025 0.019 0.017 0.008 0.019 0.025 0.022 0.042 0.039 0.061 0.028 0.017 0.117 0.014 0.028 0.025 0.025 0.391 0.042
255 I 0.077 0.019 0.018 0.019 0.015 0.015 0.021 0.026 0.009 0.267 0.126 0.026 0.029 0.035 0.016 0.036 0.078 0.005 0.018 0.144
256 Y 0.035 0.024 0.019 0.016 0.008 0.018 0.024 0.022 0.038 0.041 0.067 0.026 0.018 0.165 0.013 0.027 0.025 0.024 0.346 0.043
257 S 0.094 0.035 0.046 0.042 0.015 0.029 0.045 0.057 0.017 0.026 0.037 0.047 0.014 0.018 0.076 0.278 0.069 0.004 0.015 0.036
258 P 0.051 0.027 0.023 0.029 0.009 0.045 0.038 0.033 0.013 0.023 0.033 0.041 0.01 0.012 0.498 0.04 0.033 0.003 0.012 0.028
259 L 0.041 0.019 0.013 0.015 0.014 0.013 0.017 0.019 0.008 0.229 0.293 0.022 0.038 0.044 0.013 0.022 0.033 0.006 0.019 0.123
260 I 0.044 0.018 0.013 0.015 0.015 0.013 0.017 0.019 0.008 0.25 0.229 0.022 0.035 0.041 0.013 0.023 0.035 0.006 0.019 0.164
261 A 0.366 0.028 0.023 0.027 0.019 0.023 0.036 0.07 0.013 0.039 0.053 0.04 0.016 0.019 0.027 0.076 0.045 0.005 0.016 0.061
262 L 0.035 0.019 0.014 0.015 0.012 0.012 0.017 0.021 0.012 0.104 0.252 0.02 0.033 0.24 0.011 0.022 0.027 0.01 0.048 0.075
263 G 0.074 0.023 0.037 0.032 0.01 0.019 0.026 0.491 0.013 0.018 0.027 0.033 0.009 0.015 0.018 0.083 0.033 0.005 0.01 0.024
264 T 0.056 0.051 0.038 0.046 0.011 0.094 0.123 0.037 0.018 0.033 0.046 0.1 0.016 0.017 0.024 0.064 0.16 0.005 0.016 0.044
265 L 0.042 0.021 0.013 0.014 0.015 0.014 0.018 0.019 0.009 0.124 0.398 0.023 0.042 0.047 0.013 0.022 0.031 0.006 0.02 0.11
266 I 0.057 0.036 0.082 0.038 0.012 0.088 0.047 0.039 0.018 0.117 0.069 0.047 0.019 0.022 0.076 0.1 0.045 0.005 0.016 0.067
267 D 0.049 0.032 0.056 0.167 0.01 0.033 0.142 0.035 0.017 0.05 0.058 0.045 0.031 0.02 0.02 0.049 0.077 0.005 0.015 0.088
268 S 0.067 0.028 0.087 0.035 0.101 0.022 0.032 0.042 0.015 0.061 0.119 0.035 0.021 0.026 0.019 0.123 0.05 0.005 0.016 0.096
269 N 0.061 0.032 0.195 0.112 0.01 0.025 0.043 0.174 0.02 0.024 0.032 0.041 0.011 0.016 0.019 0.06 0.079 0.004 0.013 0.03
270 D 0.042 0.03 0.07 0.389 0.008 0.03 0.093 0.047 0.019 0.023 0.028 0.045 0.009 0.015 0.023 0.053 0.036 0.004 0.011 0.025
271 D 0.056 0.026 0.063 0.164 0.012 0.022 0.046 0.038 0.014 0.122 0.072 0.035 0.019 0.024 0.019 0.097 0.045 0.004 0.015 0.106
272 N 0.057 0.033 0.187 0.052 0.086 0.027 0.053 0.098 0.02 0.027 0.038 0.042 0.012 0.017 0.02 0.094 0.085 0.004 0.014 0.035
273 G 0.079 0.023 0.039 0.034 0.011 0.019 0.026 0.507 0.014 0.019 0.028 0.034 0.009 0.016 0.019 0.052 0.03 0.005 0.011 0.024
274 W 0.047 0.031 0.093 0.039 0.01 0.026 0.07 0.038 0.075 0.051 0.05 0.038 0.015 0.031 0.016 0.075 0.037 0.16 0.034 0.064
275 F 0.096 0.023 0.024 0.024 0.012 0.017 0.027 0.063 0.014 0.082 0.075 0.029 0.019 0.15 0.035 0.088 0.038 0.085 0.04 0.059
276 G 0.07 0.02 0.035 0.03 0.01 0.017 0.023 0.563 0.012 0.017 0.025 0.03 0.008 0.014 0.017 0.046 0.027 0.005 0.01 0.022
277 E 0.045 0.037 0.039 0.171 0.009 0.074 0.178 0.033 0.019 0.075 0.053 0.052 0.016 0.019 0.02 0.044 0.034 0.005 0.015 0.063
278 Y 0.036 0.025 0.019 0.017 0.008 0.019 0.025 0.022 0.042 0.039 0.061 0.028 0.017 0.117 0.014 0.028 0.025 0.025 0.391 0.042
279 T 0.065 0.032 0.039 0.033 0.016 0.025 0.035 0.039 0.012 0.048 0.058 0.041 0.018 0.021 0.025 0.083 0.327 0.005 0.016 0.063
280 F 0.032 0.018 0.015 0.015 0.01 0.01 0.017 0.022 0.014 0.063 0.151 0.018 0.026 0.395 0.01 0.023 0.024 0.014 0.071 0.054
281 R 0.04 0.415 0.035 0.028 0.007 0.043 0.047 0.029 0.021 0.021 0.042 0.107 0.014 0.016 0.017 0.04 0.031 0.005 0.016 0.028
282 F 0.03 0.017 0.015 0.015 0.009 0.009 0.017 0.023 0.015 0.057 0.102 0.017 0.023 0.453 0.009 0.023 0.023 0.015 0.079 0.049
283 I 0.038 0.017 0.014 0.015 0.013 0.011 0.016 0.02 0.01 0.229 0.166 0.02 0.031 0.173 0.012 0.022 0.031 0.009 0.038 0.115
284 Y 0.037 0.028 0.076 0.027 0.009 0.022 0.03 0.029 0.091 0.067 0.062 0.032 0.017 0.081 0.015 0.034 0.029 0.017 0.249 0.049
285 A 0.366 0.028 0.023 0.027 0.019 0.023 0.036 0.07 0.013 0.039 0.053 0.04 0.016 0.019 0.027 0.076 0.045 0.005 0.016 0.061
286 I 0.042 0.016 0.014 0.016 0.014 0.012 0.017 0.02 0.009 0.274 0.138 0.021 0.03 0.117 0.013 0.023 0.034 0.007 0.03 0.155
287 L 0.125 0.027 0.074 0.029 0.09 0.02 0.029 0.042 0.013 0.056 0.162 0.033 0.023 0.027 0.019 0.054 0.092 0.005 0.016 0.062
288 Y 0.036 0.027 0.085 0.027 0.008 0.02 0.027 0.029 0.035 0.038 0.061 0.03 0.016 0.147 0.014 0.033 0.028 0.02 0.279 0.04
289 K 0.051 0.096 0.037 0.037 0.008 0.048 0.063 0.039 0.018 0.025 0.039 0.355 0.014 0.014 0.025 0.048 0.035 0.005 0.015 0.029
290 L 0.098 0.022 0.02 0.021 0.016 0.017 0.024 0.032 0.01 0.167 0.2 0.028 0.03 0.035 0.017 0.071 0.041 0.005 0.018 0.127
291 G 0.07 0.02 0.035 0.03 0.01 0.017 0.023 0.563 0.012 0.017 0.025 0.03 0.008 0.014 0.017 0.046 0.027 0.005 0.01 0.022
292 L 0.039 0.019 0.013 0.014 0.014 0.013 0.017 0.02 0.01 0.164 0.294 0.021 0.037 0.123 0.012 0.022 0.03 0.008 0.031 0.099
293 S 0.085 0.028 0.035 0.053 0.015 0.023 0.037 0.044 0.014 0.142 0.078 0.038 0.021 0.026 0.021 0.183 0.057 0.005 0.016 0.081
294 S 0.107 0.04 0.069 0.057 0.014 0.028 0.042 0.066 0.016 0.041 0.099 0.085 0.018 0.022 0.023 0.118 0.087 0.005 0.016 0.048
295 E 0.047 0.039 0.123 0.054 0.009 0.055 0.137 0.037 0.088 0.055 0.051 0.05 0.016 0.021 0.019 0.048 0.047 0.005 0.022 0.079
296 E 0.05 0.035 0.026 0.046 0.01 0.036 0.175 0.028 0.016 0.057 0.117 0.061 0.041 0.024 0.095 0.039 0.034 0.005 0.016 0.087
297 P 0.051 0.023 0.021 0.028 0.009 0.018 0.032 0.032 0.012 0.023 0.032 0.037 0.009 0.012 0.548 0.039 0.032 0.002 0.012 0.028
298 V 0.073 0.023 0.036 0.022 0.017 0.017 0.025 0.028 0.009 0.123 0.102 0.028 0.025 0.029 0.017 0.04 0.085 0.005 0.018 0.281
299 K 0.054 0.064 0.139 0.055 0.009 0.042 0.1 0.046 0.022 0.023 0.035 0.183 0.012 0.015 0.023 0.089 0.043 0.005 0.015 0.029
300 T 0.065 0.032 0.039 0.033 0.016 0.025 0.035 0.039 0.012 0.048 0.058 0.041 0.018 0.021 0.025 0.083 0.327 0.005 0.016 0.063
301 I 0.042 0.016 0.013 0.016 0.014 0.012 0.016 0.018 0.008 0.349 0.15 0.021 0.033 0.039 0.013 0.022 0.036 0.005 0.018 0.158
302 L 0.04 0.022 0.013 0.014 0.014 0.014 0.018 0.019 0.009 0.103 0.442 0.023 0.044 0.049 0.013 0.022 0.03 0.006 0.02 0.086
303 D 0.038 0.028 0.059 0.426 0.007 0.03 0.109 0.041 0.017 0.02 0.026 0.043 0.009 0.013 0.02 0.047 0.032 0.003 0.01 0.022
304 Y 0.036 0.025 0.019 0.017 0.008 0.019 0.025 0.022 0.042 0.039 0.061 0.028 0.017 0.117 0.014 0.028 0.025 0.025 0.391 0.042
305 V 0.125 0.023 0.021 0.022 0.017 0.018 0.027 0.036 0.01 0.109 0.093 0.03 0.024 0.028 0.019 0.077 0.048 0.005 0.017 0.249
306 Y 0.037 0.027 0.06 0.025 0.008 0.022 0.039 0.026 0.04 0.036 0.057 0.031 0.016 0.102 0.015 0.032 0.027 0.022 0.337 0.039
307 V 0.053 0.018 0.015 0.017 0.016 0.014 0.019 0.021 0.008 0.238 0.13 0.023 0.03 0.035 0.014 0.029 0.054 0.005 0.018 0.243
308 P 0.051 0.023 0.021 0.028 0.009 0.018 0.032 0.032 0.012 0.023 0.032 0.037 0.009 0.012 0.548 0.039 0.032 0.002 0.012 0.028
309 T 0.063 0.03 0.03 0.027 0.015 0.021 0.031 0.035 0.012 0.073 0.077 0.048 0.021 0.085 0.02 0.089 0.153 0.006 0.026 0.137
310 P 0.051 0.023 0.021 0.027 0.009 0.019 0.032 0.032 0.012 0.025 0.037 0.037 0.018 0.013 0.529 0.039 0.032 0.002 0.012 0.03
311 T 0.064 0.031 0.038 0.033 0.016 0.024 0.034 0.038 0.012 0.062 0.062 0.04 0.018 0.022 0.024 0.08 0.313 0.005 0.016 0.068
312 N 0.038 0.04 0.39 0.074 0.008 0.03 0.044 0.058 0.028 0.02 0.028 0.048 0.01 0.016 0.018 0.062 0.044 0.004 0.014 0.024
313 V 0.063 0.02 0.015 0.016 0.017 0.015 0.021 0.022 0.007 0.147 0.116 0.023 0.028 0.032 0.015 0.029 0.044 0.005 0.018 0.347
314 Y 0.036 0.024 0.019 0.017 0.008 0.019 0.024 0.022 0.04 0.04 0.064 0.027 0.017 0.141 0.014 0.027 0.025 0.024 0.369 0.042
315 T 0.07 0.032 0.04 0.035 0.016 0.025 0.037 0.042 0.013 0.045 0.055 0.042 0.017 0.021 0.025 0.114 0.291 0.005 0.016 0.06
316 V 0.131 0.021 0.017 0.019 0.017 0.016 0.024 0.058 0.009 0.13 0.1 0.027 0.025 0.029 0.017 0.04 0.043 0.005 0.017 0.253
317 L 0.043 0.023 0.015 0.016 0.014 0.018 0.02 0.022 0.011 0.154 0.242 0.026 0.129 0.063 0.013 0.026 0.033 0.007 0.023 0.1
318 Q 0.05 0.066 0.039 0.042 0.008 0.299 0.092 0.037 0.026 0.024 0.042 0.081 0.018 0.013 0.021 0.05 0.037 0.005 0.018 0.032
319 P 0.051 0.023 0.021 0.028 0.009 0.018 0.032 0.032 0.012 0.023 0.032 0.037 0.009 0.012 0.548 0.039 0.032 0.002 0.012 0.028
320 F 0.03 0.017 0.015 0.015 0.009 0.009 0.017 0.023 0.015 0.057 0.102 0.017 0.023 0.453 0.009 0.023 0.023 0.015 0.079 0.049
