#Seq2Logo.py -f /work3/idamei/ssn-clusterings/clustering/2205181304/clusters/0036_54/sequences.afa -o /work3/idamei/ssn-clusterings/clustering/2205181304/clusters/0036_54/sequences.logo
#Position Specific Frequency Matrix
A R N D C Q E G H I L K M F P S T W Y V
0 M 0.049 0.03 0.019 0.019 0.015 0.026 0.026 0.026 0.015 0.094 0.185 0.034 0.21 0.045 0.015 0.034 0.038 0.008 0.023 0.087
1 L 0.042 0.021 0.014 0.015 0.015 0.014 0.019 0.02 0.01 0.143 0.332 0.023 0.042 0.078 0.013 0.023 0.033 0.007 0.025 0.11
2 P 0.053 0.024 0.022 0.029 0.01 0.019 0.033 0.034 0.012 0.035 0.039 0.038 0.011 0.013 0.504 0.041 0.034 0.003 0.012 0.034
3 Y 0.038 0.026 0.021 0.018 0.009 0.021 0.026 0.023 0.044 0.041 0.064 0.029 0.018 0.123 0.015 0.029 0.026 0.026 0.358 0.044
4 L 0.038 0.02 0.014 0.015 0.013 0.013 0.018 0.022 0.012 0.115 0.254 0.021 0.036 0.203 0.012 0.023 0.029 0.01 0.046 0.085
5 L 0.066 0.022 0.015 0.016 0.015 0.015 0.02 0.025 0.01 0.143 0.29 0.024 0.039 0.074 0.014 0.028 0.034 0.007 0.025 0.117
6 L 0.052 0.021 0.015 0.016 0.016 0.015 0.02 0.022 0.009 0.18 0.224 0.024 0.037 0.041 0.015 0.028 0.045 0.006 0.02 0.194
7 L 0.044 0.022 0.014 0.015 0.015 0.015 0.019 0.02 0.009 0.127 0.363 0.024 0.044 0.059 0.013 0.024 0.033 0.007 0.022 0.112
8 F 0.063 0.025 0.027 0.025 0.014 0.018 0.028 0.064 0.014 0.074 0.133 0.03 0.025 0.151 0.017 0.096 0.045 0.009 0.038 0.103
9 F 0.041 0.019 0.016 0.016 0.013 0.013 0.019 0.042 0.012 0.118 0.198 0.021 0.032 0.216 0.012 0.025 0.03 0.011 0.049 0.099
10 V 0.064 0.021 0.017 0.018 0.018 0.016 0.023 0.024 0.008 0.155 0.131 0.026 0.03 0.034 0.016 0.035 0.064 0.005 0.019 0.275
11 L 0.052 0.025 0.021 0.021 0.016 0.02 0.024 0.026 0.011 0.162 0.171 0.03 0.091 0.04 0.017 0.039 0.085 0.006 0.02 0.124
12 F 0.043 0.02 0.018 0.018 0.013 0.013 0.02 0.025 0.013 0.11 0.172 0.022 0.03 0.239 0.013 0.041 0.033 0.011 0.052 0.093
13 W 0.032 0.021 0.014 0.015 0.009 0.014 0.021 0.027 0.013 0.059 0.068 0.022 0.017 0.054 0.008 0.022 0.024 0.442 0.057 0.06
14 I 0.051 0.019 0.016 0.018 0.016 0.014 0.019 0.022 0.008 0.261 0.143 0.024 0.032 0.038 0.015 0.03 0.058 0.005 0.019 0.192
15 F 0.08 0.028 0.019 0.019 0.012 0.018 0.026 0.033 0.018 0.057 0.111 0.046 0.022 0.151 0.014 0.034 0.03 0.122 0.09 0.069
16 L 0.047 0.022 0.014 0.015 0.016 0.015 0.02 0.021 0.009 0.146 0.292 0.024 0.052 0.058 0.014 0.025 0.035 0.007 0.022 0.146
17 E 0.052 0.046 0.038 0.084 0.007 0.06 0.343 0.033 0.024 0.021 0.034 0.071 0.012 0.016 0.024 0.052 0.034 0.005 0.016 0.029
18 K 0.066 0.105 0.061 0.041 0.009 0.06 0.063 0.044 0.02 0.026 0.04 0.24 0.015 0.015 0.025 0.074 0.042 0.005 0.016 0.032
19 K 0.069 0.073 0.035 0.041 0.009 0.049 0.096 0.039 0.03 0.029 0.046 0.21 0.015 0.043 0.023 0.048 0.035 0.008 0.065 0.035
20 S 0.145 0.035 0.04 0.037 0.05 0.028 0.043 0.058 0.036 0.033 0.046 0.049 0.015 0.024 0.026 0.176 0.077 0.006 0.029 0.047
21 L 0.045 0.023 0.015 0.016 0.015 0.016 0.02 0.022 0.01 0.12 0.349 0.025 0.042 0.056 0.014 0.028 0.05 0.007 0.022 0.108
22 N 0.058 0.042 0.235 0.063 0.01 0.031 0.045 0.124 0.024 0.022 0.032 0.066 0.011 0.017 0.021 0.103 0.049 0.004 0.014 0.028
23 R 0.042 0.388 0.036 0.029 0.007 0.045 0.049 0.031 0.022 0.022 0.043 0.112 0.014 0.016 0.018 0.042 0.033 0.005 0.016 0.029
24 K 0.051 0.121 0.069 0.059 0.009 0.045 0.061 0.041 0.02 0.026 0.04 0.244 0.014 0.015 0.024 0.053 0.054 0.005 0.016 0.032
25 A 0.222 0.033 0.037 0.037 0.018 0.027 0.043 0.068 0.016 0.034 0.048 0.046 0.016 0.02 0.028 0.173 0.061 0.005 0.016 0.052
26 F 0.034 0.018 0.016 0.016 0.011 0.011 0.018 0.023 0.016 0.103 0.125 0.019 0.026 0.327 0.011 0.024 0.026 0.014 0.089 0.071
27 W 0.031 0.02 0.015 0.015 0.009 0.013 0.02 0.026 0.014 0.066 0.076 0.02 0.019 0.154 0.009 0.022 0.023 0.338 0.064 0.048
28 V 0.05 0.019 0.015 0.016 0.015 0.014 0.019 0.022 0.009 0.171 0.181 0.023 0.033 0.104 0.014 0.026 0.037 0.007 0.03 0.193
29 P 0.052 0.024 0.021 0.028 0.01 0.019 0.033 0.033 0.012 0.03 0.059 0.038 0.012 0.015 0.492 0.04 0.034 0.003 0.013 0.033
30 L 0.056 0.023 0.018 0.018 0.014 0.016 0.022 0.027 0.011 0.101 0.294 0.026 0.037 0.084 0.014 0.049 0.035 0.042 0.029 0.081
31 L 0.042 0.02 0.016 0.017 0.013 0.013 0.019 0.023 0.012 0.124 0.212 0.022 0.033 0.192 0.013 0.029 0.04 0.01 0.044 0.106
32 L 0.081 0.021 0.019 0.02 0.014 0.015 0.023 0.03 0.012 0.139 0.161 0.026 0.029 0.155 0.016 0.041 0.056 0.009 0.038 0.095
33 L 0.042 0.023 0.013 0.014 0.015 0.015 0.019 0.02 0.009 0.108 0.416 0.024 0.046 0.051 0.013 0.023 0.031 0.007 0.021 0.09
34 V 0.078 0.025 0.028 0.027 0.05 0.02 0.03 0.037 0.012 0.143 0.096 0.033 0.024 0.029 0.02 0.113 0.064 0.005 0.018 0.147
35 L 0.07 0.023 0.02 0.02 0.015 0.017 0.023 0.107 0.011 0.1 0.243 0.028 0.045 0.052 0.016 0.036 0.051 0.006 0.021 0.096
36 F 0.033 0.018 0.015 0.016 0.011 0.011 0.018 0.023 0.015 0.066 0.148 0.019 0.027 0.377 0.01 0.024 0.025 0.015 0.075 0.057
37 A 0.239 0.028 0.028 0.029 0.017 0.023 0.036 0.096 0.015 0.039 0.058 0.039 0.016 0.074 0.033 0.098 0.047 0.006 0.025 0.055
38 G 0.091 0.031 0.045 0.04 0.014 0.026 0.039 0.254 0.016 0.024 0.034 0.043 0.012 0.018 0.024 0.182 0.057 0.005 0.014 0.033
39 I 0.051 0.019 0.017 0.018 0.015 0.014 0.019 0.035 0.009 0.227 0.161 0.024 0.032 0.075 0.015 0.03 0.054 0.007 0.025 0.155
40 R 0.042 0.388 0.036 0.029 0.007 0.045 0.049 0.031 0.022 0.022 0.043 0.112 0.014 0.016 0.018 0.042 0.033 0.005 0.016 0.029
41 S 0.077 0.037 0.132 0.115 0.013 0.031 0.054 0.059 0.021 0.025 0.035 0.049 0.013 0.018 0.024 0.184 0.062 0.004 0.015 0.033
42 Y 0.039 0.028 0.067 0.029 0.009 0.021 0.029 0.03 0.037 0.04 0.064 0.031 0.017 0.145 0.015 0.041 0.03 0.021 0.265 0.042
43 L 0.063 0.093 0.038 0.031 0.013 0.044 0.041 0.038 0.016 0.066 0.157 0.053 0.025 0.03 0.02 0.11 0.064 0.018 0.019 0.059
44 V 0.065 0.02 0.015 0.017 0.018 0.015 0.022 0.023 0.008 0.16 0.123 0.024 0.03 0.034 0.015 0.03 0.046 0.005 0.019 0.311
45 G 0.073 0.021 0.037 0.031 0.01 0.018 0.024 0.542 0.013 0.018 0.026 0.031 0.009 0.015 0.018 0.048 0.028 0.005 0.01 0.023
46 T 0.068 0.033 0.04 0.035 0.017 0.026 0.036 0.04 0.013 0.052 0.062 0.042 0.019 0.022 0.026 0.085 0.29 0.006 0.017 0.072
47 D 0.038 0.028 0.064 0.437 0.007 0.028 0.085 0.044 0.017 0.021 0.026 0.042 0.009 0.014 0.021 0.049 0.033 0.003 0.01 0.023
48 T 0.082 0.035 0.044 0.039 0.017 0.028 0.042 0.049 0.015 0.041 0.052 0.046 0.017 0.021 0.027 0.158 0.211 0.005 0.017 0.056
49 G 0.067 0.067 0.03 0.028 0.012 0.025 0.03 0.228 0.013 0.102 0.068 0.046 0.018 0.023 0.052 0.061 0.038 0.005 0.015 0.073
50 T 0.071 0.033 0.113 0.045 0.014 0.026 0.044 0.114 0.017 0.049 0.06 0.042 0.017 0.021 0.022 0.1 0.114 0.005 0.016 0.079
51 Y 0.038 0.026 0.02 0.017 0.009 0.02 0.026 0.023 0.044 0.041 0.064 0.029 0.017 0.122 0.015 0.029 0.026 0.026 0.362 0.044
52 T 0.067 0.03 0.034 0.03 0.017 0.023 0.033 0.036 0.012 0.08 0.078 0.038 0.021 0.025 0.023 0.072 0.229 0.005 0.017 0.131
53 R 0.076 0.128 0.038 0.065 0.011 0.057 0.082 0.058 0.021 0.031 0.067 0.091 0.017 0.025 0.022 0.089 0.042 0.006 0.035 0.038
54 N 0.07 0.032 0.173 0.133 0.01 0.026 0.048 0.049 0.021 0.033 0.052 0.041 0.026 0.073 0.053 0.054 0.039 0.006 0.023 0.036
55 F 0.033 0.019 0.017 0.016 0.01 0.012 0.019 0.024 0.02 0.056 0.1 0.02 0.023 0.376 0.011 0.025 0.024 0.018 0.13 0.05
56 R 0.046 0.199 0.054 0.058 0.01 0.033 0.051 0.031 0.018 0.081 0.089 0.072 0.02 0.024 0.018 0.042 0.053 0.005 0.017 0.079
57 N 0.05 0.048 0.218 0.112 0.01 0.029 0.049 0.054 0.026 0.026 0.039 0.048 0.012 0.058 0.02 0.096 0.047 0.005 0.022 0.03
58 N 0.063 0.045 0.133 0.052 0.011 0.074 0.066 0.116 0.022 0.029 0.061 0.066 0.015 0.019 0.022 0.104 0.047 0.005 0.016 0.034
59 L 0.043 0.021 0.014 0.015 0.014 0.015 0.019 0.021 0.013 0.149 0.282 0.023 0.038 0.08 0.013 0.024 0.033 0.009 0.059 0.115
60 D 0.069 0.032 0.133 0.21 0.01 0.028 0.06 0.05 0.019 0.032 0.037 0.044 0.012 0.017 0.055 0.081 0.044 0.004 0.013 0.048
61 P 0.084 0.026 0.024 0.027 0.012 0.02 0.032 0.038 0.019 0.061 0.061 0.036 0.016 0.06 0.231 0.071 0.04 0.008 0.066 0.069
62 D 0.048 0.044 0.128 0.135 0.009 0.055 0.113 0.044 0.025 0.026 0.041 0.071 0.019 0.027 0.021 0.066 0.04 0.007 0.05 0.031
63 Y 0.039 0.05 0.025 0.047 0.009 0.022 0.032 0.026 0.038 0.039 0.062 0.035 0.017 0.126 0.015 0.037 0.028 0.022 0.289 0.042
64 Y 0.04 0.024 0.021 0.019 0.01 0.018 0.025 0.026 0.033 0.046 0.077 0.027 0.019 0.217 0.014 0.043 0.029 0.021 0.246 0.046
65 D 0.05 0.056 0.045 0.117 0.011 0.044 0.067 0.084 0.017 0.104 0.07 0.063 0.019 0.026 0.019 0.045 0.058 0.006 0.027 0.072
66 F 0.032 0.018 0.016 0.016 0.01 0.011 0.018 0.024 0.018 0.058 0.104 0.019 0.023 0.407 0.01 0.024 0.024 0.016 0.102 0.051
67 N 0.044 0.114 0.206 0.136 0.009 0.034 0.054 0.05 0.024 0.023 0.038 0.062 0.012 0.017 0.02 0.07 0.042 0.004 0.014 0.027
68 P 0.057 0.04 0.061 0.114 0.01 0.043 0.122 0.041 0.019 0.029 0.06 0.069 0.014 0.018 0.124 0.084 0.042 0.004 0.015 0.034
69 D 0.045 0.036 0.137 0.202 0.008 0.034 0.108 0.076 0.047 0.023 0.031 0.048 0.011 0.017 0.021 0.056 0.054 0.004 0.016 0.027
70 V 0.056 0.02 0.015 0.017 0.017 0.015 0.02 0.022 0.008 0.211 0.148 0.024 0.042 0.038 0.015 0.028 0.042 0.005 0.019 0.239
71 E 0.052 0.046 0.038 0.084 0.007 0.06 0.343 0.033 0.024 0.021 0.034 0.071 0.012 0.016 0.024 0.052 0.034 0.005 0.016 0.029
72 F 0.041 0.028 0.019 0.018 0.011 0.018 0.025 0.024 0.023 0.071 0.154 0.045 0.026 0.157 0.048 0.029 0.029 0.015 0.145 0.074
73 G 0.073 0.021 0.037 0.031 0.01 0.018 0.024 0.542 0.013 0.018 0.026 0.031 0.009 0.015 0.018 0.048 0.028 0.005 0.01 0.023
74 Y 0.038 0.026 0.02 0.017 0.009 0.02 0.026 0.023 0.044 0.041 0.064 0.029 0.017 0.122 0.015 0.029 0.026 0.026 0.362 0.044
75 Q 0.052 0.069 0.041 0.044 0.008 0.266 0.096 0.039 0.027 0.025 0.044 0.085 0.019 0.014 0.022 0.052 0.039 0.006 0.019 0.033
76 L 0.062 0.022 0.015 0.016 0.015 0.015 0.02 0.024 0.011 0.106 0.309 0.024 0.039 0.11 0.014 0.027 0.032 0.008 0.031 0.102
77 L 0.043 0.021 0.014 0.015 0.015 0.014 0.019 0.021 0.01 0.116 0.304 0.023 0.039 0.12 0.013 0.024 0.032 0.008 0.032 0.117
78 E 0.056 0.063 0.043 0.141 0.009 0.046 0.211 0.038 0.021 0.031 0.04 0.062 0.013 0.017 0.023 0.078 0.04 0.005 0.015 0.048
79 Y 0.041 0.025 0.021 0.019 0.009 0.019 0.026 0.026 0.036 0.044 0.071 0.028 0.019 0.176 0.015 0.044 0.029 0.023 0.283 0.045
80 L 0.076 0.024 0.042 0.024 0.014 0.017 0.025 0.034 0.014 0.096 0.174 0.028 0.028 0.166 0.016 0.054 0.045 0.009 0.04 0.074
81 L 0.043 0.02 0.013 0.015 0.015 0.014 0.018 0.02 0.009 0.193 0.311 0.023 0.041 0.047 0.013 0.023 0.034 0.006 0.02 0.12
82 L 0.042 0.023 0.013 0.014 0.015 0.015 0.019 0.02 0.009 0.108 0.416 0.024 0.046 0.051 0.013 0.023 0.031 0.007 0.021 0.09
83 N 0.058 0.084 0.144 0.054 0.01 0.038 0.071 0.05 0.057 0.024 0.037 0.108 0.013 0.018 0.022 0.101 0.055 0.005 0.019 0.031
84 F 0.041 0.019 0.015 0.016 0.03 0.013 0.018 0.022 0.012 0.143 0.19 0.021 0.036 0.195 0.012 0.025 0.031 0.01 0.045 0.108
85 T 0.068 0.037 0.04 0.035 0.016 0.027 0.039 0.041 0.014 0.047 0.06 0.061 0.018 0.035 0.025 0.091 0.259 0.006 0.019 0.062
86 H 0.046 0.043 0.075 0.065 0.009 0.034 0.05 0.039 0.251 0.032 0.042 0.061 0.015 0.027 0.019 0.055 0.039 0.007 0.046 0.045
87 N 0.041 0.042 0.317 0.088 0.008 0.035 0.068 0.058 0.037 0.021 0.03 0.051 0.011 0.017 0.019 0.065 0.045 0.004 0.016 0.026
88 Y 0.038 0.026 0.02 0.017 0.009 0.02 0.026 0.023 0.044 0.041 0.064 0.029 0.017 0.122 0.015 0.029 0.026 0.026 0.362 0.044
89 F 0.093 0.02 0.017 0.018 0.012 0.013 0.022 0.034 0.015 0.055 0.096 0.023 0.022 0.346 0.013 0.035 0.028 0.014 0.07 0.054
90 W 0.032 0.021 0.014 0.014 0.009 0.014 0.021 0.027 0.014 0.044 0.083 0.021 0.018 0.079 0.008 0.022 0.024 0.422 0.059 0.053
91 L 0.041 0.023 0.014 0.015 0.014 0.015 0.019 0.02 0.012 0.1 0.372 0.024 0.043 0.081 0.013 0.023 0.03 0.009 0.048 0.084
92 F 0.034 0.019 0.015 0.015 0.011 0.011 0.018 0.023 0.014 0.07 0.173 0.019 0.029 0.347 0.011 0.024 0.025 0.014 0.07 0.06
93 F 0.041 0.021 0.018 0.018 0.012 0.013 0.021 0.025 0.014 0.079 0.186 0.022 0.029 0.273 0.013 0.041 0.035 0.012 0.058 0.07
94 I 0.051 0.02 0.019 0.02 0.015 0.015 0.021 0.024 0.01 0.214 0.129 0.025 0.03 0.075 0.016 0.035 0.081 0.006 0.025 0.168
95 T 0.068 0.03 0.035 0.031 0.077 0.023 0.033 0.039 0.015 0.053 0.064 0.038 0.018 0.042 0.023 0.095 0.192 0.007 0.041 0.076
96 S 0.13 0.035 0.045 0.042 0.016 0.029 0.045 0.094 0.017 0.03 0.042 0.048 0.015 0.02 0.027 0.218 0.084 0.005 0.016 0.043
97 L 0.045 0.021 0.018 0.018 0.014 0.014 0.021 0.025 0.012 0.119 0.224 0.024 0.033 0.169 0.014 0.042 0.042 0.009 0.041 0.095
98 I 0.042 0.018 0.014 0.016 0.014 0.013 0.018 0.021 0.01 0.195 0.187 0.021 0.033 0.145 0.013 0.024 0.033 0.008 0.037 0.136
99 V 0.057 0.019 0.015 0.017 0.017 0.014 0.02 0.022 0.008 0.219 0.136 0.023 0.031 0.037 0.015 0.028 0.043 0.005 0.019 0.257
100 V 0.063 0.02 0.015 0.017 0.018 0.015 0.021 0.023 0.008 0.171 0.125 0.024 0.03 0.034 0.015 0.03 0.045 0.005 0.019 0.301
101 F 0.051 0.023 0.025 0.023 0.028 0.017 0.025 0.131 0.02 0.046 0.099 0.029 0.019 0.151 0.058 0.051 0.044 0.012 0.102 0.046
102 C 0.08 0.027 0.032 0.03 0.16 0.021 0.032 0.044 0.014 0.044 0.091 0.035 0.019 0.07 0.021 0.147 0.053 0.006 0.023 0.05
103 Y 0.039 0.026 0.02 0.018 0.009 0.021 0.026 0.023 0.042 0.044 0.072 0.029 0.031 0.117 0.015 0.029 0.027 0.025 0.34 0.046
104 L 0.04 0.022 0.014 0.015 0.014 0.015 0.019 0.021 0.01 0.101 0.367 0.023 0.049 0.101 0.013 0.023 0.03 0.008 0.029 0.085
105 Y 0.049 0.047 0.034 0.026 0.011 0.026 0.035 0.031 0.033 0.094 0.083 0.084 0.021 0.085 0.018 0.057 0.049 0.013 0.138 0.066
106 I 0.059 0.024 0.026 0.025 0.016 0.019 0.027 0.03 0.011 0.152 0.105 0.031 0.026 0.066 0.019 0.063 0.127 0.006 0.024 0.145
107 I 0.042 0.017 0.014 0.016 0.014 0.012 0.017 0.02 0.01 0.254 0.174 0.021 0.034 0.107 0.013 0.023 0.034 0.007 0.03 0.139
108 K 0.052 0.142 0.038 0.037 0.008 0.049 0.064 0.039 0.02 0.025 0.041 0.294 0.014 0.015 0.025 0.049 0.036 0.005 0.016 0.03
109 K 0.051 0.155 0.038 0.037 0.008 0.049 0.063 0.039 0.02 0.025 0.041 0.285 0.014 0.015 0.024 0.048 0.036 0.005 0.016 0.03
110 L 0.042 0.031 0.039 0.023 0.011 0.029 0.03 0.026 0.049 0.111 0.16 0.047 0.027 0.067 0.015 0.031 0.032 0.013 0.14 0.077
111 S 0.118 0.037 0.049 0.045 0.017 0.031 0.048 0.063 0.018 0.029 0.04 0.05 0.015 0.02 0.028 0.258 0.075 0.005 0.016 0.041
112 K 0.056 0.053 0.038 0.036 0.012 0.049 0.076 0.033 0.016 0.098 0.077 0.129 0.021 0.024 0.021 0.048 0.077 0.005 0.017 0.113
113 N 0.04 0.039 0.289 0.165 0.008 0.031 0.056 0.057 0.027 0.021 0.029 0.048 0.01 0.016 0.019 0.061 0.043 0.004 0.014 0.025
114 Y 0.038 0.026 0.02 0.017 0.009 0.02 0.026 0.023 0.044 0.041 0.064 0.029 0.017 0.122 0.015 0.029 0.026 0.026 0.362 0.044
115 L 0.077 0.022 0.021 0.021 0.014 0.016 0.023 0.065 0.012 0.126 0.139 0.027 0.026 0.115 0.016 0.04 0.071 0.043 0.04 0.086
116 L 0.043 0.023 0.017 0.016 0.014 0.016 0.021 0.023 0.015 0.09 0.292 0.025 0.037 0.117 0.014 0.031 0.045 0.01 0.07 0.084
117 S 0.118 0.037 0.049 0.045 0.017 0.031 0.048 0.063 0.018 0.029 0.04 0.05 0.015 0.02 0.028 0.258 0.075 0.005 0.016 0.041
118 V 0.058 0.019 0.015 0.017 0.017 0.014 0.02 0.022 0.008 0.213 0.134 0.024 0.031 0.036 0.015 0.028 0.043 0.005 0.019 0.262
119 F 0.034 0.019 0.016 0.016 0.011 0.012 0.019 0.023 0.018 0.079 0.121 0.02 0.025 0.34 0.011 0.024 0.026 0.016 0.105 0.066
120 I 0.044 0.019 0.014 0.016 0.015 0.013 0.018 0.02 0.009 0.23 0.224 0.022 0.037 0.069 0.013 0.024 0.035 0.006 0.024 0.148
121 F 0.034 0.02 0.017 0.016 0.01 0.013 0.02 0.024 0.025 0.053 0.093 0.021 0.022 0.33 0.011 0.025 0.025 0.019 0.171 0.049
122 I 0.045 0.017 0.014 0.017 0.015 0.013 0.017 0.019 0.008 0.31 0.155 0.022 0.034 0.041 0.014 0.024 0.038 0.005 0.019 0.173
123 T 0.078 0.032 0.039 0.034 0.017 0.025 0.036 0.041 0.013 0.056 0.064 0.041 0.019 0.023 0.025 0.089 0.264 0.005 0.017 0.082
124 F 0.036 0.02 0.015 0.015 0.012 0.012 0.018 0.022 0.013 0.082 0.251 0.021 0.034 0.252 0.011 0.023 0.027 0.012 0.054 0.069
125 G 0.073 0.021 0.037 0.031 0.01 0.018 0.024 0.542 0.013 0.018 0.026 0.031 0.009 0.015 0.018 0.048 0.028 0.005 0.01 0.023
126 F 0.066 0.022 0.019 0.019 0.014 0.015 0.023 0.029 0.013 0.085 0.122 0.025 0.026 0.216 0.015 0.038 0.068 0.01 0.049 0.128
127 Y 0.038 0.026 0.02 0.017 0.009 0.02 0.026 0.023 0.044 0.041 0.064 0.029 0.017 0.122 0.015 0.029 0.026 0.026 0.362 0.044
128 T 0.066 0.034 0.068 0.038 0.016 0.026 0.037 0.042 0.014 0.05 0.08 0.042 0.019 0.023 0.024 0.093 0.241 0.005 0.017 0.062
129 F 0.032 0.018 0.016 0.016 0.01 0.01 0.018 0.024 0.016 0.059 0.107 0.018 0.024 0.427 0.01 0.024 0.024 0.016 0.083 0.051
130 F 0.062 0.024 0.023 0.022 0.012 0.017 0.026 0.033 0.019 0.056 0.127 0.027 0.024 0.239 0.015 0.074 0.036 0.013 0.096 0.054
131 F 0.032 0.018 0.016 0.016 0.01 0.01 0.018 0.024 0.016 0.059 0.107 0.018 0.024 0.427 0.01 0.024 0.024 0.016 0.083 0.051
132 N 0.04 0.042 0.362 0.078 0.008 0.031 0.046 0.061 0.029 0.021 0.029 0.05 0.01 0.017 0.019 0.065 0.046 0.004 0.015 0.025
133 G 0.073 0.022 0.037 0.032 0.011 0.018 0.025 0.509 0.013 0.02 0.029 0.032 0.009 0.016 0.018 0.051 0.046 0.005 0.011 0.026
134 L 0.042 0.023 0.013 0.014 0.015 0.015 0.019 0.02 0.009 0.108 0.416 0.024 0.046 0.051 0.013 0.023 0.031 0.007 0.021 0.09
135 R 0.042 0.388 0.036 0.029 0.007 0.045 0.049 0.031 0.022 0.022 0.043 0.112 0.014 0.016 0.018 0.042 0.033 0.005 0.016 0.029
136 Q 0.052 0.069 0.041 0.044 0.008 0.266 0.096 0.039 0.027 0.025 0.044 0.085 0.019 0.014 0.022 0.052 0.039 0.006 0.019 0.033
137 G 0.091 0.022 0.036 0.031 0.011 0.018 0.025 0.511 0.013 0.019 0.028 0.032 0.009 0.015 0.018 0.05 0.029 0.005 0.011 0.025
138 L 0.044 0.02 0.014 0.016 0.015 0.014 0.018 0.02 0.009 0.225 0.247 0.024 0.052 0.045 0.014 0.024 0.035 0.006 0.02 0.139
139 A 0.337 0.029 0.024 0.028 0.02 0.024 0.038 0.073 0.014 0.04 0.056 0.042 0.016 0.02 0.028 0.079 0.047 0.005 0.016 0.064
140 L 0.049 0.027 0.018 0.018 0.015 0.023 0.024 0.025 0.013 0.129 0.192 0.031 0.168 0.044 0.015 0.031 0.038 0.007 0.022 0.112
141 A 0.329 0.029 0.025 0.028 0.02 0.024 0.038 0.073 0.014 0.04 0.055 0.042 0.016 0.02 0.028 0.086 0.048 0.005 0.016 0.063
142 I 0.043 0.017 0.014 0.016 0.015 0.013 0.017 0.02 0.009 0.279 0.176 0.022 0.035 0.068 0.013 0.023 0.036 0.006 0.024 0.154
143 C 0.056 0.02 0.017 0.017 0.182 0.015 0.02 0.028 0.011 0.07 0.141 0.023 0.049 0.137 0.014 0.034 0.044 0.008 0.034 0.08
144 F 0.141 0.024 0.022 0.023 0.015 0.018 0.028 0.042 0.014 0.068 0.091 0.03 0.034 0.186 0.019 0.051 0.07 0.01 0.044 0.071
145 L 0.039 0.022 0.015 0.015 0.024 0.015 0.02 0.022 0.015 0.1 0.276 0.023 0.036 0.122 0.013 0.024 0.029 0.034 0.078 0.079
146 A 0.266 0.029 0.03 0.031 0.018 0.024 0.038 0.134 0.014 0.035 0.049 0.042 0.015 0.019 0.026 0.104 0.049 0.005 0.016 0.055
147 L 0.071 0.025 0.021 0.021 0.016 0.019 0.025 0.029 0.011 0.119 0.23 0.03 0.046 0.039 0.017 0.043 0.094 0.006 0.019 0.122
148 P 0.056 0.03 0.025 0.031 0.01 0.022 0.037 0.036 0.013 0.024 0.035 0.059 0.01 0.013 0.46 0.057 0.037 0.003 0.013 0.03
149 Y 0.077 0.026 0.021 0.019 0.01 0.02 0.028 0.03 0.05 0.042 0.067 0.03 0.018 0.14 0.016 0.036 0.029 0.021 0.272 0.046
150 L 0.04 0.022 0.014 0.015 0.014 0.015 0.019 0.021 0.011 0.097 0.343 0.023 0.05 0.126 0.013 0.023 0.03 0.009 0.033 0.082
151 L 0.043 0.02 0.014 0.015 0.015 0.014 0.018 0.02 0.009 0.201 0.299 0.023 0.041 0.047 0.014 0.023 0.034 0.006 0.02 0.126
152 E 0.047 0.048 0.107 0.132 0.007 0.063 0.208 0.041 0.024 0.021 0.033 0.08 0.012 0.015 0.023 0.054 0.037 0.005 0.015 0.028
153 K 0.049 0.175 0.06 0.039 0.008 0.047 0.06 0.039 0.021 0.024 0.04 0.249 0.014 0.015 0.023 0.049 0.036 0.005 0.016 0.03
154 K 0.047 0.147 0.108 0.061 0.008 0.044 0.059 0.043 0.022 0.024 0.038 0.209 0.013 0.015 0.022 0.051 0.038 0.005 0.016 0.029
155 F 0.043 0.021 0.017 0.018 0.013 0.014 0.021 0.025 0.013 0.118 0.187 0.024 0.03 0.2 0.047 0.041 0.032 0.01 0.045 0.081
156 L 0.042 0.045 0.017 0.017 0.013 0.016 0.022 0.023 0.015 0.148 0.161 0.029 0.029 0.123 0.013 0.029 0.032 0.045 0.075 0.107
157 K 0.055 0.089 0.047 0.035 0.01 0.043 0.052 0.038 0.017 0.039 0.07 0.192 0.017 0.018 0.118 0.051 0.038 0.005 0.016 0.053
158 Y 0.036 0.024 0.019 0.017 0.009 0.018 0.024 0.023 0.037 0.045 0.074 0.026 0.019 0.193 0.013 0.028 0.026 0.024 0.297 0.045
159 L 0.044 0.022 0.018 0.018 0.013 0.014 0.021 0.026 0.013 0.095 0.223 0.024 0.032 0.203 0.013 0.048 0.034 0.01 0.046 0.081
160 L 0.044 0.021 0.016 0.017 0.014 0.015 0.019 0.056 0.01 0.141 0.291 0.024 0.038 0.083 0.014 0.027 0.04 0.007 0.026 0.097
161 I 0.046 0.019 0.015 0.016 0.015 0.014 0.018 0.021 0.01 0.224 0.176 0.023 0.046 0.087 0.014 0.025 0.036 0.01 0.027 0.159
162 V 0.08 0.021 0.02 0.02 0.15 0.016 0.023 0.031 0.009 0.141 0.1 0.026 0.024 0.029 0.017 0.054 0.059 0.005 0.017 0.157
163 L 0.06 0.021 0.016 0.017 0.014 0.014 0.02 0.062 0.011 0.122 0.232 0.023 0.033 0.145 0.014 0.029 0.031 0.009 0.036 0.091
164 I 0.055 0.02 0.017 0.018 0.015 0.014 0.02 0.057 0.01 0.183 0.177 0.024 0.032 0.09 0.014 0.03 0.044 0.007 0.027 0.147
165 A 0.316 0.029 0.026 0.029 0.02 0.024 0.038 0.088 0.014 0.039 0.054 0.042 0.016 0.02 0.027 0.088 0.048 0.005 0.016 0.062
166 S 0.106 0.037 0.05 0.045 0.016 0.031 0.049 0.062 0.018 0.028 0.04 0.05 0.015 0.02 0.028 0.264 0.081 0.005 0.016 0.04
167 L 0.06 0.023 0.016 0.016 0.014 0.016 0.021 0.025 0.013 0.089 0.279 0.025 0.064 0.132 0.014 0.029 0.031 0.009 0.046 0.078
168 F 0.032 0.018 0.016 0.016 0.01 0.01 0.018 0.024 0.016 0.059 0.107 0.018 0.024 0.427 0.01 0.024 0.024 0.016 0.083 0.051
169 H 0.039 0.043 0.05 0.036 0.007 0.036 0.05 0.036 0.397 0.021 0.036 0.043 0.014 0.029 0.018 0.039 0.025 0.007 0.054 0.021
170 I 0.057 0.032 0.026 0.023 0.015 0.021 0.029 0.028 0.011 0.182 0.134 0.067 0.029 0.033 0.017 0.052 0.053 0.005 0.019 0.168
171 S 0.1 0.035 0.045 0.04 0.017 0.029 0.043 0.054 0.016 0.037 0.049 0.047 0.016 0.021 0.027 0.186 0.165 0.005 0.016 0.052
172 A 0.325 0.029 0.025 0.029 0.02 0.024 0.038 0.073 0.014 0.04 0.055 0.042 0.016 0.02 0.028 0.089 0.048 0.005 0.016 0.063
173 L 0.039 0.022 0.013 0.014 0.014 0.015 0.019 0.022 0.01 0.106 0.326 0.023 0.039 0.052 0.012 0.022 0.03 0.11 0.029 0.083
174 I 0.043 0.018 0.014 0.016 0.014 0.013 0.018 0.021 0.01 0.198 0.173 0.021 0.032 0.144 0.013 0.024 0.034 0.008 0.036 0.146
175 L 0.048 0.028 0.018 0.018 0.015 0.024 0.025 0.025 0.014 0.105 0.214 0.032 0.185 0.046 0.015 0.032 0.037 0.007 0.022 0.09
176 L 0.042 0.019 0.014 0.016 0.014 0.013 0.018 0.02 0.01 0.212 0.235 0.022 0.037 0.096 0.013 0.023 0.034 0.007 0.028 0.128
177 P 0.068 0.023 0.02 0.026 0.011 0.018 0.03 0.034 0.013 0.043 0.075 0.034 0.015 0.083 0.365 0.039 0.033 0.005 0.025 0.042
178 F 0.035 0.019 0.016 0.016 0.011 0.011 0.018 0.023 0.015 0.08 0.134 0.019 0.034 0.353 0.011 0.024 0.026 0.014 0.071 0.07
179 Y 0.038 0.026 0.02 0.017 0.009 0.02 0.026 0.023 0.044 0.041 0.064 0.029 0.017 0.122 0.015 0.029 0.026 0.026 0.362 0.044
180 F 0.034 0.019 0.015 0.015 0.011 0.011 0.018 0.023 0.014 0.071 0.179 0.019 0.029 0.339 0.011 0.023 0.025 0.014 0.068 0.06
181 L 0.044 0.021 0.014 0.015 0.015 0.014 0.019 0.02 0.009 0.162 0.333 0.023 0.042 0.048 0.014 0.023 0.034 0.006 0.02 0.123
182 V 0.057 0.02 0.015 0.016 0.017 0.015 0.02 0.022 0.008 0.188 0.17 0.024 0.033 0.038 0.015 0.028 0.042 0.005 0.019 0.249
183 H 0.042 0.04 0.173 0.051 0.008 0.031 0.044 0.079 0.192 0.025 0.047 0.044 0.014 0.028 0.018 0.049 0.034 0.007 0.049 0.026
184 F 0.034 0.019 0.017 0.017 0.011 0.011 0.019 0.025 0.017 0.064 0.115 0.019 0.025 0.385 0.011 0.025 0.025 0.017 0.089 0.055
185 L 0.061 0.026 0.022 0.021 0.015 0.018 0.025 0.03 0.012 0.081 0.273 0.029 0.035 0.068 0.016 0.064 0.063 0.041 0.027 0.073
186 K 0.049 0.168 0.056 0.038 0.008 0.047 0.06 0.039 0.046 0.024 0.04 0.236 0.014 0.016 0.023 0.048 0.036 0.005 0.019 0.029
187 I 0.045 0.018 0.016 0.017 0.015 0.013 0.018 0.021 0.01 0.243 0.146 0.023 0.032 0.1 0.014 0.027 0.049 0.007 0.029 0.157
188 K 0.051 0.151 0.038 0.037 0.008 0.049 0.063 0.039 0.02 0.027 0.042 0.285 0.015 0.015 0.024 0.048 0.036 0.005 0.016 0.031
189 L 0.047 0.023 0.017 0.018 0.015 0.016 0.022 0.024 0.01 0.143 0.301 0.026 0.045 0.044 0.049 0.041 0.036 0.006 0.02 0.099
190 E 0.068 0.062 0.031 0.06 0.01 0.046 0.222 0.033 0.02 0.053 0.086 0.06 0.018 0.021 0.056 0.047 0.037 0.005 0.016 0.051
191 Y 0.039 0.025 0.041 0.021 0.01 0.019 0.025 0.026 0.032 0.057 0.108 0.028 0.022 0.153 0.014 0.03 0.029 0.02 0.236 0.067
192 K 0.053 0.1 0.039 0.039 0.008 0.05 0.066 0.04 0.019 0.026 0.04 0.325 0.014 0.014 0.026 0.05 0.037 0.005 0.016 0.031
193 V 0.116 0.023 0.017 0.019 0.017 0.018 0.025 0.033 0.01 0.146 0.164 0.029 0.055 0.036 0.017 0.039 0.041 0.006 0.019 0.168
194 L 0.055 0.021 0.017 0.018 0.016 0.016 0.021 0.024 0.009 0.187 0.226 0.026 0.035 0.046 0.016 0.033 0.07 0.006 0.02 0.138
195 A 0.138 0.027 0.027 0.027 0.016 0.021 0.031 0.091 0.014 0.071 0.134 0.034 0.024 0.081 0.021 0.097 0.045 0.007 0.026 0.069
196 V 0.08 0.022 0.02 0.021 0.092 0.017 0.023 0.03 0.009 0.16 0.107 0.028 0.026 0.031 0.018 0.044 0.088 0.005 0.017 0.163
197 F 0.034 0.018 0.015 0.016 0.011 0.011 0.018 0.023 0.014 0.096 0.129 0.019 0.026 0.357 0.011 0.024 0.026 0.014 0.071 0.068
198 L 0.046 0.02 0.016 0.017 0.015 0.015 0.019 0.056 0.01 0.197 0.229 0.024 0.048 0.065 0.014 0.029 0.034 0.007 0.023 0.118
199 G 0.07 0.025 0.034 0.03 0.013 0.019 0.028 0.259 0.014 0.063 0.06 0.033 0.016 0.082 0.019 0.091 0.057 0.007 0.024 0.057
200 S 0.098 0.037 0.049 0.044 0.016 0.03 0.047 0.059 0.017 0.031 0.042 0.049 0.015 0.02 0.027 0.246 0.106 0.005 0.016 0.043
201 L 0.07 0.023 0.021 0.021 0.014 0.016 0.024 0.065 0.012 0.092 0.204 0.027 0.03 0.133 0.016 0.059 0.041 0.008 0.034 0.088
202 L 0.051 0.021 0.015 0.016 0.014 0.015 0.019 0.023 0.011 0.149 0.267 0.023 0.05 0.115 0.013 0.026 0.032 0.008 0.032 0.101
203 L 0.086 0.022 0.017 0.018 0.016 0.016 0.022 0.029 0.011 0.141 0.201 0.026 0.032 0.09 0.016 0.036 0.054 0.007 0.028 0.131
204 S 0.116 0.036 0.048 0.044 0.016 0.03 0.047 0.095 0.017 0.028 0.039 0.049 0.014 0.019 0.027 0.243 0.071 0.005 0.016 0.04
205 G 0.086 0.073 0.039 0.04 0.011 0.067 0.069 0.205 0.018 0.024 0.037 0.095 0.013 0.016 0.022 0.089 0.041 0.005 0.015 0.032
206 L 0.051 0.028 0.021 0.022 0.014 0.019 0.027 0.028 0.013 0.112 0.168 0.047 0.041 0.109 0.05 0.049 0.054 0.008 0.035 0.106
207 L 0.072 0.022 0.016 0.017 0.016 0.016 0.021 0.051 0.009 0.13 0.247 0.025 0.036 0.04 0.015 0.031 0.038 0.006 0.019 0.173
208 I 0.048 0.017 0.014 0.017 0.016 0.013 0.017 0.02 0.008 0.291 0.151 0.022 0.034 0.04 0.014 0.025 0.039 0.005 0.019 0.19
209 S 0.068 0.042 0.082 0.049 0.012 0.076 0.093 0.086 0.02 0.038 0.068 0.055 0.017 0.02 0.023 0.096 0.09 0.005 0.016 0.044
210 Y 0.039 0.025 0.02 0.017 0.009 0.019 0.025 0.023 0.039 0.05 0.071 0.028 0.019 0.137 0.014 0.029 0.027 0.024 0.321 0.062
211 L 0.042 0.022 0.014 0.015 0.015 0.016 0.019 0.021 0.01 0.142 0.316 0.024 0.065 0.074 0.013 0.024 0.033 0.007 0.025 0.101
212 A 0.265 0.031 0.031 0.033 0.019 0.026 0.04 0.086 0.015 0.036 0.05 0.044 0.016 0.02 0.027 0.129 0.054 0.005 0.016 0.056
213 A 0.121 0.044 0.062 0.083 0.013 0.059 0.075 0.053 0.019 0.034 0.066 0.074 0.017 0.02 0.024 0.119 0.054 0.005 0.016 0.043
214 S 0.068 0.033 0.066 0.095 0.013 0.028 0.059 0.113 0.042 0.046 0.047 0.044 0.015 0.02 0.023 0.115 0.103 0.005 0.017 0.05
215 N 0.04 0.042 0.362 0.078 0.008 0.031 0.046 0.061 0.029 0.021 0.029 0.05 0.01 0.017 0.019 0.065 0.046 0.004 0.015 0.025
216 E 0.054 0.044 0.043 0.151 0.009 0.058 0.154 0.038 0.019 0.041 0.044 0.082 0.014 0.017 0.056 0.066 0.039 0.005 0.015 0.053
217 R 0.043 0.362 0.036 0.03 0.007 0.046 0.05 0.032 0.022 0.022 0.043 0.131 0.014 0.016 0.019 0.042 0.033 0.005 0.016 0.029
218 Y 0.038 0.026 0.02 0.017 0.009 0.02 0.026 0.023 0.044 0.041 0.064 0.029 0.017 0.122 0.015 0.029 0.026 0.026 0.362 0.044
219 E 0.057 0.043 0.038 0.074 0.009 0.06 0.244 0.035 0.021 0.033 0.065 0.062 0.016 0.019 0.024 0.072 0.062 0.005 0.016 0.044
220 G 0.077 0.035 0.053 0.074 0.011 0.043 0.048 0.156 0.112 0.032 0.041 0.044 0.014 0.021 0.021 0.099 0.042 0.005 0.024 0.048
221 Y 0.038 0.026 0.02 0.017 0.009 0.02 0.026 0.023 0.044 0.041 0.064 0.029 0.017 0.122 0.015 0.029 0.026 0.026 0.362 0.044
222 A 0.173 0.031 0.035 0.033 0.018 0.025 0.038 0.089 0.014 0.042 0.054 0.042 0.017 0.021 0.026 0.102 0.16 0.005 0.016 0.06
223 E 0.053 0.067 0.047 0.057 0.009 0.137 0.168 0.037 0.024 0.026 0.041 0.106 0.016 0.015 0.023 0.056 0.06 0.005 0.017 0.034
224 V 0.099 0.033 0.027 0.038 0.014 0.03 0.098 0.07 0.014 0.096 0.075 0.06 0.02 0.024 0.055 0.053 0.054 0.005 0.017 0.12
225 S 0.127 0.034 0.046 0.096 0.016 0.028 0.05 0.058 0.016 0.037 0.046 0.046 0.015 0.02 0.026 0.182 0.08 0.005 0.016 0.058
226 E 0.048 0.041 0.043 0.16 0.007 0.05 0.259 0.035 0.024 0.022 0.035 0.061 0.012 0.023 0.023 0.05 0.035 0.006 0.039 0.029
227 N 0.072 0.057 0.146 0.054 0.01 0.063 0.077 0.049 0.05 0.029 0.04 0.117 0.014 0.018 0.022 0.072 0.043 0.005 0.019 0.042
228 A 0.182 0.035 0.035 0.034 0.016 0.026 0.04 0.126 0.016 0.033 0.048 0.061 0.015 0.046 0.025 0.135 0.052 0.006 0.02 0.047
229 G 0.073 0.021 0.037 0.031 0.01 0.018 0.024 0.542 0.013 0.018 0.026 0.031 0.009 0.015 0.018 0.048 0.028 0.005 0.01 0.023
230 G 0.073 0.021 0.037 0.031 0.01 0.018 0.024 0.542 0.013 0.018 0.026 0.031 0.009 0.015 0.018 0.048 0.028 0.005 0.01 0.023
231 Y 0.04 0.024 0.018 0.016 0.011 0.018 0.023 0.022 0.03 0.066 0.156 0.026 0.026 0.128 0.014 0.027 0.028 0.019 0.231 0.074
232 L 0.041 0.021 0.014 0.015 0.014 0.014 0.019 0.021 0.01 0.134 0.289 0.022 0.038 0.099 0.013 0.023 0.032 0.042 0.032 0.108
233 T 0.062 0.03 0.033 0.03 0.016 0.023 0.032 0.035 0.012 0.081 0.099 0.04 0.023 0.053 0.022 0.069 0.217 0.006 0.022 0.095
234 L 0.041 0.022 0.013 0.014 0.015 0.015 0.019 0.02 0.01 0.106 0.394 0.023 0.045 0.076 0.013 0.023 0.031 0.007 0.025 0.088
235 G 0.111 0.025 0.028 0.027 0.014 0.019 0.028 0.197 0.013 0.049 0.134 0.033 0.022 0.08 0.019 0.079 0.039 0.007 0.024 0.052
236 F 0.032 0.018 0.016 0.016 0.01 0.01 0.018 0.024 0.015 0.066 0.115 0.018 0.024 0.41 0.01 0.024 0.024 0.015 0.08 0.055
237 Y 0.037 0.026 0.043 0.021 0.009 0.02 0.026 0.026 0.039 0.042 0.067 0.029 0.018 0.154 0.014 0.031 0.027 0.023 0.304 0.043
238 L 0.062 0.023 0.022 0.022 0.056 0.018 0.025 0.03 0.011 0.129 0.141 0.029 0.04 0.079 0.017 0.056 0.087 0.007 0.026 0.121
239 L 0.06 0.021 0.016 0.017 0.016 0.015 0.021 0.024 0.01 0.146 0.242 0.025 0.036 0.078 0.015 0.035 0.037 0.007 0.026 0.155
240 L 0.043 0.021 0.014 0.016 0.015 0.015 0.019 0.02 0.01 0.189 0.277 0.024 0.054 0.063 0.013 0.024 0.034 0.007 0.023 0.121
241 G 0.106 0.025 0.031 0.029 0.014 0.02 0.028 0.277 0.013 0.047 0.093 0.034 0.03 0.034 0.019 0.076 0.039 0.006 0.016 0.062
242 L 0.046 0.021 0.015 0.016 0.015 0.015 0.019 0.022 0.011 0.167 0.201 0.024 0.058 0.113 0.013 0.026 0.035 0.008 0.032 0.144
243 L 0.06 0.02 0.015 0.016 0.014 0.014 0.02 0.025 0.012 0.132 0.209 0.023 0.038 0.173 0.013 0.028 0.032 0.009 0.041 0.105
244 L 0.044 0.019 0.015 0.016 0.026 0.013 0.018 0.021 0.01 0.193 0.204 0.022 0.037 0.111 0.013 0.025 0.038 0.008 0.031 0.137
245 Y 0.038 0.025 0.019 0.017 0.01 0.019 0.024 0.023 0.037 0.061 0.099 0.028 0.023 0.138 0.014 0.028 0.027 0.023 0.294 0.054
246 I 0.066 0.02 0.016 0.018 0.014 0.014 0.02 0.026 0.012 0.185 0.161 0.024 0.031 0.124 0.015 0.037 0.036 0.008 0.044 0.129
247 L 0.063 0.023 0.022 0.021 0.042 0.017 0.024 0.057 0.012 0.082 0.167 0.027 0.04 0.126 0.016 0.054 0.059 0.008 0.033 0.107
248 G 0.063 0.033 0.137 0.046 0.011 0.024 0.035 0.231 0.021 0.044 0.044 0.04 0.017 0.026 0.019 0.086 0.042 0.006 0.037 0.038
249 K 0.085 0.126 0.047 0.033 0.01 0.039 0.05 0.04 0.024 0.03 0.047 0.177 0.015 0.037 0.022 0.049 0.036 0.009 0.085 0.037
250 K 0.055 0.062 0.073 0.035 0.011 0.032 0.044 0.037 0.017 0.066 0.121 0.151 0.022 0.061 0.02 0.046 0.055 0.006 0.023 0.064
251 Y 0.042 0.032 0.034 0.032 0.01 0.027 0.084 0.026 0.027 0.078 0.138 0.048 0.024 0.084 0.016 0.033 0.031 0.014 0.158 0.062
252 R 0.045 0.224 0.095 0.041 0.008 0.044 0.055 0.04 0.022 0.023 0.04 0.177 0.014 0.016 0.021 0.049 0.037 0.005 0.016 0.029
253 I 0.045 0.025 0.069 0.028 0.014 0.029 0.027 0.029 0.013 0.198 0.157 0.031 0.03 0.062 0.015 0.041 0.044 0.006 0.023 0.114
254 K 0.046 0.128 0.073 0.068 0.009 0.061 0.079 0.037 0.021 0.05 0.074 0.13 0.018 0.038 0.02 0.046 0.036 0.006 0.019 0.043
255 D 0.04 0.034 0.192 0.274 0.008 0.03 0.068 0.051 0.023 0.021 0.028 0.046 0.01 0.015 0.02 0.061 0.04 0.004 0.012 0.024
256 K 0.049 0.063 0.068 0.072 0.01 0.038 0.106 0.036 0.046 0.063 0.056 0.117 0.017 0.027 0.021 0.048 0.053 0.006 0.042 0.061
257 N 0.05 0.048 0.142 0.098 0.01 0.03 0.07 0.042 0.025 0.046 0.054 0.054 0.019 0.037 0.019 0.058 0.041 0.008 0.073 0.075
258 F 0.036 0.023 0.019 0.019 0.01 0.017 0.036 0.024 0.028 0.052 0.105 0.026 0.022 0.247 0.013 0.027 0.026 0.019 0.202 0.049
259 N 0.065 0.076 0.113 0.053 0.011 0.043 0.043 0.041 0.048 0.077 0.075 0.05 0.019 0.037 0.019 0.061 0.04 0.008 0.065 0.057
260 K 0.051 0.059 0.049 0.031 0.012 0.051 0.044 0.032 0.016 0.114 0.126 0.136 0.025 0.028 0.019 0.039 0.038 0.005 0.018 0.108
261 L 0.041 0.022 0.015 0.015 0.014 0.015 0.019 0.021 0.013 0.113 0.306 0.023 0.039 0.123 0.013 0.028 0.031 0.009 0.055 0.086
262 E 0.049 0.035 0.028 0.048 0.01 0.044 0.164 0.03 0.02 0.059 0.14 0.048 0.029 0.077 0.019 0.054 0.035 0.008 0.048 0.054
263 Q 0.061 0.052 0.037 0.041 0.011 0.159 0.088 0.038 0.021 0.043 0.079 0.066 0.025 0.02 0.022 0.064 0.088 0.006 0.019 0.059
264 L 0.04 0.019 0.014 0.016 0.014 0.013 0.018 0.021 0.011 0.151 0.224 0.021 0.035 0.173 0.012 0.024 0.031 0.009 0.041 0.112
265 Y 0.036 0.025 0.021 0.018 0.009 0.019 0.026 0.024 0.06 0.045 0.079 0.027 0.019 0.191 0.014 0.028 0.026 0.022 0.266 0.045
266 L 0.096 0.023 0.019 0.02 0.049 0.017 0.024 0.033 0.011 0.123 0.222 0.028 0.032 0.064 0.017 0.057 0.042 0.006 0.023 0.091
267 C 0.061 0.022 0.022 0.021 0.249 0.017 0.023 0.032 0.013 0.067 0.128 0.027 0.022 0.036 0.017 0.068 0.056 0.007 0.046 0.067
268 G 0.073 0.021 0.037 0.031 0.01 0.018 0.024 0.542 0.013 0.018 0.026 0.031 0.009 0.015 0.018 0.048 0.028 0.005 0.01 0.023
269 L 0.05 0.021 0.014 0.016 0.016 0.015 0.019 0.021 0.009 0.173 0.261 0.023 0.038 0.043 0.014 0.025 0.037 0.006 0.02 0.18
270 A 0.163 0.024 0.019 0.021 0.018 0.019 0.027 0.042 0.011 0.092 0.153 0.031 0.027 0.058 0.02 0.049 0.047 0.006 0.023 0.151
271 F 0.036 0.019 0.015 0.015 0.045 0.011 0.018 0.023 0.013 0.072 0.191 0.02 0.03 0.293 0.011 0.024 0.027 0.012 0.061 0.062
272 L 0.054 0.022 0.015 0.016 0.016 0.017 0.021 0.022 0.009 0.153 0.209 0.025 0.065 0.041 0.015 0.028 0.04 0.006 0.02 0.204
273 I 0.046 0.019 0.016 0.017 0.015 0.014 0.019 0.021 0.009 0.231 0.202 0.024 0.035 0.061 0.014 0.028 0.053 0.006 0.023 0.147
274 P 0.053 0.024 0.022 0.029 0.01 0.019 0.034 0.034 0.012 0.024 0.034 0.039 0.01 0.012 0.527 0.041 0.034 0.002 0.012 0.029
275 I 0.05 0.019 0.014 0.016 0.016 0.014 0.019 0.021 0.009 0.202 0.193 0.023 0.034 0.066 0.014 0.026 0.038 0.006 0.024 0.195
276 A 0.284 0.03 0.027 0.029 0.019 0.025 0.038 0.068 0.014 0.043 0.062 0.042 0.029 0.022 0.027 0.099 0.055 0.005 0.017 0.063
277 L 0.041 0.023 0.015 0.016 0.014 0.016 0.02 0.022 0.012 0.109 0.276 0.024 0.074 0.139 0.013 0.025 0.031 0.009 0.036 0.085
278 L 0.042 0.023 0.013 0.014 0.015 0.015 0.019 0.02 0.009 0.108 0.416 0.024 0.046 0.051 0.013 0.023 0.031 0.007 0.021 0.09
279 G 0.072 0.027 0.038 0.037 0.01 0.038 0.052 0.443 0.015 0.019 0.029 0.039 0.01 0.015 0.019 0.063 0.032 0.005 0.011 0.025
280 T 0.124 0.031 0.035 0.032 0.017 0.025 0.036 0.047 0.013 0.056 0.085 0.041 0.02 0.024 0.025 0.097 0.187 0.005 0.017 0.081
281 N 0.049 0.037 0.213 0.192 0.009 0.03 0.06 0.055 0.024 0.022 0.03 0.048 0.011 0.016 0.021 0.093 0.047 0.004 0.014 0.027
282 P 0.079 0.025 0.022 0.029 0.011 0.02 0.034 0.037 0.012 0.026 0.036 0.039 0.01 0.013 0.481 0.045 0.035 0.003 0.012 0.032
283 S 0.103 0.037 0.051 0.046 0.016 0.031 0.049 0.062 0.018 0.028 0.039 0.051 0.015 0.02 0.028 0.271 0.077 0.005 0.016 0.039
284 G 0.073 0.021 0.037 0.031 0.01 0.018 0.024 0.542 0.013 0.018 0.026 0.031 0.009 0.015 0.018 0.048 0.028 0.005 0.01 0.023
285 P 0.053 0.024 0.022 0.029 0.01 0.019 0.034 0.034 0.012 0.024 0.034 0.039 0.01 0.012 0.527 0.041 0.034 0.002 0.012 0.029
286 Q 0.052 0.069 0.041 0.044 0.008 0.266 0.096 0.039 0.027 0.025 0.044 0.085 0.019 0.014 0.022 0.052 0.039 0.006 0.019 0.033
287 R 0.042 0.388 0.036 0.029 0.007 0.045 0.049 0.031 0.022 0.022 0.043 0.112 0.014 0.016 0.018 0.042 0.033 0.005 0.016 0.029
288 L 0.044 0.021 0.014 0.016 0.015 0.015 0.019 0.021 0.01 0.176 0.276 0.023 0.051 0.071 0.013 0.024 0.034 0.007 0.024 0.127
289 L 0.041 0.022 0.013 0.014 0.015 0.015 0.019 0.02 0.01 0.111 0.395 0.023 0.045 0.07 0.013 0.023 0.031 0.007 0.024 0.09
290 N 0.054 0.031 0.136 0.041 0.011 0.023 0.034 0.041 0.027 0.054 0.061 0.037 0.017 0.102 0.044 0.056 0.056 0.012 0.117 0.048
291 Y 0.038 0.027 0.043 0.021 0.009 0.021 0.027 0.026 0.041 0.04 0.064 0.03 0.017 0.13 0.015 0.031 0.027 0.024 0.325 0.043
292 F 0.032 0.018 0.016 0.016 0.01 0.01 0.018 0.024 0.016 0.059 0.107 0.018 0.024 0.427 0.01 0.024 0.024 0.016 0.083 0.051
293 T 0.103 0.031 0.035 0.032 0.017 0.024 0.036 0.044 0.013 0.063 0.088 0.04 0.021 0.025 0.024 0.105 0.179 0.005 0.017 0.097
294 W 0.043 0.023 0.019 0.019 0.01 0.017 0.026 0.031 0.015 0.045 0.057 0.027 0.016 0.048 0.08 0.046 0.031 0.318 0.062 0.069
295 V 0.056 0.025 0.022 0.022 0.015 0.02 0.026 0.028 0.014 0.116 0.132 0.031 0.057 0.066 0.04 0.044 0.1 0.008 0.046 0.133
296 L 0.051 0.022 0.017 0.017 0.041 0.016 0.021 0.024 0.01 0.147 0.262 0.026 0.049 0.042 0.015 0.042 0.038 0.006 0.02 0.134
297 V 0.092 0.022 0.02 0.021 0.017 0.017 0.024 0.03 0.009 0.182 0.117 0.028 0.028 0.033 0.018 0.042 0.079 0.005 0.019 0.197
298 L 0.039 0.02 0.014 0.015 0.013 0.013 0.018 0.021 0.011 0.136 0.258 0.021 0.036 0.174 0.012 0.023 0.03 0.009 0.041 0.093
299 L 0.042 0.021 0.013 0.015 0.015 0.015 0.018 0.02 0.009 0.156 0.357 0.023 0.044 0.049 0.013 0.023 0.033 0.006 0.02 0.107
300 L 0.043 0.02 0.014 0.015 0.015 0.014 0.018 0.02 0.009 0.192 0.306 0.023 0.045 0.047 0.014 0.023 0.034 0.006 0.02 0.121
301 P 0.053 0.024 0.022 0.029 0.01 0.019 0.034 0.034 0.012 0.024 0.034 0.039 0.01 0.012 0.527 0.041 0.034 0.002 0.012 0.029
302 L 0.046 0.024 0.02 0.02 0.013 0.019 0.024 0.026 0.018 0.122 0.132 0.028 0.069 0.127 0.015 0.04 0.063 0.011 0.088 0.094
303 L 0.091 0.022 0.018 0.019 0.017 0.017 0.023 0.03 0.01 0.163 0.196 0.028 0.035 0.038 0.017 0.039 0.064 0.006 0.019 0.149
304 L 0.04 0.022 0.014 0.015 0.014 0.015 0.019 0.021 0.012 0.109 0.309 0.023 0.051 0.126 0.013 0.024 0.03 0.009 0.047 0.085
305 K 0.056 0.125 0.057 0.068 0.01 0.045 0.08 0.04 0.02 0.035 0.053 0.168 0.015 0.018 0.023 0.075 0.042 0.005 0.016 0.051
306 K 0.05 0.136 0.04 0.067 0.008 0.048 0.083 0.039 0.02 0.025 0.039 0.257 0.014 0.015 0.024 0.049 0.036 0.005 0.016 0.03
307 I 0.045 0.023 0.017 0.018 0.014 0.031 0.024 0.022 0.015 0.193 0.161 0.027 0.036 0.088 0.014 0.027 0.035 0.009 0.066 0.135
308 N 0.044 0.059 0.236 0.061 0.008 0.036 0.051 0.052 0.025 0.025 0.038 0.135 0.013 0.043 0.02 0.058 0.042 0.005 0.02 0.029
309 N 0.055 0.039 0.212 0.058 0.011 0.029 0.042 0.089 0.025 0.04 0.042 0.055 0.013 0.026 0.02 0.093 0.065 0.006 0.04 0.038
310 L 0.05 0.045 0.056 0.029 0.012 0.026 0.035 0.031 0.016 0.132 0.136 0.111 0.026 0.037 0.018 0.037 0.038 0.007 0.043 0.113
311 L 0.039 0.022 0.016 0.016 0.012 0.015 0.021 0.022 0.022 0.115 0.194 0.024 0.03 0.146 0.013 0.025 0.029 0.015 0.142 0.082
312 I 0.05 0.018 0.014 0.016 0.016 0.013 0.019 0.021 0.009 0.225 0.159 0.023 0.033 0.074 0.014 0.026 0.039 0.006 0.025 0.2
313 Y 0.046 0.043 0.081 0.033 0.01 0.028 0.037 0.034 0.028 0.045 0.101 0.088 0.02 0.062 0.019 0.046 0.068 0.013 0.15 0.047
314 L 0.073 0.022 0.018 0.019 0.015 0.016 0.023 0.028 0.012 0.164 0.192 0.027 0.033 0.066 0.016 0.047 0.044 0.008 0.046 0.13
315 S 0.11 0.04 0.054 0.049 0.018 0.033 0.052 0.066 0.019 0.03 0.042 0.054 0.016 0.021 0.03 0.22 0.082 0.005 0.018 0.042
316 L 0.061 0.021 0.018 0.019 0.015 0.015 0.021 0.026 0.01 0.185 0.211 0.026 0.034 0.075 0.016 0.039 0.062 0.007 0.025 0.115
317 F 0.087 0.023 0.023 0.023 0.013 0.016 0.026 0.037 0.015 0.061 0.089 0.027 0.022 0.265 0.016 0.075 0.041 0.011 0.057 0.07
318 I 0.053 0.02 0.017 0.019 0.015 0.015 0.021 0.024 0.012 0.215 0.129 0.025 0.03 0.071 0.015 0.042 0.041 0.007 0.047 0.183
319 L 0.065 0.021 0.018 0.018 0.048 0.015 0.021 0.027 0.011 0.141 0.173 0.025 0.042 0.12 0.015 0.035 0.057 0.008 0.032 0.106
320 L 0.04 0.021 0.014 0.015 0.014 0.014 0.019 0.021 0.011 0.109 0.341 0.022 0.041 0.124 0.013 0.023 0.03 0.008 0.033 0.087
