#Seq2Logo.py -f /work3/idamei/ssn-clusterings/clustering/2205181126/clusters/0005_174/sequences.afa -o /work3/idamei/ssn-clusterings/clustering/2205181126/clusters/0005_174/sequences.logo
#Position Specific Frequency Matrix
A R N D C Q E G H I L K M F P S T W Y V
0 L 0.051 0.032 0.02 0.02 0.016 0.028 0.028 0.028 0.016 0.099 0.194 0.036 0.173 0.047 0.016 0.036 0.04 0.008 0.024 0.091
1 K 0.054 0.111 0.112 0.049 0.009 0.043 0.057 0.106 0.022 0.024 0.038 0.177 0.013 0.016 0.023 0.055 0.04 0.005 0.016 0.03
2 R 0.07 0.166 0.044 0.04 0.011 0.044 0.058 0.047 0.021 0.027 0.043 0.153 0.015 0.018 0.025 0.109 0.052 0.005 0.017 0.035
3 Y 0.055 0.041 0.027 0.028 0.012 0.087 0.051 0.03 0.028 0.077 0.081 0.049 0.023 0.06 0.018 0.04 0.039 0.013 0.122 0.12
4 R 0.091 0.244 0.032 0.028 0.012 0.039 0.045 0.039 0.019 0.05 0.062 0.091 0.018 0.021 0.02 0.049 0.039 0.006 0.018 0.078
5 N 0.048 0.037 0.127 0.063 0.011 0.037 0.124 0.04 0.022 0.108 0.078 0.05 0.02 0.026 0.02 0.049 0.041 0.005 0.017 0.077
6 K 0.057 0.107 0.042 0.042 0.009 0.054 0.071 0.043 0.021 0.028 0.043 0.278 0.016 0.016 0.028 0.054 0.04 0.005 0.017 0.033
7 N 0.043 0.045 0.317 0.083 0.009 0.034 0.049 0.065 0.032 0.022 0.032 0.054 0.011 0.018 0.02 0.07 0.049 0.004 0.016 0.027
8 R 0.045 0.345 0.039 0.031 0.008 0.048 0.052 0.033 0.023 0.023 0.047 0.12 0.016 0.017 0.019 0.045 0.035 0.006 0.017 0.031
9 S 0.11 0.04 0.054 0.049 0.018 0.033 0.052 0.066 0.019 0.03 0.042 0.054 0.016 0.021 0.03 0.22 0.082 0.005 0.018 0.042
10 F 0.04 0.029 0.024 0.041 0.009 0.028 0.114 0.028 0.02 0.049 0.087 0.037 0.021 0.268 0.015 0.035 0.029 0.013 0.064 0.047
11 A 0.147 0.03 0.032 0.031 0.016 0.023 0.037 0.056 0.017 0.045 0.071 0.039 0.019 0.145 0.023 0.113 0.052 0.009 0.041 0.055
12 K 0.053 0.076 0.032 0.033 0.011 0.04 0.052 0.035 0.017 0.112 0.084 0.199 0.022 0.025 0.023 0.043 0.039 0.005 0.018 0.08
13 S 0.086 0.041 0.047 0.056 0.015 0.039 0.112 0.052 0.019 0.033 0.046 0.056 0.016 0.02 0.028 0.152 0.114 0.005 0.017 0.046
14 L 0.117 0.025 0.021 0.021 0.016 0.019 0.027 0.099 0.012 0.086 0.153 0.031 0.027 0.037 0.018 0.044 0.039 0.068 0.025 0.117
15 L 0.054 0.022 0.015 0.016 0.017 0.016 0.021 0.022 0.009 0.153 0.261 0.025 0.041 0.046 0.015 0.027 0.04 0.006 0.021 0.174
16 F 0.047 0.019 0.016 0.017 0.015 0.013 0.019 0.023 0.012 0.17 0.136 0.022 0.031 0.174 0.013 0.027 0.036 0.01 0.045 0.156
17 V 0.126 0.022 0.018 0.02 0.138 0.017 0.025 0.039 0.01 0.103 0.095 0.029 0.024 0.028 0.019 0.047 0.046 0.005 0.017 0.171
18 I 0.046 0.019 0.014 0.017 0.016 0.014 0.018 0.02 0.009 0.24 0.22 0.024 0.039 0.046 0.014 0.024 0.038 0.006 0.021 0.154
19 I 0.107 0.021 0.018 0.02 0.016 0.015 0.023 0.036 0.012 0.167 0.125 0.027 0.029 0.126 0.017 0.04 0.038 0.008 0.036 0.118
20 V 0.065 0.022 0.021 0.021 0.016 0.017 0.023 0.147 0.01 0.114 0.167 0.027 0.03 0.035 0.016 0.035 0.04 0.006 0.018 0.17
21 L 0.051 0.02 0.015 0.017 0.017 0.015 0.019 0.021 0.009 0.21 0.211 0.024 0.038 0.044 0.015 0.026 0.04 0.006 0.021 0.181
22 V 0.058 0.02 0.015 0.017 0.017 0.015 0.02 0.022 0.008 0.222 0.147 0.024 0.034 0.039 0.015 0.029 0.044 0.006 0.02 0.227
23 L 0.108 0.026 0.017 0.019 0.017 0.018 0.025 0.035 0.011 0.096 0.303 0.03 0.041 0.046 0.018 0.039 0.037 0.007 0.021 0.088
24 F 0.035 0.021 0.018 0.017 0.01 0.013 0.021 0.025 0.024 0.058 0.101 0.022 0.023 0.329 0.012 0.026 0.026 0.019 0.148 0.052
25 F 0.036 0.02 0.016 0.016 0.012 0.012 0.019 0.024 0.015 0.075 0.181 0.02 0.031 0.31 0.011 0.025 0.027 0.014 0.071 0.064
26 Q 0.055 0.072 0.043 0.046 0.009 0.226 0.101 0.041 0.029 0.026 0.046 0.09 0.02 0.014 0.023 0.055 0.041 0.006 0.02 0.035
27 N 0.042 0.044 0.327 0.082 0.009 0.033 0.049 0.064 0.031 0.022 0.031 0.053 0.011 0.018 0.02 0.069 0.049 0.004 0.015 0.027
28 W 0.069 0.031 0.034 0.032 0.012 0.024 0.037 0.048 0.017 0.03 0.047 0.038 0.015 0.04 0.018 0.127 0.052 0.253 0.042 0.036
29 L 0.044 0.024 0.014 0.015 0.016 0.016 0.02 0.021 0.01 0.114 0.385 0.025 0.049 0.054 0.014 0.024 0.033 0.007 0.022 0.095
30 L 0.047 0.034 0.021 0.023 0.014 0.068 0.04 0.026 0.014 0.134 0.245 0.041 0.039 0.041 0.016 0.032 0.036 0.006 0.021 0.1
31 T 0.09 0.037 0.048 0.043 0.017 0.03 0.045 0.054 0.016 0.041 0.053 0.049 0.017 0.022 0.028 0.161 0.169 0.005 0.017 0.056
32 V 0.06 0.033 0.023 0.025 0.016 0.068 0.041 0.027 0.013 0.158 0.117 0.041 0.03 0.032 0.018 0.036 0.044 0.006 0.02 0.192
33 F 0.058 0.03 0.103 0.041 0.013 0.022 0.034 0.044 0.019 0.099 0.088 0.037 0.022 0.119 0.019 0.087 0.048 0.008 0.035 0.074
34 P 0.121 0.035 0.033 0.046 0.014 0.034 0.105 0.048 0.017 0.036 0.049 0.051 0.015 0.018 0.146 0.068 0.095 0.005 0.016 0.05
35 L 0.051 0.022 0.017 0.02 0.014 0.016 0.024 0.027 0.012 0.091 0.165 0.028 0.029 0.124 0.135 0.031 0.036 0.008 0.036 0.115
36 F 0.032 0.02 0.016 0.016 0.01 0.012 0.02 0.026 0.016 0.054 0.097 0.02 0.023 0.312 0.01 0.024 0.024 0.137 0.082 0.048
37 G 0.076 0.032 0.114 0.049 0.012 0.026 0.038 0.291 0.019 0.022 0.032 0.043 0.011 0.018 0.022 0.1 0.047 0.005 0.013 0.029
38 Y 0.04 0.032 0.098 0.034 0.009 0.024 0.033 0.034 0.042 0.038 0.058 0.036 0.017 0.101 0.017 0.04 0.033 0.022 0.25 0.041
39 L 0.049 0.024 0.017 0.017 0.015 0.018 0.022 0.025 0.013 0.109 0.205 0.026 0.07 0.133 0.014 0.029 0.037 0.009 0.038 0.13
40 D 0.04 0.029 0.068 0.406 0.007 0.029 0.09 0.046 0.018 0.022 0.028 0.044 0.009 0.015 0.022 0.051 0.035 0.004 0.011 0.024
41 E 0.054 0.049 0.04 0.089 0.007 0.064 0.307 0.034 0.025 0.022 0.036 0.074 0.013 0.016 0.025 0.054 0.036 0.005 0.016 0.031
42 L 0.042 0.021 0.015 0.016 0.015 0.014 0.019 0.022 0.011 0.143 0.262 0.023 0.04 0.137 0.013 0.024 0.033 0.009 0.038 0.104
43 V 0.058 0.02 0.015 0.017 0.017 0.015 0.02 0.022 0.008 0.222 0.147 0.024 0.034 0.039 0.015 0.029 0.044 0.006 0.02 0.227
44 A 0.253 0.033 0.032 0.034 0.02 0.027 0.043 0.074 0.016 0.039 0.054 0.046 0.017 0.021 0.029 0.121 0.057 0.005 0.017 0.061
45 L 0.054 0.021 0.015 0.017 0.017 0.015 0.02 0.022 0.009 0.195 0.206 0.025 0.037 0.043 0.015 0.027 0.041 0.006 0.021 0.194
46 L 0.052 0.023 0.021 0.022 0.016 0.017 0.023 0.026 0.01 0.182 0.195 0.029 0.035 0.041 0.018 0.041 0.092 0.006 0.02 0.128
47 F 0.119 0.027 0.028 0.028 0.015 0.02 0.032 0.048 0.017 0.049 0.081 0.034 0.021 0.208 0.02 0.091 0.045 0.011 0.052 0.054
48 L 0.044 0.022 0.014 0.016 0.016 0.015 0.019 0.021 0.01 0.156 0.33 0.025 0.046 0.051 0.014 0.024 0.034 0.007 0.022 0.115
49 L 0.053 0.029 0.023 0.022 0.016 0.022 0.027 0.028 0.012 0.095 0.257 0.033 0.073 0.045 0.018 0.044 0.091 0.007 0.021 0.088
50 Y 0.041 0.027 0.02 0.018 0.011 0.02 0.026 0.024 0.037 0.061 0.147 0.029 0.026 0.11 0.015 0.029 0.029 0.022 0.251 0.058
51 Y 0.04 0.028 0.022 0.019 0.009 0.022 0.028 0.025 0.046 0.043 0.068 0.031 0.019 0.13 0.015 0.031 0.028 0.028 0.325 0.046
52 F 0.036 0.02 0.016 0.016 0.012 0.012 0.019 0.024 0.015 0.075 0.181 0.02 0.031 0.31 0.011 0.025 0.027 0.014 0.071 0.064
53 I 0.042 0.025 0.025 0.022 0.012 0.019 0.027 0.026 0.1 0.162 0.12 0.028 0.028 0.128 0.015 0.029 0.032 0.009 0.046 0.106
54 S 0.092 0.118 0.05 0.044 0.015 0.036 0.052 0.057 0.02 0.028 0.042 0.07 0.015 0.02 0.027 0.185 0.069 0.005 0.017 0.039
55 L 0.045 0.024 0.014 0.015 0.016 0.016 0.02 0.021 0.01 0.115 0.375 0.025 0.05 0.055 0.014 0.024 0.033 0.007 0.022 0.096
56 V 0.07 0.022 0.016 0.018 0.019 0.016 0.023 0.025 0.008 0.165 0.13 0.026 0.032 0.036 0.016 0.033 0.049 0.006 0.021 0.269
57 Y 0.04 0.028 0.022 0.019 0.009 0.022 0.028 0.025 0.047 0.044 0.068 0.031 0.019 0.131 0.016 0.031 0.028 0.028 0.318 0.047
58 C 0.065 0.016 0.016 0.016 0.484 0.012 0.016 0.032 0.008 0.045 0.065 0.02 0.016 0.02 0.016 0.041 0.037 0.004 0.012 0.057
59 G 0.055 0.132 0.111 0.047 0.009 0.038 0.049 0.164 0.022 0.023 0.037 0.123 0.013 0.017 0.021 0.054 0.038 0.005 0.015 0.028
60 R 0.06 0.129 0.035 0.031 0.013 0.036 0.046 0.036 0.016 0.066 0.07 0.119 0.02 0.023 0.022 0.055 0.095 0.006 0.018 0.103
61 N 0.043 0.045 0.315 0.083 0.009 0.034 0.05 0.065 0.032 0.023 0.032 0.054 0.011 0.018 0.02 0.07 0.05 0.005 0.016 0.027
62 I 0.051 0.021 0.028 0.115 0.015 0.018 0.037 0.028 0.011 0.187 0.122 0.029 0.028 0.034 0.017 0.033 0.04 0.005 0.018 0.163
63 L 0.056 0.11 0.03 0.027 0.012 0.028 0.036 0.037 0.017 0.049 0.131 0.055 0.024 0.038 0.017 0.08 0.043 0.129 0.031 0.049
64 G 0.123 0.066 0.036 0.036 0.012 0.037 0.051 0.17 0.017 0.029 0.043 0.164 0.014 0.017 0.026 0.06 0.039 0.005 0.015 0.039
65 R 0.062 0.132 0.05 0.131 0.01 0.041 0.066 0.047 0.02 0.025 0.039 0.126 0.014 0.017 0.024 0.095 0.047 0.005 0.016 0.032
66 D 0.048 0.053 0.054 0.236 0.008 0.044 0.139 0.042 0.021 0.023 0.033 0.113 0.012 0.015 0.024 0.052 0.036 0.004 0.014 0.028
67 L 0.076 0.106 0.022 0.021 0.014 0.024 0.03 0.032 0.015 0.075 0.159 0.049 0.028 0.124 0.017 0.038 0.035 0.009 0.036 0.088
68 L 0.055 0.045 0.028 0.028 0.014 0.027 0.036 0.032 0.013 0.119 0.164 0.095 0.03 0.034 0.021 0.048 0.092 0.006 0.019 0.093
69 L 0.042 0.021 0.015 0.016 0.015 0.014 0.019 0.022 0.011 0.143 0.262 0.023 0.04 0.137 0.013 0.024 0.033 0.009 0.038 0.104
70 L 0.115 0.023 0.017 0.02 0.018 0.018 0.025 0.036 0.01 0.15 0.184 0.029 0.033 0.038 0.018 0.041 0.042 0.006 0.02 0.154
71 V 0.058 0.02 0.015 0.017 0.017 0.015 0.02 0.022 0.008 0.222 0.147 0.024 0.034 0.039 0.015 0.029 0.044 0.006 0.02 0.227
72 L 0.048 0.023 0.016 0.019 0.015 0.016 0.023 0.024 0.01 0.134 0.243 0.028 0.036 0.041 0.136 0.029 0.035 0.006 0.019 0.099
73 A 0.224 0.032 0.031 0.033 0.02 0.026 0.041 0.068 0.015 0.054 0.063 0.044 0.019 0.023 0.028 0.114 0.057 0.005 0.018 0.088
74 I 0.049 0.021 0.016 0.018 0.015 0.015 0.02 0.023 0.011 0.174 0.146 0.024 0.049 0.13 0.014 0.028 0.038 0.009 0.038 0.16
75 L 0.051 0.02 0.015 0.017 0.017 0.015 0.019 0.021 0.009 0.21 0.211 0.024 0.038 0.044 0.015 0.026 0.04 0.006 0.021 0.181
76 V 0.063 0.023 0.022 0.022 0.136 0.017 0.024 0.03 0.01 0.135 0.105 0.028 0.026 0.031 0.018 0.047 0.095 0.005 0.018 0.145
77 I 0.048 0.021 0.016 0.018 0.016 0.017 0.02 0.022 0.01 0.236 0.173 0.026 0.07 0.045 0.015 0.027 0.039 0.006 0.021 0.153
78 L 0.051 0.022 0.015 0.016 0.017 0.015 0.02 0.022 0.009 0.168 0.266 0.025 0.041 0.047 0.015 0.026 0.038 0.006 0.021 0.161
79 V 0.063 0.025 0.025 0.025 0.015 0.019 0.029 0.035 0.013 0.126 0.097 0.031 0.024 0.04 0.017 0.078 0.048 0.129 0.031 0.131
80 G 0.077 0.023 0.039 0.033 0.011 0.019 0.025 0.517 0.013 0.019 0.028 0.033 0.009 0.016 0.019 0.051 0.029 0.005 0.011 0.024
81 L 0.042 0.021 0.015 0.016 0.015 0.014 0.019 0.022 0.011 0.143 0.262 0.023 0.04 0.137 0.013 0.024 0.033 0.009 0.038 0.104
82 L 0.058 0.025 0.025 0.024 0.015 0.018 0.027 0.033 0.014 0.122 0.176 0.03 0.031 0.128 0.017 0.076 0.044 0.009 0.037 0.091
83 F 0.052 0.019 0.022 0.021 0.131 0.013 0.02 0.15 0.014 0.047 0.079 0.023 0.019 0.207 0.014 0.035 0.029 0.011 0.049 0.047
84 N 0.042 0.044 0.327 0.082 0.009 0.033 0.049 0.064 0.031 0.022 0.031 0.053 0.011 0.018 0.02 0.069 0.049 0.004 0.015 0.027
85 L 0.109 0.028 0.02 0.021 0.016 0.023 0.029 0.038 0.022 0.075 0.176 0.034 0.064 0.063 0.019 0.043 0.037 0.012 0.098 0.075
86 I 0.051 0.025 0.024 0.023 0.015 0.02 0.028 0.026 0.097 0.187 0.124 0.029 0.03 0.038 0.016 0.031 0.038 0.006 0.029 0.163
87 F 0.052 0.024 0.026 0.025 0.012 0.016 0.027 0.035 0.017 0.054 0.095 0.027 0.023 0.302 0.015 0.077 0.039 0.014 0.07 0.051
88 G 0.059 0.034 0.114 0.046 0.009 0.027 0.038 0.284 0.106 0.02 0.031 0.041 0.011 0.02 0.019 0.053 0.033 0.006 0.023 0.024
89 I 0.054 0.019 0.02 0.021 0.015 0.014 0.019 0.145 0.01 0.216 0.131 0.026 0.03 0.037 0.016 0.031 0.037 0.006 0.018 0.137
90 Q 0.055 0.072 0.043 0.046 0.009 0.226 0.101 0.041 0.029 0.026 0.046 0.09 0.02 0.014 0.023 0.055 0.041 0.006 0.02 0.035
91 N 0.069 0.042 0.116 0.064 0.013 0.039 0.112 0.052 0.022 0.031 0.043 0.056 0.015 0.02 0.025 0.111 0.106 0.005 0.017 0.042
92 S 0.091 0.037 0.045 0.041 0.015 0.03 0.046 0.055 0.026 0.033 0.048 0.048 0.016 0.048 0.026 0.181 0.067 0.011 0.095 0.042
93 F 0.039 0.025 0.018 0.017 0.011 0.019 0.024 0.027 0.023 0.059 0.107 0.027 0.058 0.158 0.012 0.028 0.029 0.138 0.127 0.055
94 L 0.044 0.023 0.016 0.017 0.015 0.017 0.021 0.023 0.013 0.139 0.214 0.026 0.071 0.135 0.014 0.027 0.034 0.009 0.038 0.104
95 A 0.235 0.03 0.024 0.027 0.018 0.024 0.037 0.064 0.022 0.043 0.061 0.041 0.018 0.048 0.026 0.07 0.044 0.011 0.095 0.062
96 I 0.046 0.019 0.014 0.017 0.016 0.014 0.018 0.02 0.009 0.24 0.22 0.024 0.039 0.046 0.014 0.024 0.038 0.006 0.021 0.154
97 V 0.064 0.024 0.022 0.022 0.018 0.018 0.026 0.028 0.01 0.165 0.122 0.03 0.029 0.034 0.019 0.045 0.099 0.006 0.02 0.201
98 E 0.068 0.047 0.043 0.079 0.01 0.056 0.243 0.042 0.024 0.024 0.038 0.069 0.013 0.017 0.026 0.099 0.047 0.005 0.017 0.033
99 D 0.04 0.029 0.068 0.406 0.007 0.029 0.09 0.046 0.018 0.022 0.028 0.044 0.009 0.015 0.022 0.051 0.035 0.004 0.011 0.024
100 V 0.058 0.02 0.015 0.017 0.017 0.015 0.02 0.022 0.008 0.222 0.147 0.024 0.034 0.039 0.015 0.029 0.044 0.006 0.02 0.227
101 L 0.051 0.022 0.015 0.016 0.017 0.015 0.02 0.022 0.009 0.168 0.266 0.025 0.041 0.047 0.015 0.026 0.038 0.006 0.021 0.161
102 S 0.1 0.035 0.05 0.044 0.016 0.029 0.045 0.178 0.018 0.027 0.038 0.048 0.014 0.019 0.027 0.186 0.068 0.005 0.016 0.037
103 L 0.051 0.03 0.1 0.038 0.015 0.022 0.031 0.037 0.016 0.118 0.161 0.037 0.029 0.035 0.019 0.052 0.095 0.006 0.019 0.091
104 F 0.035 0.021 0.018 0.017 0.01 0.013 0.021 0.025 0.024 0.058 0.101 0.022 0.023 0.329 0.012 0.026 0.026 0.019 0.148 0.052
105 K 0.053 0.168 0.04 0.038 0.008 0.051 0.065 0.04 0.021 0.026 0.043 0.246 0.015 0.016 0.025 0.051 0.038 0.005 0.017 0.032
106 F 0.033 0.019 0.017 0.017 0.01 0.01 0.019 0.025 0.017 0.062 0.113 0.019 0.025 0.396 0.01 0.025 0.025 0.017 0.087 0.054
107 L 0.044 0.024 0.014 0.015 0.016 0.016 0.02 0.021 0.01 0.114 0.385 0.025 0.049 0.054 0.014 0.024 0.033 0.007 0.022 0.095
108 F 0.032 0.02 0.016 0.016 0.01 0.012 0.02 0.026 0.016 0.054 0.097 0.02 0.023 0.312 0.01 0.024 0.024 0.137 0.082 0.048
109 V 0.063 0.026 0.022 0.022 0.018 0.019 0.026 0.028 0.01 0.123 0.176 0.03 0.033 0.037 0.018 0.045 0.097 0.006 0.02 0.181
110 Y 0.04 0.028 0.021 0.018 0.009 0.021 0.028 0.025 0.046 0.043 0.067 0.031 0.018 0.129 0.015 0.031 0.028 0.028 0.328 0.046
111 L 0.044 0.022 0.014 0.016 0.016 0.015 0.019 0.021 0.01 0.156 0.33 0.025 0.046 0.051 0.014 0.024 0.034 0.007 0.022 0.115
112 G 0.077 0.023 0.039 0.033 0.011 0.019 0.025 0.517 0.013 0.019 0.028 0.033 0.009 0.016 0.019 0.051 0.029 0.005 0.011 0.024
113 L 0.046 0.026 0.015 0.016 0.016 0.019 0.022 0.023 0.011 0.11 0.337 0.028 0.08 0.052 0.014 0.027 0.035 0.007 0.022 0.094
114 K 0.069 0.089 0.044 0.043 0.011 0.048 0.065 0.048 0.02 0.028 0.042 0.23 0.015 0.017 0.028 0.097 0.05 0.005 0.017 0.035
115 K 0.073 0.063 0.045 0.043 0.013 0.085 0.065 0.048 0.02 0.034 0.049 0.119 0.018 0.018 0.027 0.108 0.105 0.005 0.018 0.045
116 Y 0.041 0.109 0.026 0.021 0.009 0.028 0.034 0.027 0.04 0.038 0.062 0.053 0.018 0.101 0.016 0.034 0.029 0.022 0.25 0.042
117 L 0.045 0.027 0.017 0.017 0.014 0.02 0.024 0.024 0.02 0.092 0.258 0.029 0.072 0.071 0.015 0.029 0.033 0.012 0.099 0.082
118 S 0.078 0.039 0.042 0.051 0.013 0.038 0.109 0.047 0.027 0.031 0.047 0.053 0.016 0.047 0.025 0.137 0.056 0.011 0.095 0.04
119 Y 0.04 0.028 0.022 0.019 0.009 0.022 0.028 0.025 0.047 0.044 0.068 0.031 0.019 0.131 0.016 0.031 0.028 0.028 0.318 0.047
120 S 0.11 0.04 0.054 0.049 0.018 0.033 0.052 0.066 0.019 0.03 0.042 0.054 0.016 0.021 0.03 0.22 0.082 0.005 0.018 0.042
121 F 0.034 0.019 0.017 0.017 0.011 0.011 0.019 0.025 0.017 0.063 0.114 0.019 0.025 0.387 0.011 0.025 0.025 0.017 0.089 0.055
122 N 0.049 0.061 0.184 0.073 0.008 0.046 0.118 0.051 0.027 0.023 0.035 0.117 0.013 0.017 0.023 0.061 0.043 0.005 0.016 0.029
123 R 0.063 0.214 0.043 0.038 0.01 0.045 0.056 0.043 0.021 0.026 0.044 0.145 0.015 0.018 0.024 0.093 0.047 0.005 0.017 0.034
124 G 0.069 0.021 0.033 0.029 0.012 0.017 0.023 0.393 0.012 0.084 0.062 0.031 0.016 0.023 0.018 0.044 0.032 0.005 0.013 0.061
125 V 0.061 0.021 0.016 0.017 0.136 0.015 0.02 0.025 0.009 0.121 0.176 0.024 0.032 0.036 0.016 0.032 0.042 0.005 0.019 0.178
126 D 0.044 0.115 0.113 0.135 0.01 0.035 0.054 0.043 0.022 0.042 0.075 0.063 0.052 0.024 0.019 0.05 0.039 0.005 0.017 0.043
127 T 0.063 0.03 0.031 0.027 0.016 0.023 0.032 0.034 0.02 0.078 0.081 0.036 0.022 0.053 0.022 0.061 0.148 0.011 0.096 0.116
128 D 0.126 0.051 0.047 0.131 0.014 0.035 0.063 0.058 0.018 0.03 0.042 0.108 0.014 0.018 0.027 0.105 0.051 0.005 0.016 0.041
129 K 0.05 0.147 0.033 0.032 0.01 0.042 0.053 0.035 0.018 0.048 0.129 0.18 0.024 0.025 0.022 0.043 0.036 0.006 0.018 0.047
130 I 0.046 0.017 0.014 0.017 0.016 0.013 0.017 0.02 0.009 0.282 0.165 0.023 0.036 0.044 0.014 0.025 0.039 0.006 0.02 0.174
131 L 0.041 0.023 0.015 0.015 0.015 0.015 0.02 0.022 0.012 0.101 0.317 0.023 0.043 0.139 0.013 0.024 0.031 0.009 0.038 0.085
132 K 0.053 0.085 0.034 0.034 0.01 0.044 0.057 0.037 0.018 0.049 0.128 0.223 0.024 0.025 0.024 0.046 0.038 0.006 0.018 0.048
133 G 0.049 0.022 0.023 0.021 0.012 0.016 0.022 0.147 0.021 0.101 0.093 0.026 0.022 0.146 0.015 0.033 0.03 0.014 0.112 0.075
134 V 0.063 0.022 0.016 0.017 0.018 0.016 0.022 0.023 0.009 0.15 0.192 0.026 0.036 0.04 0.016 0.03 0.045 0.006 0.021 0.233
135 G 0.056 0.022 0.023 0.021 0.132 0.017 0.022 0.151 0.013 0.056 0.1 0.027 0.056 0.12 0.015 0.038 0.032 0.008 0.033 0.056
136 P 0.054 0.046 0.031 0.031 0.012 0.028 0.041 0.037 0.016 0.042 0.064 0.098 0.017 0.112 0.141 0.053 0.089 0.008 0.034 0.047
137 I 0.049 0.019 0.015 0.017 0.015 0.013 0.019 0.022 0.011 0.197 0.143 0.023 0.032 0.13 0.014 0.027 0.038 0.008 0.037 0.171
138 L 0.054 0.021 0.016 0.017 0.016 0.015 0.021 0.024 0.011 0.125 0.188 0.024 0.034 0.13 0.014 0.028 0.039 0.009 0.038 0.177
139 K 0.058 0.083 0.035 0.035 0.129 0.043 0.056 0.04 0.017 0.031 0.048 0.222 0.015 0.016 0.024 0.05 0.038 0.005 0.016 0.038
140 I 0.054 0.02 0.017 0.021 0.015 0.016 0.023 0.025 0.01 0.188 0.124 0.028 0.028 0.034 0.137 0.031 0.041 0.005 0.018 0.165
141 Y 0.04 0.028 0.021 0.018 0.009 0.021 0.028 0.025 0.046 0.043 0.067 0.031 0.018 0.129 0.015 0.031 0.028 0.028 0.328 0.046
142 L 0.05 0.023 0.015 0.016 0.017 0.016 0.021 0.022 0.009 0.126 0.321 0.025 0.044 0.049 0.015 0.026 0.037 0.007 0.022 0.141
143 L 0.051 0.022 0.015 0.016 0.017 0.015 0.02 0.022 0.009 0.168 0.266 0.025 0.041 0.047 0.015 0.026 0.038 0.006 0.021 0.161
144 V 0.054 0.02 0.016 0.017 0.016 0.014 0.021 0.023 0.01 0.167 0.134 0.023 0.031 0.127 0.014 0.029 0.04 0.008 0.037 0.197
145 L 0.05 0.023 0.015 0.016 0.017 0.016 0.021 0.022 0.009 0.126 0.321 0.025 0.044 0.049 0.015 0.026 0.037 0.007 0.022 0.141
146 F 0.061 0.025 0.026 0.025 0.014 0.017 0.028 0.035 0.015 0.079 0.099 0.029 0.024 0.212 0.017 0.078 0.045 0.011 0.053 0.107
147 L 0.049 0.024 0.022 0.022 0.015 0.017 0.024 0.027 0.012 0.128 0.182 0.028 0.032 0.129 0.017 0.041 0.089 0.009 0.037 0.098
148 F 0.033 0.019 0.017 0.017 0.01 0.01 0.019 0.025 0.017 0.062 0.113 0.019 0.025 0.396 0.01 0.025 0.025 0.017 0.087 0.054
149 A 0.188 0.03 0.033 0.032 0.018 0.024 0.036 0.179 0.014 0.039 0.052 0.041 0.016 0.02 0.026 0.077 0.096 0.005 0.016 0.057
150 G 0.123 0.023 0.024 0.024 0.017 0.018 0.026 0.16 0.011 0.126 0.095 0.032 0.023 0.029 0.02 0.048 0.042 0.005 0.017 0.136
151 L 0.109 0.024 0.017 0.019 0.017 0.018 0.024 0.035 0.011 0.138 0.248 0.029 0.038 0.043 0.018 0.039 0.039 0.006 0.02 0.108
152 N 0.042 0.044 0.327 0.082 0.009 0.033 0.049 0.064 0.031 0.022 0.031 0.053 0.011 0.018 0.02 0.069 0.049 0.004 0.015 0.027
153 L 0.044 0.024 0.014 0.015 0.016 0.016 0.02 0.021 0.01 0.114 0.385 0.025 0.049 0.054 0.014 0.024 0.033 0.007 0.022 0.095
154 V 0.06 0.021 0.016 0.017 0.017 0.015 0.022 0.025 0.01 0.137 0.124 0.024 0.03 0.125 0.015 0.031 0.043 0.008 0.037 0.223
155 T 0.09 0.037 0.048 0.043 0.017 0.03 0.045 0.054 0.016 0.041 0.053 0.049 0.017 0.022 0.028 0.161 0.169 0.005 0.017 0.056
156 N 0.045 0.036 0.186 0.15 0.009 0.029 0.056 0.053 0.023 0.023 0.031 0.048 0.01 0.016 0.141 0.058 0.042 0.004 0.014 0.027
157 I 0.046 0.017 0.014 0.017 0.016 0.013 0.017 0.02 0.009 0.282 0.165 0.023 0.036 0.044 0.014 0.025 0.039 0.006 0.02 0.174
158 G 0.063 0.035 0.042 0.048 0.009 0.035 0.102 0.277 0.104 0.02 0.032 0.046 0.012 0.02 0.02 0.049 0.03 0.006 0.024 0.025
159 L 0.051 0.032 0.02 0.02 0.016 0.028 0.028 0.028 0.016 0.099 0.194 0.036 0.173 0.047 0.016 0.036 0.04 0.008 0.024 0.091
160 D 0.074 0.034 0.061 0.227 0.012 0.031 0.071 0.056 0.019 0.026 0.034 0.049 0.012 0.018 0.026 0.141 0.058 0.004 0.014 0.033
161 A 0.187 0.032 0.031 0.031 0.017 0.026 0.04 0.061 0.024 0.039 0.056 0.043 0.017 0.048 0.026 0.107 0.052 0.011 0.095 0.056
162 G 0.066 0.036 0.039 0.061 0.009 0.041 0.166 0.276 0.019 0.02 0.032 0.054 0.011 0.016 0.022 0.052 0.033 0.005 0.013 0.027
163 V 0.057 0.025 0.024 0.023 0.015 0.02 0.027 0.028 0.019 0.135 0.106 0.031 0.026 0.058 0.018 0.045 0.093 0.011 0.097 0.142
164 R 0.044 0.355 0.038 0.031 0.008 0.048 0.052 0.032 0.023 0.023 0.046 0.118 0.015 0.017 0.019 0.044 0.034 0.006 0.017 0.031
165 Y 0.04 0.028 0.021 0.018 0.009 0.021 0.028 0.025 0.046 0.043 0.067 0.031 0.018 0.129 0.015 0.031 0.028 0.028 0.328 0.046
166 G 0.077 0.023 0.039 0.033 0.011 0.019 0.025 0.517 0.013 0.019 0.028 0.033 0.009 0.016 0.019 0.051 0.029 0.005 0.011 0.024
167 L 0.041 0.023 0.015 0.015 0.015 0.015 0.02 0.022 0.012 0.101 0.317 0.023 0.043 0.139 0.013 0.024 0.031 0.009 0.038 0.085
168 R 0.047 0.292 0.039 0.033 0.008 0.049 0.056 0.035 0.022 0.024 0.045 0.161 0.015 0.017 0.021 0.046 0.036 0.006 0.017 0.031
169 L 0.063 0.037 0.105 0.042 0.014 0.03 0.039 0.046 0.02 0.062 0.115 0.044 0.093 0.033 0.02 0.093 0.052 0.006 0.02 0.062
170 F 0.035 0.021 0.018 0.017 0.01 0.013 0.021 0.025 0.024 0.058 0.101 0.022 0.023 0.329 0.012 0.026 0.026 0.019 0.148 0.052
171 A 0.204 0.035 0.039 0.039 0.019 0.029 0.046 0.071 0.017 0.036 0.05 0.049 0.016 0.021 0.029 0.158 0.065 0.005 0.017 0.055
172 F 0.033 0.019 0.017 0.017 0.01 0.01 0.019 0.025 0.017 0.062 0.113 0.019 0.025 0.396 0.01 0.025 0.025 0.017 0.087 0.054
173 V 0.058 0.02 0.015 0.017 0.017 0.015 0.02 0.022 0.008 0.222 0.147 0.024 0.034 0.039 0.015 0.029 0.044 0.006 0.02 0.227
174 Y 0.038 0.025 0.02 0.018 0.009 0.019 0.025 0.025 0.039 0.048 0.079 0.028 0.02 0.196 0.014 0.029 0.027 0.025 0.268 0.048
175 G 0.077 0.023 0.039 0.033 0.011 0.019 0.025 0.517 0.013 0.019 0.028 0.033 0.009 0.016 0.019 0.051 0.029 0.005 0.011 0.024
176 T 0.072 0.035 0.043 0.037 0.018 0.027 0.039 0.043 0.014 0.053 0.064 0.045 0.019 0.023 0.027 0.091 0.258 0.006 0.018 0.07
177 P 0.056 0.025 0.023 0.031 0.01 0.02 0.036 0.036 0.013 0.025 0.036 0.041 0.01 0.013 0.501 0.043 0.036 0.003 0.013 0.031
178 G 0.077 0.023 0.039 0.033 0.011 0.019 0.025 0.517 0.013 0.019 0.028 0.033 0.009 0.016 0.019 0.051 0.029 0.005 0.011 0.024
179 H 0.042 0.04 0.043 0.032 0.01 0.032 0.044 0.033 0.276 0.045 0.124 0.04 0.024 0.036 0.018 0.037 0.028 0.007 0.048 0.041
180 L 0.051 0.022 0.015 0.016 0.017 0.015 0.02 0.022 0.009 0.168 0.266 0.025 0.041 0.047 0.015 0.026 0.038 0.006 0.021 0.161
181 I 0.046 0.017 0.014 0.017 0.016 0.013 0.017 0.02 0.009 0.282 0.165 0.023 0.036 0.044 0.014 0.025 0.039 0.006 0.02 0.174
182 N 0.042 0.044 0.327 0.082 0.009 0.033 0.049 0.064 0.031 0.022 0.031 0.053 0.011 0.018 0.02 0.069 0.049 0.004 0.015 0.027
183 Q 0.055 0.072 0.043 0.046 0.009 0.226 0.101 0.041 0.029 0.026 0.046 0.09 0.02 0.014 0.023 0.055 0.041 0.006 0.02 0.035
184 L 0.051 0.032 0.02 0.02 0.016 0.028 0.028 0.028 0.016 0.099 0.194 0.036 0.173 0.047 0.016 0.036 0.04 0.008 0.024 0.091
185 T 0.072 0.035 0.043 0.037 0.018 0.027 0.039 0.043 0.014 0.053 0.064 0.045 0.019 0.023 0.027 0.091 0.258 0.006 0.018 0.07
186 Y 0.04 0.028 0.021 0.018 0.009 0.021 0.028 0.025 0.046 0.043 0.067 0.031 0.018 0.129 0.015 0.031 0.028 0.028 0.328 0.046
187 A 0.195 0.031 0.03 0.031 0.02 0.025 0.039 0.061 0.014 0.069 0.072 0.042 0.02 0.025 0.026 0.108 0.057 0.005 0.018 0.114
188 L 0.045 0.021 0.014 0.016 0.016 0.015 0.019 0.021 0.009 0.198 0.275 0.024 0.043 0.049 0.014 0.024 0.036 0.006 0.021 0.134
189 L 0.051 0.02 0.015 0.017 0.017 0.015 0.019 0.021 0.009 0.21 0.211 0.024 0.038 0.044 0.015 0.026 0.04 0.006 0.021 0.181
190 L 0.041 0.023 0.015 0.015 0.015 0.015 0.02 0.022 0.012 0.101 0.317 0.023 0.043 0.139 0.013 0.024 0.031 0.009 0.038 0.085
191 L 0.044 0.024 0.014 0.015 0.016 0.016 0.02 0.021 0.01 0.114 0.385 0.025 0.049 0.054 0.014 0.024 0.033 0.007 0.022 0.095
192 E 0.069 0.038 0.039 0.048 0.013 0.036 0.106 0.042 0.026 0.037 0.052 0.051 0.017 0.047 0.024 0.102 0.101 0.011 0.095 0.047
193 A 0.197 0.031 0.036 0.035 0.018 0.025 0.039 0.184 0.015 0.033 0.047 0.044 0.015 0.02 0.027 0.112 0.052 0.005 0.016 0.05
194 E 0.048 0.043 0.038 0.058 0.008 0.047 0.173 0.033 0.115 0.027 0.044 0.056 0.015 0.048 0.021 0.045 0.032 0.011 0.104 0.033
195 R 0.05 0.216 0.039 0.048 0.008 0.053 0.12 0.035 0.023 0.024 0.043 0.15 0.015 0.016 0.023 0.049 0.036 0.005 0.017 0.031
196 E 0.052 0.044 0.034 0.066 0.01 0.071 0.209 0.032 0.022 0.087 0.07 0.064 0.02 0.023 0.022 0.047 0.038 0.006 0.018 0.067
197 H 0.04 0.031 0.03 0.024 0.011 0.023 0.033 0.029 0.149 0.058 0.147 0.032 0.026 0.14 0.015 0.032 0.028 0.012 0.09 0.051
198 L 0.041 0.026 0.093 0.033 0.013 0.018 0.026 0.033 0.017 0.12 0.173 0.03 0.03 0.128 0.015 0.036 0.036 0.008 0.036 0.087
199 G 0.062 0.03 0.035 0.043 0.009 0.031 0.096 0.273 0.025 0.025 0.04 0.043 0.012 0.044 0.02 0.047 0.031 0.011 0.091 0.031
200 K 0.053 0.168 0.04 0.038 0.008 0.051 0.065 0.04 0.021 0.026 0.043 0.246 0.015 0.016 0.025 0.051 0.038 0.005 0.017 0.032
201 K 0.05 0.152 0.112 0.049 0.008 0.047 0.06 0.045 0.024 0.025 0.04 0.187 0.014 0.016 0.023 0.055 0.04 0.005 0.017 0.03
202 N 0.05 0.032 0.171 0.05 0.013 0.024 0.034 0.043 0.02 0.122 0.089 0.039 0.022 0.029 0.018 0.049 0.046 0.005 0.018 0.127
203 F 0.054 0.03 0.101 0.038 0.014 0.022 0.032 0.039 0.017 0.075 0.084 0.036 0.022 0.118 0.018 0.054 0.095 0.008 0.035 0.108
204 L 0.052 0.025 0.021 0.021 0.016 0.018 0.024 0.026 0.011 0.14 0.25 0.029 0.038 0.044 0.017 0.041 0.091 0.006 0.02 0.108
205 W 0.033 0.023 0.017 0.016 0.009 0.015 0.023 0.027 0.023 0.041 0.071 0.024 0.018 0.161 0.01 0.025 0.024 0.261 0.137 0.04
206 E 0.05 0.033 0.027 0.053 0.012 0.038 0.162 0.027 0.017 0.152 0.101 0.049 0.024 0.03 0.02 0.04 0.038 0.006 0.018 0.102
207 V 0.062 0.021 0.022 0.021 0.015 0.015 0.022 0.148 0.012 0.101 0.099 0.026 0.024 0.121 0.015 0.035 0.038 0.008 0.035 0.159
208 L 0.046 0.025 0.016 0.016 0.016 0.019 0.022 0.023 0.011 0.131 0.31 0.027 0.078 0.051 0.015 0.027 0.035 0.007 0.022 0.104
209 A 0.143 0.036 0.042 0.039 0.018 0.029 0.044 0.06 0.016 0.041 0.054 0.048 0.017 0.022 0.028 0.142 0.139 0.005 0.017 0.059
210 L 0.057 0.022 0.021 0.02 0.133 0.016 0.02 0.148 0.01 0.073 0.215 0.026 0.031 0.036 0.016 0.035 0.033 0.006 0.017 0.067
211 L 0.104 0.024 0.018 0.019 0.015 0.016 0.024 0.037 0.014 0.077 0.201 0.027 0.032 0.174 0.016 0.039 0.034 0.01 0.045 0.073
212 V 0.064 0.024 0.022 0.022 0.018 0.018 0.026 0.028 0.01 0.165 0.122 0.03 0.029 0.034 0.019 0.045 0.099 0.006 0.02 0.201
213 L 0.05 0.028 0.018 0.019 0.016 0.024 0.025 0.026 0.014 0.145 0.187 0.032 0.139 0.047 0.016 0.033 0.04 0.007 0.023 0.112
214 V 0.057 0.021 0.015 0.017 0.017 0.015 0.021 0.022 0.009 0.18 0.202 0.025 0.037 0.042 0.015 0.028 0.042 0.006 0.021 0.207
215 C 0.127 0.026 0.028 0.028 0.135 0.02 0.032 0.05 0.015 0.045 0.069 0.034 0.018 0.114 0.021 0.095 0.048 0.008 0.033 0.055
216 T 0.072 0.035 0.043 0.037 0.018 0.027 0.039 0.043 0.014 0.053 0.064 0.045 0.019 0.023 0.027 0.091 0.258 0.006 0.018 0.07
217 L 0.044 0.024 0.014 0.015 0.016 0.016 0.02 0.021 0.01 0.114 0.385 0.025 0.049 0.054 0.014 0.024 0.033 0.007 0.022 0.095
218 K 0.053 0.168 0.04 0.038 0.008 0.051 0.065 0.04 0.021 0.026 0.043 0.246 0.015 0.016 0.025 0.051 0.038 0.005 0.017 0.032
219 T 0.081 0.036 0.045 0.04 0.017 0.029 0.042 0.048 0.015 0.047 0.058 0.047 0.018 0.023 0.028 0.126 0.213 0.006 0.017 0.063
220 R 0.044 0.355 0.038 0.031 0.008 0.048 0.052 0.032 0.023 0.023 0.046 0.118 0.015 0.017 0.019 0.044 0.034 0.006 0.017 0.031
221 A 0.245 0.029 0.029 0.03 0.019 0.024 0.036 0.187 0.014 0.037 0.051 0.041 0.015 0.02 0.027 0.075 0.044 0.005 0.016 0.057
222 F 0.037 0.018 0.016 0.017 0.012 0.011 0.018 0.024 0.015 0.117 0.126 0.02 0.028 0.308 0.011 0.025 0.029 0.014 0.071 0.084
223 L 0.052 0.023 0.021 0.022 0.016 0.017 0.023 0.026 0.01 0.182 0.195 0.029 0.035 0.041 0.018 0.041 0.092 0.006 0.02 0.128
224 L 0.044 0.024 0.014 0.015 0.016 0.016 0.02 0.021 0.01 0.114 0.385 0.025 0.049 0.054 0.014 0.024 0.033 0.007 0.022 0.095
225 V 0.06 0.026 0.023 0.023 0.017 0.021 0.027 0.029 0.012 0.149 0.138 0.032 0.065 0.037 0.018 0.046 0.096 0.006 0.02 0.154
226 L 0.054 0.021 0.016 0.017 0.016 0.015 0.021 0.024 0.011 0.125 0.188 0.024 0.034 0.13 0.014 0.028 0.039 0.009 0.038 0.177
227 L 0.051 0.02 0.015 0.017 0.017 0.015 0.019 0.021 0.009 0.21 0.211 0.024 0.038 0.044 0.015 0.026 0.04 0.006 0.021 0.181
228 F 0.037 0.023 0.019 0.018 0.01 0.016 0.023 0.025 0.031 0.053 0.09 0.025 0.022 0.262 0.013 0.028 0.026 0.022 0.208 0.05
229 L 0.039 0.021 0.015 0.016 0.013 0.013 0.019 0.023 0.013 0.088 0.249 0.022 0.037 0.225 0.012 0.024 0.029 0.012 0.055 0.074
230 A 0.197 0.031 0.036 0.035 0.018 0.025 0.039 0.184 0.015 0.033 0.047 0.044 0.015 0.02 0.027 0.112 0.052 0.005 0.016 0.05
231 L 0.044 0.024 0.014 0.015 0.016 0.016 0.02 0.021 0.01 0.114 0.385 0.025 0.049 0.054 0.014 0.024 0.033 0.007 0.022 0.095
232 Y 0.051 0.046 0.025 0.024 0.011 0.028 0.037 0.029 0.03 0.069 0.076 0.094 0.021 0.077 0.019 0.037 0.036 0.016 0.173 0.101
233 Y 0.037 0.026 0.02 0.018 0.009 0.02 0.026 0.026 0.038 0.04 0.064 0.029 0.018 0.112 0.013 0.029 0.026 0.146 0.263 0.042
234 F 0.1 0.022 0.019 0.02 0.013 0.014 0.024 0.038 0.016 0.057 0.099 0.025 0.023 0.302 0.015 0.04 0.031 0.014 0.07 0.058
235 F 0.046 0.022 0.023 0.022 0.014 0.015 0.023 0.028 0.014 0.115 0.114 0.026 0.026 0.215 0.016 0.042 0.087 0.011 0.053 0.088
236 L 0.117 0.045 0.024 0.026 0.016 0.028 0.038 0.041 0.013 0.086 0.154 0.096 0.028 0.031 0.022 0.048 0.042 0.006 0.019 0.119
237 I 0.05 0.02 0.021 0.021 0.013 0.015 0.021 0.147 0.011 0.153 0.103 0.026 0.024 0.041 0.014 0.031 0.033 0.129 0.03 0.1
238 K 0.057 0.15 0.041 0.037 0.011 0.045 0.057 0.04 0.019 0.032 0.049 0.185 0.016 0.018 0.025 0.06 0.093 0.005 0.017 0.041
239 N 0.054 0.051 0.106 0.044 0.013 0.032 0.044 0.042 0.018 0.096 0.076 0.102 0.02 0.025 0.022 0.059 0.096 0.005 0.018 0.076
240 R 0.047 0.215 0.111 0.046 0.008 0.045 0.055 0.043 0.024 0.024 0.041 0.145 0.014 0.017 0.021 0.052 0.039 0.005 0.017 0.03
241 R 0.047 0.13 0.105 0.043 0.01 0.037 0.047 0.04 0.021 0.089 0.071 0.121 0.019 0.023 0.02 0.047 0.04 0.005 0.017 0.066
242 R 0.043 0.277 0.042 0.032 0.008 0.045 0.052 0.034 0.108 0.023 0.044 0.1 0.015 0.02 0.019 0.043 0.032 0.006 0.027 0.029
243 L 0.045 0.021 0.014 0.016 0.016 0.015 0.019 0.021 0.009 0.198 0.275 0.024 0.043 0.049 0.014 0.024 0.036 0.006 0.021 0.134
244 G 0.064 0.126 0.039 0.034 0.009 0.034 0.043 0.277 0.017 0.022 0.036 0.118 0.012 0.016 0.021 0.049 0.033 0.005 0.014 0.028
245 L 0.051 0.027 0.021 0.02 0.016 0.019 0.025 0.026 0.011 0.098 0.305 0.03 0.042 0.046 0.017 0.041 0.089 0.007 0.021 0.089
246 E 0.052 0.057 0.034 0.058 0.01 0.049 0.176 0.033 0.02 0.046 0.125 0.116 0.022 0.025 0.023 0.046 0.036 0.006 0.018 0.047
247 I 0.068 0.024 0.025 0.025 0.017 0.019 0.027 0.033 0.011 0.189 0.125 0.031 0.03 0.036 0.019 0.078 0.052 0.006 0.02 0.167
248 G 0.072 0.026 0.032 0.032 0.013 0.021 0.032 0.16 0.013 0.089 0.068 0.038 0.018 0.023 0.141 0.087 0.046 0.005 0.015 0.067
249 V 0.055 0.023 0.023 0.022 0.016 0.017 0.024 0.028 0.012 0.14 0.118 0.028 0.028 0.125 0.017 0.043 0.093 0.008 0.036 0.144
250 V 0.067 0.024 0.023 0.022 0.016 0.02 0.025 0.148 0.011 0.11 0.12 0.03 0.061 0.033 0.017 0.038 0.042 0.006 0.019 0.169
251 G 0.128 0.024 0.029 0.028 0.015 0.019 0.028 0.284 0.012 0.075 0.065 0.034 0.017 0.023 0.02 0.053 0.038 0.005 0.015 0.086
252 L 0.045 0.021 0.014 0.016 0.016 0.015 0.019 0.021 0.009 0.198 0.275 0.024 0.043 0.049 0.014 0.024 0.036 0.006 0.021 0.134
253 L 0.114 0.025 0.017 0.019 0.018 0.018 0.026 0.036 0.011 0.108 0.239 0.03 0.037 0.041 0.018 0.041 0.041 0.006 0.02 0.134
254 L 0.115 0.023 0.017 0.02 0.018 0.018 0.025 0.036 0.01 0.15 0.184 0.029 0.033 0.038 0.018 0.041 0.042 0.006 0.02 0.154
255 V 0.12 0.025 0.02 0.021 0.017 0.02 0.028 0.038 0.019 0.102 0.096 0.032 0.024 0.055 0.019 0.045 0.044 0.011 0.096 0.168
256 L 0.044 0.022 0.014 0.016 0.016 0.015 0.019 0.021 0.01 0.156 0.33 0.025 0.046 0.051 0.014 0.024 0.034 0.007 0.022 0.115
257 L 0.05 0.023 0.015 0.016 0.017 0.016 0.021 0.022 0.009 0.126 0.321 0.025 0.044 0.049 0.015 0.026 0.037 0.007 0.022 0.141
258 G 0.077 0.023 0.039 0.033 0.011 0.019 0.025 0.517 0.013 0.019 0.028 0.033 0.009 0.016 0.019 0.051 0.029 0.005 0.011 0.024
259 Y 0.042 0.025 0.02 0.018 0.011 0.019 0.025 0.023 0.037 0.103 0.092 0.029 0.023 0.108 0.015 0.029 0.03 0.022 0.251 0.078
260 S 0.108 0.04 0.053 0.048 0.017 0.033 0.052 0.065 0.019 0.029 0.041 0.053 0.015 0.021 0.029 0.231 0.081 0.005 0.017 0.041
261 Q 0.055 0.072 0.043 0.046 0.009 0.226 0.101 0.041 0.029 0.026 0.046 0.09 0.02 0.014 0.023 0.055 0.041 0.006 0.02 0.035
262 F 0.033 0.019 0.017 0.017 0.01 0.01 0.019 0.025 0.017 0.062 0.113 0.019 0.025 0.396 0.01 0.025 0.025 0.017 0.087 0.054
263 E 0.055 0.063 0.04 0.077 0.008 0.061 0.248 0.037 0.024 0.023 0.038 0.128 0.013 0.016 0.026 0.054 0.037 0.005 0.017 0.031
264 Y 0.04 0.032 0.029 0.023 0.009 0.026 0.034 0.028 0.126 0.038 0.06 0.034 0.018 0.104 0.016 0.033 0.027 0.023 0.26 0.04
265 Y 0.04 0.028 0.021 0.018 0.009 0.021 0.028 0.025 0.046 0.043 0.067 0.031 0.018 0.129 0.015 0.031 0.028 0.028 0.328 0.046
266 F 0.033 0.019 0.017 0.017 0.01 0.01 0.019 0.025 0.017 0.062 0.113 0.019 0.025 0.396 0.01 0.025 0.025 0.017 0.087 0.054
267 L 0.109 0.024 0.017 0.019 0.017 0.018 0.024 0.035 0.011 0.138 0.248 0.029 0.038 0.043 0.018 0.039 0.039 0.006 0.02 0.108
268 A 0.195 0.034 0.037 0.036 0.019 0.028 0.043 0.066 0.015 0.042 0.056 0.046 0.017 0.022 0.029 0.123 0.109 0.005 0.017 0.062
269 D 0.041 0.03 0.069 0.399 0.007 0.03 0.091 0.046 0.019 0.022 0.028 0.045 0.009 0.015 0.022 0.052 0.035 0.004 0.011 0.024
270 D 0.044 0.034 0.061 0.327 0.007 0.038 0.144 0.043 0.02 0.022 0.03 0.052 0.01 0.015 0.023 0.052 0.035 0.004 0.012 0.026
271 G 0.122 0.024 0.03 0.028 0.013 0.018 0.027 0.284 0.014 0.036 0.057 0.032 0.015 0.112 0.019 0.052 0.033 0.008 0.032 0.042
272 A 0.243 0.032 0.03 0.031 0.02 0.026 0.04 0.069 0.014 0.045 0.06 0.044 0.018 0.022 0.029 0.086 0.101 0.005 0.017 0.068
273 P 0.056 0.025 0.023 0.031 0.01 0.02 0.036 0.036 0.013 0.025 0.036 0.041 0.01 0.013 0.501 0.043 0.036 0.003 0.013 0.031
274 R 0.044 0.355 0.038 0.031 0.008 0.048 0.052 0.032 0.023 0.023 0.046 0.118 0.015 0.017 0.019 0.044 0.034 0.006 0.017 0.031
275 R 0.114 0.133 0.038 0.038 0.012 0.131 0.074 0.048 0.024 0.029 0.049 0.085 0.018 0.017 0.024 0.059 0.041 0.006 0.019 0.042
276 L 0.05 0.112 0.024 0.022 0.014 0.033 0.034 0.029 0.018 0.08 0.157 0.056 0.134 0.04 0.017 0.038 0.038 0.007 0.022 0.076
277 F 0.033 0.019 0.017 0.017 0.01 0.01 0.019 0.025 0.017 0.062 0.113 0.019 0.025 0.396 0.01 0.025 0.025 0.017 0.087 0.054
278 V 0.069 0.022 0.016 0.018 0.019 0.016 0.023 0.024 0.008 0.162 0.128 0.026 0.031 0.035 0.016 0.032 0.049 0.005 0.02 0.28
279 N 0.147 0.039 0.18 0.058 0.015 0.03 0.046 0.069 0.023 0.031 0.043 0.05 0.014 0.019 0.025 0.095 0.053 0.005 0.016 0.044
280 G 0.076 0.026 0.04 0.034 0.012 0.021 0.029 0.399 0.013 0.027 0.037 0.036 0.012 0.018 0.021 0.061 0.086 0.005 0.012 0.035
281 A 0.301 0.031 0.025 0.029 0.021 0.025 0.04 0.077 0.015 0.043 0.059 0.044 0.017 0.021 0.029 0.084 0.049 0.005 0.017 0.068
282 V 0.121 0.023 0.018 0.02 0.019 0.018 0.026 0.037 0.01 0.162 0.12 0.03 0.029 0.034 0.019 0.043 0.046 0.005 0.02 0.2
283 K 0.056 0.097 0.042 0.042 0.009 0.096 0.078 0.042 0.023 0.027 0.044 0.239 0.017 0.015 0.026 0.053 0.039 0.005 0.018 0.033
284 L 0.044 0.022 0.014 0.016 0.016 0.015 0.019 0.021 0.01 0.156 0.33 0.025 0.046 0.051 0.014 0.024 0.034 0.007 0.022 0.115
285 V 0.063 0.021 0.016 0.018 0.018 0.015 0.022 0.023 0.008 0.192 0.138 0.025 0.032 0.037 0.016 0.03 0.046 0.006 0.02 0.253
286 R 0.046 0.215 0.042 0.035 0.008 0.046 0.056 0.036 0.108 0.024 0.043 0.143 0.015 0.02 0.021 0.045 0.034 0.006 0.027 0.029
287 E 0.059 0.045 0.041 0.076 0.01 0.054 0.24 0.037 0.022 0.029 0.043 0.067 0.014 0.018 0.026 0.064 0.092 0.006 0.017 0.041
288 Y 0.04 0.028 0.033 0.115 0.009 0.023 0.043 0.03 0.039 0.038 0.058 0.034 0.016 0.1 0.017 0.036 0.029 0.022 0.249 0.04
289 F 0.037 0.018 0.016 0.017 0.012 0.011 0.018 0.024 0.015 0.117 0.126 0.02 0.028 0.308 0.011 0.025 0.029 0.014 0.071 0.084
290 P 0.056 0.025 0.023 0.031 0.01 0.02 0.036 0.036 0.013 0.025 0.036 0.041 0.01 0.013 0.501 0.043 0.036 0.003 0.013 0.031
291 F 0.032 0.02 0.016 0.016 0.01 0.012 0.02 0.026 0.016 0.054 0.097 0.02 0.023 0.312 0.01 0.024 0.024 0.137 0.082 0.048
292 G 0.077 0.023 0.039 0.033 0.011 0.019 0.025 0.517 0.013 0.019 0.028 0.033 0.009 0.016 0.019 0.051 0.029 0.005 0.011 0.024
293 T 0.081 0.036 0.045 0.04 0.017 0.029 0.042 0.048 0.015 0.047 0.058 0.047 0.018 0.023 0.028 0.126 0.213 0.006 0.017 0.063
294 G 0.077 0.023 0.039 0.033 0.011 0.019 0.025 0.517 0.013 0.019 0.028 0.033 0.009 0.016 0.019 0.051 0.029 0.005 0.011 0.024
295 F 0.033 0.019 0.017 0.017 0.01 0.01 0.019 0.025 0.017 0.062 0.113 0.019 0.025 0.396 0.01 0.025 0.025 0.017 0.087 0.054
296 A 0.245 0.029 0.029 0.03 0.019 0.024 0.036 0.187 0.014 0.037 0.051 0.041 0.015 0.02 0.027 0.075 0.044 0.005 0.016 0.057
297 T 0.072 0.035 0.043 0.037 0.018 0.027 0.039 0.043 0.014 0.053 0.064 0.045 0.019 0.023 0.027 0.091 0.258 0.006 0.018 0.07
298 F 0.037 0.023 0.019 0.018 0.01 0.016 0.023 0.025 0.031 0.053 0.09 0.025 0.022 0.262 0.013 0.028 0.026 0.022 0.208 0.05
299 G 0.077 0.023 0.039 0.033 0.011 0.019 0.025 0.517 0.013 0.019 0.028 0.033 0.009 0.016 0.019 0.051 0.029 0.005 0.011 0.024
300 S 0.108 0.04 0.053 0.048 0.017 0.033 0.052 0.065 0.019 0.029 0.041 0.053 0.015 0.021 0.029 0.231 0.081 0.005 0.017 0.041
301 S 0.091 0.037 0.057 0.138 0.015 0.032 0.061 0.06 0.019 0.027 0.038 0.051 0.014 0.019 0.027 0.186 0.069 0.005 0.016 0.037
302 A 0.253 0.033 0.032 0.034 0.02 0.027 0.043 0.074 0.016 0.039 0.054 0.046 0.017 0.021 0.029 0.121 0.057 0.005 0.017 0.061
303 A 0.301 0.031 0.025 0.029 0.021 0.025 0.04 0.077 0.015 0.043 0.059 0.044 0.017 0.021 0.029 0.084 0.049 0.005 0.017 0.068
304 A 0.245 0.029 0.029 0.03 0.019 0.024 0.036 0.187 0.014 0.037 0.051 0.041 0.015 0.02 0.027 0.075 0.044 0.005 0.016 0.057
305 D 0.056 0.061 0.049 0.133 0.011 0.084 0.075 0.043 0.02 0.032 0.045 0.117 0.016 0.017 0.025 0.063 0.093 0.005 0.016 0.04
306 Y 0.039 0.03 0.028 0.023 0.009 0.023 0.032 0.028 0.118 0.043 0.071 0.031 0.019 0.171 0.015 0.032 0.027 0.02 0.2 0.042
307 Y 0.04 0.028 0.021 0.018 0.009 0.021 0.028 0.025 0.046 0.043 0.067 0.031 0.018 0.129 0.015 0.031 0.028 0.028 0.328 0.046
308 S 0.108 0.04 0.053 0.048 0.017 0.033 0.052 0.065 0.019 0.029 0.041 0.053 0.015 0.021 0.029 0.231 0.081 0.005 0.017 0.041
309 P 0.056 0.037 0.028 0.035 0.01 0.072 0.052 0.037 0.017 0.026 0.038 0.053 0.013 0.013 0.382 0.046 0.037 0.003 0.015 0.032
310 L 0.051 0.027 0.021 0.02 0.016 0.019 0.025 0.026 0.011 0.098 0.305 0.03 0.042 0.046 0.017 0.041 0.089 0.007 0.021 0.089
311 Y 0.04 0.028 0.021 0.018 0.009 0.021 0.028 0.025 0.046 0.043 0.067 0.031 0.018 0.129 0.015 0.031 0.028 0.028 0.328 0.046
312 Y 0.048 0.03 0.097 0.034 0.012 0.023 0.032 0.034 0.033 0.068 0.074 0.035 0.02 0.078 0.017 0.041 0.038 0.016 0.173 0.1
313 L 0.045 0.047 0.036 0.12 0.01 0.03 0.052 0.033 0.024 0.051 0.131 0.097 0.023 0.053 0.02 0.04 0.034 0.011 0.094 0.049
314 L 0.045 0.027 0.017 0.017 0.014 0.02 0.024 0.024 0.02 0.092 0.258 0.029 0.072 0.071 0.015 0.029 0.033 0.012 0.099 0.082
315 G 0.077 0.023 0.039 0.033 0.011 0.019 0.025 0.517 0.013 0.019 0.028 0.033 0.009 0.016 0.019 0.051 0.029 0.005 0.011 0.024
316 F 0.033 0.019 0.017 0.017 0.01 0.01 0.019 0.025 0.017 0.062 0.113 0.019 0.025 0.396 0.01 0.025 0.025 0.017 0.087 0.054
317 S 0.108 0.04 0.053 0.048 0.017 0.033 0.052 0.065 0.019 0.029 0.041 0.053 0.015 0.021 0.029 0.231 0.081 0.005 0.017 0.041
318 N 0.063 0.038 0.109 0.059 0.012 0.036 0.106 0.046 0.021 0.089 0.068 0.051 0.019 0.025 0.022 0.095 0.051 0.005 0.017 0.068
319 R 0.044 0.272 0.032 0.027 0.01 0.04 0.044 0.03 0.02 0.046 0.131 0.095 0.024 0.026 0.018 0.039 0.034 0.006 0.018 0.047
320 W 0.033 0.105 0.021 0.019 0.008 0.023 0.03 0.03 0.017 0.028 0.051 0.046 0.015 0.049 0.01 0.028 0.025 0.376 0.055 0.03
