#Seq2Logo.py -f /work3/idamei/ssn-clusterings/clustering/2205181126/clusters/0038_90/sequences.afa -o /work3/idamei/ssn-clusterings/clustering/2205181126/clusters/0038_90/sequences.logo
#Position Specific Frequency Matrix
A R N D C Q E G H I L K M F P S T W Y V
0 L 0.05 0.031 0.019 0.019 0.016 0.027 0.027 0.027 0.016 0.097 0.19 0.035 0.188 0.047 0.016 0.035 0.039 0.008 0.023 0.089
1 I 0.058 0.033 0.078 0.045 0.013 0.03 0.078 0.038 0.055 0.121 0.084 0.043 0.022 0.029 0.02 0.074 0.053 0.005 0.022 0.099
2 K 0.049 0.104 0.061 0.042 0.01 0.075 0.081 0.035 0.02 0.077 0.104 0.109 0.023 0.025 0.02 0.045 0.038 0.006 0.018 0.06
3 N 0.052 0.054 0.107 0.047 0.01 0.057 0.064 0.043 0.027 0.035 0.058 0.102 0.017 0.039 0.022 0.063 0.075 0.009 0.077 0.041
4 Y 0.054 0.079 0.032 0.029 0.016 0.032 0.043 0.035 0.031 0.043 0.058 0.108 0.017 0.068 0.021 0.067 0.046 0.015 0.162 0.045
5 L 0.054 0.031 0.075 0.04 0.012 0.027 0.066 0.037 0.022 0.088 0.118 0.039 0.024 0.08 0.018 0.07 0.042 0.01 0.074 0.074
6 S 0.068 0.075 0.035 0.033 0.013 0.028 0.04 0.042 0.027 0.057 0.095 0.062 0.02 0.06 0.097 0.109 0.05 0.006 0.025 0.058
7 L 0.055 0.032 0.106 0.04 0.013 0.035 0.035 0.115 0.017 0.084 0.161 0.039 0.026 0.031 0.018 0.061 0.041 0.006 0.018 0.066
8 G 0.072 0.035 0.063 0.036 0.013 0.055 0.042 0.116 0.017 0.081 0.1 0.045 0.022 0.026 0.043 0.077 0.052 0.005 0.017 0.082
9 Q 0.056 0.041 0.08 0.041 0.057 0.083 0.053 0.041 0.048 0.068 0.061 0.052 0.018 0.023 0.081 0.068 0.043 0.005 0.024 0.056
10 N 0.078 0.035 0.14 0.046 0.013 0.025 0.037 0.048 0.019 0.074 0.071 0.049 0.019 0.07 0.02 0.06 0.084 0.006 0.025 0.077
11 G 0.078 0.023 0.039 0.034 0.011 0.019 0.026 0.509 0.014 0.019 0.028 0.034 0.009 0.016 0.019 0.051 0.03 0.005 0.011 0.024
12 Y 0.041 0.028 0.022 0.019 0.009 0.022 0.028 0.025 0.047 0.044 0.069 0.031 0.019 0.131 0.016 0.031 0.028 0.028 0.316 0.047
13 I 0.047 0.018 0.015 0.018 0.016 0.013 0.018 0.021 0.009 0.27 0.168 0.024 0.037 0.044 0.015 0.025 0.04 0.006 0.021 0.177
14 G 0.062 0.023 0.031 0.028 0.01 0.018 0.025 0.35 0.014 0.023 0.037 0.03 0.011 0.031 0.015 0.042 0.027 0.167 0.03 0.026
15 T 0.073 0.036 0.043 0.038 0.018 0.028 0.039 0.043 0.014 0.053 0.065 0.045 0.02 0.024 0.028 0.093 0.245 0.006 0.018 0.071
16 P 0.057 0.026 0.023 0.031 0.01 0.021 0.036 0.036 0.013 0.026 0.036 0.041 0.01 0.013 0.493 0.044 0.036 0.003 0.013 0.031
17 K 0.048 0.078 0.112 0.115 0.009 0.038 0.06 0.046 0.022 0.028 0.044 0.146 0.014 0.059 0.022 0.059 0.04 0.006 0.023 0.032
18 I 0.051 0.031 0.033 0.025 0.014 0.056 0.036 0.045 0.014 0.167 0.147 0.038 0.057 0.036 0.017 0.035 0.04 0.006 0.02 0.131
19 R 0.058 0.128 0.033 0.031 0.012 0.053 0.043 0.12 0.017 0.087 0.083 0.063 0.021 0.038 0.019 0.063 0.04 0.006 0.02 0.066
20 L 0.071 0.038 0.025 0.025 0.015 0.024 0.033 0.033 0.013 0.088 0.142 0.076 0.027 0.097 0.019 0.049 0.064 0.008 0.031 0.122
21 K 0.052 0.112 0.076 0.045 0.008 0.081 0.069 0.043 0.044 0.025 0.041 0.2 0.015 0.016 0.024 0.053 0.039 0.005 0.02 0.031
22 I 0.047 0.018 0.015 0.018 0.016 0.013 0.018 0.021 0.009 0.268 0.169 0.024 0.037 0.044 0.015 0.025 0.04 0.006 0.021 0.178
23 N 0.043 0.045 0.314 0.083 0.009 0.034 0.05 0.066 0.032 0.023 0.032 0.054 0.011 0.018 0.02 0.07 0.05 0.005 0.016 0.027
24 G 0.079 0.023 0.039 0.034 0.011 0.019 0.026 0.508 0.014 0.019 0.028 0.034 0.009 0.016 0.019 0.052 0.03 0.005 0.011 0.024
25 L 0.062 0.033 0.077 0.034 0.012 0.025 0.035 0.038 0.078 0.055 0.142 0.038 0.024 0.053 0.019 0.056 0.06 0.011 0.094 0.055
26 L 0.082 0.024 0.016 0.018 0.017 0.018 0.024 0.028 0.01 0.13 0.218 0.028 0.05 0.041 0.016 0.034 0.042 0.006 0.021 0.178
27 P 0.109 0.023 0.022 0.024 0.09 0.018 0.027 0.1 0.012 0.068 0.071 0.031 0.018 0.061 0.125 0.047 0.038 0.006 0.022 0.09
28 Y 0.041 0.028 0.022 0.019 0.009 0.022 0.028 0.025 0.047 0.044 0.069 0.031 0.019 0.131 0.016 0.031 0.028 0.028 0.316 0.047
29 I 0.046 0.02 0.015 0.017 0.016 0.015 0.019 0.021 0.009 0.237 0.207 0.024 0.052 0.045 0.014 0.025 0.038 0.006 0.021 0.153
30 Y 0.046 0.025 0.022 0.02 0.068 0.018 0.025 0.027 0.027 0.062 0.113 0.028 0.023 0.129 0.016 0.038 0.064 0.017 0.172 0.06
31 F 0.04 0.019 0.015 0.016 0.013 0.012 0.018 0.022 0.012 0.158 0.184 0.021 0.033 0.203 0.012 0.024 0.031 0.011 0.049 0.105
32 S 0.085 0.032 0.034 0.032 0.048 0.025 0.036 0.044 0.014 0.068 0.113 0.04 0.046 0.029 0.023 0.125 0.089 0.006 0.018 0.091
33 L 0.046 0.021 0.015 0.016 0.015 0.014 0.019 0.022 0.01 0.154 0.261 0.023 0.039 0.099 0.014 0.025 0.035 0.008 0.03 0.134
34 L 0.093 0.023 0.02 0.02 0.126 0.016 0.024 0.036 0.012 0.063 0.143 0.027 0.025 0.138 0.017 0.045 0.06 0.009 0.036 0.066
35 L 0.083 0.023 0.017 0.018 0.027 0.016 0.023 0.03 0.011 0.118 0.258 0.027 0.037 0.093 0.016 0.038 0.036 0.008 0.029 0.093
36 A 0.14 0.035 0.03 0.031 0.038 0.054 0.043 0.05 0.016 0.083 0.116 0.045 0.024 0.028 0.023 0.096 0.05 0.006 0.018 0.074
37 L 0.061 0.027 0.024 0.023 0.017 0.02 0.027 0.031 0.012 0.113 0.218 0.032 0.048 0.04 0.018 0.066 0.071 0.006 0.02 0.128
38 L 0.111 0.024 0.021 0.022 0.015 0.018 0.027 0.04 0.014 0.097 0.149 0.03 0.035 0.148 0.018 0.061 0.04 0.009 0.039 0.08
39 L 0.098 0.027 0.035 0.028 0.016 0.02 0.031 0.042 0.014 0.112 0.149 0.034 0.028 0.088 0.02 0.091 0.048 0.007 0.028 0.086
40 L 0.062 0.023 0.022 0.022 0.064 0.017 0.024 0.052 0.011 0.113 0.153 0.028 0.029 0.088 0.017 0.061 0.043 0.007 0.028 0.138
41 F 0.04 0.021 0.02 0.019 0.012 0.013 0.021 0.027 0.015 0.068 0.147 0.023 0.027 0.297 0.013 0.034 0.061 0.013 0.066 0.062
42 L 0.047 0.024 0.016 0.017 0.068 0.018 0.021 0.024 0.016 0.121 0.229 0.027 0.06 0.059 0.015 0.029 0.034 0.01 0.074 0.094
43 A 0.101 0.038 0.032 0.036 0.013 0.029 0.068 0.045 0.017 0.052 0.065 0.066 0.018 0.09 0.022 0.084 0.068 0.066 0.035 0.054
44 L 0.065 0.03 0.067 0.053 0.014 0.025 0.051 0.097 0.017 0.092 0.123 0.039 0.024 0.033 0.02 0.089 0.047 0.006 0.028 0.081
45 G 0.066 0.028 0.038 0.045 0.014 0.022 0.032 0.176 0.014 0.071 0.125 0.036 0.038 0.029 0.02 0.072 0.086 0.006 0.017 0.065
46 A 0.138 0.03 0.026 0.026 0.016 0.024 0.034 0.048 0.02 0.058 0.117 0.038 0.049 0.076 0.021 0.082 0.045 0.01 0.078 0.064
47 A 0.102 0.034 0.087 0.084 0.014 0.026 0.044 0.099 0.017 0.074 0.061 0.055 0.017 0.022 0.039 0.079 0.062 0.005 0.016 0.063
48 L 0.093 0.039 0.067 0.048 0.014 0.048 0.09 0.048 0.019 0.046 0.104 0.052 0.021 0.025 0.024 0.098 0.086 0.006 0.018 0.054
49 G 0.078 0.032 0.111 0.041 0.011 0.034 0.037 0.129 0.02 0.033 0.051 0.04 0.015 0.07 0.018 0.055 0.062 0.091 0.032 0.039
50 L 0.068 0.022 0.018 0.02 0.016 0.017 0.03 0.069 0.01 0.146 0.187 0.027 0.033 0.056 0.016 0.033 0.039 0.006 0.022 0.165
51 Y 0.058 0.037 0.072 0.034 0.011 0.055 0.042 0.037 0.031 0.047 0.104 0.044 0.021 0.069 0.018 0.061 0.039 0.015 0.154 0.051
52 S 0.095 0.044 0.057 0.113 0.012 0.07 0.099 0.079 0.021 0.026 0.039 0.066 0.014 0.017 0.025 0.114 0.051 0.005 0.016 0.036
53 I 0.047 0.019 0.015 0.017 0.016 0.014 0.018 0.021 0.009 0.24 0.209 0.024 0.039 0.046 0.015 0.025 0.039 0.006 0.021 0.161
54 G 0.082 0.033 0.038 0.035 0.016 0.026 0.04 0.126 0.014 0.067 0.075 0.05 0.02 0.024 0.023 0.113 0.1 0.005 0.017 0.095
55 V 0.082 0.026 0.067 0.028 0.015 0.019 0.027 0.035 0.017 0.137 0.13 0.031 0.027 0.055 0.017 0.041 0.041 0.008 0.056 0.14
56 L 0.045 0.079 0.022 0.026 0.013 0.026 0.057 0.025 0.019 0.103 0.205 0.045 0.032 0.052 0.016 0.033 0.042 0.009 0.069 0.08
57 D 0.081 0.048 0.095 0.174 0.01 0.062 0.078 0.05 0.05 0.026 0.037 0.085 0.013 0.017 0.023 0.057 0.039 0.005 0.018 0.032
58 I 0.049 0.018 0.015 0.017 0.016 0.013 0.018 0.021 0.009 0.236 0.155 0.023 0.034 0.081 0.014 0.026 0.039 0.007 0.027 0.182
59 L 0.048 0.023 0.019 0.018 0.015 0.016 0.022 0.025 0.012 0.098 0.237 0.026 0.035 0.135 0.015 0.034 0.065 0.009 0.037 0.111
60 A 0.148 0.039 0.029 0.03 0.015 0.026 0.039 0.052 0.017 0.043 0.069 0.077 0.019 0.14 0.023 0.089 0.045 0.009 0.038 0.052
61 A 0.106 0.028 0.029 0.029 0.091 0.022 0.033 0.044 0.018 0.058 0.064 0.037 0.018 0.038 0.068 0.089 0.082 0.008 0.066 0.07
62 F 0.052 0.021 0.022 0.022 0.014 0.015 0.024 0.03 0.013 0.157 0.121 0.026 0.028 0.179 0.015 0.064 0.04 0.01 0.045 0.102
63 L 0.068 0.026 0.026 0.026 0.065 0.02 0.029 0.035 0.012 0.114 0.173 0.033 0.036 0.035 0.019 0.093 0.05 0.006 0.019 0.115
64 S 0.131 0.031 0.036 0.034 0.017 0.025 0.038 0.054 0.016 0.073 0.071 0.041 0.02 0.074 0.024 0.138 0.077 0.007 0.026 0.067
65 I 0.127 0.022 0.019 0.022 0.016 0.017 0.026 0.039 0.012 0.151 0.107 0.031 0.025 0.08 0.083 0.044 0.039 0.007 0.027 0.107
66 L 0.048 0.022 0.014 0.015 0.054 0.015 0.019 0.022 0.009 0.132 0.301 0.024 0.041 0.056 0.014 0.026 0.035 0.007 0.022 0.124
67 L 0.048 0.025 0.021 0.02 0.014 0.017 0.025 0.028 0.018 0.078 0.231 0.028 0.034 0.143 0.015 0.054 0.036 0.012 0.086 0.069
68 F 0.071 0.02 0.017 0.019 0.015 0.014 0.022 0.028 0.012 0.152 0.13 0.025 0.029 0.156 0.015 0.034 0.047 0.009 0.041 0.144
69 A 0.129 0.029 0.032 0.031 0.018 0.024 0.035 0.091 0.013 0.08 0.077 0.039 0.025 0.026 0.023 0.106 0.077 0.005 0.017 0.124
70 V 0.066 0.024 0.021 0.026 0.08 0.021 0.049 0.028 0.011 0.13 0.141 0.031 0.028 0.033 0.018 0.041 0.071 0.005 0.018 0.159
71 L 0.051 0.025 0.02 0.02 0.015 0.019 0.024 0.027 0.013 0.133 0.209 0.029 0.079 0.09 0.015 0.05 0.04 0.008 0.029 0.103
72 L 0.123 0.022 0.018 0.02 0.078 0.016 0.024 0.038 0.011 0.132 0.134 0.028 0.027 0.075 0.018 0.043 0.04 0.007 0.026 0.122
73 Y 0.039 0.024 0.018 0.017 0.011 0.017 0.023 0.023 0.03 0.064 0.159 0.026 0.027 0.171 0.014 0.027 0.028 0.02 0.204 0.059
74 F 0.049 0.025 0.025 0.023 0.024 0.018 0.027 0.031 0.055 0.063 0.09 0.028 0.022 0.23 0.015 0.056 0.035 0.014 0.096 0.078
75 Y 0.039 0.027 0.021 0.018 0.009 0.021 0.027 0.024 0.045 0.042 0.066 0.03 0.018 0.126 0.015 0.03 0.027 0.027 0.341 0.045
76 I 0.043 0.019 0.015 0.017 0.014 0.014 0.019 0.022 0.011 0.212 0.153 0.023 0.052 0.134 0.013 0.026 0.035 0.009 0.037 0.131
77 K 0.047 0.064 0.131 0.048 0.009 0.038 0.052 0.044 0.068 0.036 0.083 0.147 0.018 0.027 0.021 0.051 0.039 0.006 0.034 0.037
78 R 0.043 0.367 0.037 0.03 0.008 0.047 0.051 0.032 0.023 0.023 0.045 0.116 0.015 0.017 0.019 0.043 0.034 0.006 0.017 0.03
79 A 0.139 0.028 0.027 0.027 0.018 0.023 0.033 0.047 0.013 0.107 0.1 0.037 0.044 0.03 0.022 0.093 0.053 0.006 0.019 0.133
80 R 0.065 0.128 0.078 0.043 0.011 0.037 0.056 0.046 0.025 0.028 0.044 0.097 0.015 0.034 0.023 0.112 0.05 0.008 0.065 0.035
81 F 0.073 0.028 0.022 0.028 0.011 0.023 0.062 0.032 0.025 0.048 0.081 0.039 0.02 0.223 0.016 0.038 0.03 0.016 0.137 0.049
82 F 0.038 0.019 0.015 0.016 0.013 0.012 0.018 0.023 0.013 0.116 0.181 0.021 0.032 0.259 0.012 0.024 0.029 0.012 0.059 0.088
83 S 0.106 0.039 0.052 0.047 0.017 0.032 0.051 0.064 0.019 0.029 0.04 0.052 0.015 0.02 0.029 0.246 0.079 0.005 0.017 0.04
84 L 0.043 0.023 0.014 0.015 0.016 0.015 0.019 0.02 0.01 0.135 0.367 0.024 0.046 0.052 0.014 0.024 0.033 0.007 0.021 0.103
85 G 0.097 0.043 0.038 0.037 0.012 0.104 0.056 0.227 0.019 0.028 0.042 0.056 0.015 0.017 0.022 0.06 0.066 0.005 0.016 0.038
86 L 0.051 0.025 0.018 0.018 0.016 0.017 0.023 0.025 0.01 0.109 0.32 0.027 0.042 0.047 0.016 0.039 0.056 0.006 0.021 0.114
87 L 0.05 0.025 0.017 0.018 0.016 0.02 0.023 0.024 0.012 0.157 0.205 0.029 0.11 0.045 0.015 0.03 0.039 0.007 0.022 0.136
88 F 0.046 0.023 0.019 0.018 0.011 0.017 0.024 0.026 0.03 0.061 0.088 0.026 0.022 0.22 0.014 0.03 0.029 0.02 0.205 0.074
89 A 0.208 0.028 0.028 0.029 0.079 0.023 0.036 0.062 0.015 0.042 0.061 0.039 0.017 0.069 0.025 0.101 0.049 0.006 0.025 0.058
90 F 0.034 0.02 0.017 0.017 0.01 0.012 0.02 0.024 0.021 0.058 0.103 0.02 0.023 0.358 0.011 0.026 0.025 0.018 0.13 0.052
91 V 0.124 0.023 0.018 0.02 0.079 0.019 0.026 0.038 0.011 0.125 0.113 0.03 0.046 0.032 0.019 0.045 0.044 0.005 0.019 0.166
92 F 0.033 0.019 0.017 0.017 0.01 0.012 0.019 0.024 0.02 0.059 0.105 0.02 0.024 0.372 0.011 0.025 0.025 0.018 0.118 0.052
93 S 0.106 0.039 0.052 0.047 0.017 0.032 0.051 0.064 0.019 0.029 0.04 0.052 0.015 0.02 0.029 0.246 0.079 0.005 0.017 0.04
94 L 0.043 0.023 0.014 0.015 0.015 0.015 0.019 0.021 0.01 0.109 0.385 0.024 0.047 0.068 0.014 0.024 0.032 0.007 0.024 0.091
95 I 0.044 0.018 0.014 0.017 0.015 0.013 0.018 0.021 0.01 0.243 0.185 0.022 0.036 0.09 0.014 0.024 0.036 0.007 0.028 0.146
96 L 0.044 0.02 0.014 0.016 0.016 0.014 0.018 0.02 0.009 0.204 0.279 0.024 0.042 0.048 0.014 0.024 0.035 0.006 0.021 0.132
97 G 0.076 0.022 0.038 0.033 0.01 0.018 0.025 0.527 0.013 0.018 0.027 0.033 0.009 0.016 0.018 0.05 0.029 0.005 0.01 0.023
98 I 0.051 0.019 0.017 0.019 0.015 0.014 0.019 0.084 0.009 0.228 0.172 0.024 0.033 0.04 0.015 0.028 0.037 0.006 0.019 0.152
99 P 0.055 0.025 0.023 0.03 0.01 0.02 0.035 0.035 0.012 0.025 0.035 0.04 0.01 0.012 0.511 0.042 0.035 0.003 0.012 0.03
100 A 0.187 0.034 0.04 0.039 0.018 0.028 0.044 0.103 0.016 0.033 0.046 0.047 0.015 0.02 0.028 0.166 0.063 0.005 0.016 0.05
101 V 0.055 0.02 0.015 0.017 0.077 0.014 0.02 0.024 0.009 0.156 0.158 0.023 0.031 0.083 0.015 0.029 0.039 0.007 0.027 0.182
102 Y 0.039 0.027 0.021 0.018 0.009 0.021 0.027 0.024 0.045 0.042 0.066 0.03 0.018 0.126 0.015 0.03 0.027 0.027 0.341 0.045
103 L 0.044 0.024 0.014 0.015 0.016 0.017 0.02 0.021 0.01 0.11 0.371 0.026 0.066 0.052 0.014 0.025 0.033 0.007 0.022 0.092
104 L 0.042 0.024 0.016 0.017 0.013 0.017 0.022 0.023 0.019 0.11 0.225 0.026 0.054 0.124 0.014 0.027 0.031 0.013 0.1 0.086
105 Y 0.048 0.029 0.102 0.036 0.012 0.022 0.031 0.037 0.025 0.1 0.088 0.035 0.028 0.101 0.017 0.059 0.04 0.012 0.107 0.072
106 F 0.045 0.034 0.024 0.025 0.011 0.021 0.041 0.029 0.02 0.06 0.088 0.061 0.022 0.228 0.016 0.039 0.06 0.014 0.092 0.07
107 G 0.06 0.09 0.082 0.043 0.009 0.037 0.05 0.197 0.019 0.023 0.036 0.159 0.013 0.016 0.022 0.058 0.037 0.005 0.015 0.028
108 D 0.055 0.044 0.106 0.134 0.01 0.041 0.103 0.107 0.021 0.026 0.036 0.077 0.012 0.017 0.023 0.067 0.069 0.005 0.014 0.033
109 A 0.153 0.029 0.028 0.029 0.017 0.023 0.035 0.051 0.014 0.051 0.103 0.039 0.021 0.073 0.072 0.085 0.082 0.007 0.026 0.062
110 D 0.062 0.053 0.067 0.107 0.012 0.035 0.086 0.042 0.018 0.054 0.057 0.086 0.017 0.021 0.023 0.078 0.074 0.005 0.016 0.088
111 G 0.084 0.035 0.076 0.109 0.011 0.027 0.047 0.118 0.048 0.055 0.05 0.059 0.014 0.02 0.082 0.052 0.037 0.005 0.018 0.052
112 G 0.093 0.037 0.086 0.094 0.011 0.027 0.044 0.273 0.017 0.023 0.033 0.072 0.011 0.016 0.021 0.057 0.036 0.005 0.013 0.03
113 F 0.033 0.019 0.017 0.017 0.01 0.011 0.019 0.024 0.019 0.059 0.106 0.02 0.024 0.38 0.011 0.025 0.025 0.017 0.111 0.052
114 E 0.053 0.057 0.038 0.061 0.008 0.099 0.188 0.049 0.027 0.026 0.042 0.099 0.015 0.029 0.023 0.05 0.036 0.008 0.058 0.033
115 L 0.048 0.022 0.018 0.018 0.014 0.016 0.02 0.084 0.014 0.148 0.232 0.026 0.035 0.054 0.015 0.028 0.033 0.009 0.06 0.107
116 V 0.064 0.023 0.019 0.02 0.017 0.018 0.024 0.027 0.011 0.142 0.129 0.028 0.049 0.082 0.016 0.037 0.066 0.007 0.028 0.194
117 C 0.054 0.021 0.015 0.016 0.258 0.015 0.019 0.027 0.01 0.076 0.204 0.023 0.049 0.035 0.015 0.033 0.035 0.006 0.017 0.074
118 L 0.047 0.021 0.014 0.016 0.016 0.015 0.019 0.021 0.009 0.186 0.275 0.024 0.041 0.047 0.014 0.025 0.037 0.006 0.021 0.147
119 W 0.046 0.024 0.02 0.02 0.072 0.018 0.025 0.033 0.014 0.045 0.083 0.027 0.038 0.082 0.013 0.054 0.033 0.259 0.049 0.045
120 V 0.093 0.021 0.021 0.021 0.101 0.016 0.023 0.137 0.01 0.116 0.092 0.027 0.023 0.028 0.018 0.041 0.04 0.005 0.016 0.151
121 I 0.049 0.022 0.016 0.017 0.016 0.017 0.021 0.022 0.01 0.206 0.194 0.026 0.075 0.044 0.015 0.028 0.039 0.006 0.021 0.156
122 L 0.043 0.029 0.017 0.019 0.014 0.044 0.03 0.024 0.013 0.09 0.31 0.032 0.04 0.049 0.014 0.027 0.032 0.07 0.027 0.078
123 L 0.058 0.022 0.019 0.02 0.017 0.017 0.023 0.027 0.01 0.182 0.197 0.028 0.035 0.04 0.016 0.054 0.044 0.006 0.02 0.166
124 N 0.051 0.043 0.297 0.075 0.01 0.032 0.048 0.063 0.029 0.023 0.032 0.052 0.011 0.018 0.021 0.094 0.052 0.004 0.015 0.028
125 I 0.055 0.024 0.022 0.022 0.016 0.019 0.024 0.028 0.011 0.187 0.17 0.03 0.052 0.04 0.017 0.053 0.071 0.006 0.02 0.133
126 I 0.052 0.02 0.015 0.017 0.016 0.015 0.02 0.023 0.01 0.208 0.155 0.024 0.049 0.087 0.014 0.028 0.039 0.007 0.028 0.173
127 L 0.043 0.023 0.014 0.015 0.016 0.015 0.019 0.02 0.01 0.139 0.361 0.024 0.046 0.051 0.014 0.024 0.033 0.007 0.021 0.105
128 Y 0.038 0.026 0.02 0.018 0.009 0.02 0.026 0.024 0.042 0.045 0.072 0.029 0.019 0.162 0.014 0.029 0.027 0.026 0.309 0.046
129 F 0.072 0.021 0.016 0.018 0.014 0.014 0.021 0.029 0.013 0.101 0.182 0.024 0.031 0.225 0.014 0.031 0.031 0.011 0.053 0.079
130 L 0.061 0.029 0.027 0.026 0.112 0.038 0.033 0.035 0.014 0.084 0.126 0.035 0.025 0.082 0.019 0.077 0.071 0.007 0.027 0.072
131 C 0.065 0.016 0.016 0.016 0.481 0.012 0.016 0.033 0.008 0.045 0.065 0.02 0.016 0.02 0.016 0.041 0.037 0.004 0.012 0.057
132 P 0.057 0.026 0.023 0.031 0.01 0.021 0.036 0.036 0.013 0.026 0.036 0.041 0.01 0.013 0.491 0.044 0.036 0.003 0.013 0.031
133 L 0.045 0.024 0.014 0.015 0.016 0.016 0.02 0.021 0.01 0.116 0.373 0.025 0.05 0.055 0.014 0.024 0.034 0.007 0.022 0.097
134 F 0.034 0.019 0.017 0.017 0.011 0.011 0.019 0.026 0.017 0.064 0.115 0.019 0.026 0.384 0.011 0.026 0.026 0.017 0.089 0.055
135 A 0.136 0.035 0.069 0.056 0.027 0.031 0.077 0.117 0.018 0.031 0.043 0.048 0.014 0.019 0.035 0.112 0.068 0.005 0.015 0.044
136 C 0.057 0.036 0.026 0.033 0.098 0.027 0.067 0.032 0.015 0.084 0.075 0.069 0.02 0.038 0.081 0.046 0.067 0.006 0.034 0.091
137 K 0.069 0.055 0.063 0.046 0.011 0.037 0.073 0.095 0.023 0.027 0.041 0.121 0.014 0.031 0.036 0.108 0.049 0.008 0.056 0.035
138 I 0.047 0.018 0.015 0.018 0.016 0.013 0.018 0.021 0.009 0.268 0.169 0.024 0.037 0.044 0.015 0.025 0.04 0.006 0.021 0.178
139 G 0.079 0.023 0.039 0.034 0.011 0.019 0.026 0.508 0.014 0.019 0.028 0.034 0.009 0.016 0.019 0.052 0.03 0.005 0.011 0.024
140 S 0.095 0.074 0.082 0.039 0.014 0.028 0.039 0.048 0.018 0.055 0.065 0.05 0.018 0.07 0.022 0.098 0.078 0.007 0.026 0.074
141 V 0.058 0.087 0.036 0.028 0.014 0.03 0.039 0.032 0.014 0.102 0.088 0.108 0.023 0.041 0.02 0.045 0.07 0.006 0.021 0.139
142 T 0.063 0.046 0.037 0.034 0.013 0.056 0.048 0.038 0.062 0.076 0.07 0.078 0.021 0.029 0.022 0.077 0.096 0.006 0.035 0.092
143 I 0.055 0.08 0.069 0.035 0.012 0.029 0.039 0.039 0.017 0.096 0.075 0.079 0.02 0.03 0.02 0.071 0.071 0.068 0.024 0.071
144 K 0.052 0.105 0.085 0.056 0.009 0.073 0.124 0.042 0.024 0.026 0.041 0.141 0.015 0.016 0.024 0.056 0.056 0.005 0.017 0.033
145 T 0.064 0.03 0.034 0.031 0.017 0.023 0.032 0.036 0.012 0.125 0.1 0.038 0.025 0.031 0.023 0.07 0.177 0.006 0.019 0.106
146 N 0.043 0.045 0.316 0.083 0.009 0.034 0.049 0.065 0.032 0.023 0.032 0.054 0.011 0.018 0.02 0.07 0.049 0.005 0.016 0.027
147 P 0.057 0.026 0.023 0.031 0.01 0.021 0.036 0.036 0.013 0.026 0.036 0.041 0.01 0.013 0.493 0.044 0.036 0.003 0.013 0.031
148 L 0.045 0.024 0.014 0.015 0.016 0.016 0.02 0.021 0.01 0.116 0.374 0.025 0.05 0.055 0.014 0.024 0.033 0.007 0.022 0.096
149 N 0.048 0.064 0.119 0.055 0.009 0.112 0.097 0.042 0.028 0.048 0.052 0.066 0.017 0.029 0.02 0.052 0.04 0.007 0.05 0.044
150 K 0.063 0.089 0.065 0.079 0.009 0.048 0.129 0.042 0.021 0.032 0.043 0.157 0.014 0.017 0.025 0.056 0.053 0.005 0.016 0.037
151 K 0.047 0.096 0.037 0.029 0.01 0.035 0.044 0.032 0.024 0.057 0.102 0.136 0.041 0.058 0.019 0.04 0.035 0.011 0.093 0.053
152 L 0.081 0.092 0.031 0.031 0.018 0.056 0.052 0.038 0.019 0.062 0.105 0.075 0.023 0.034 0.021 0.062 0.068 0.007 0.046 0.079
153 L 0.049 0.022 0.014 0.016 0.016 0.015 0.02 0.021 0.009 0.146 0.3 0.024 0.042 0.047 0.014 0.026 0.037 0.006 0.021 0.153
154 N 0.067 0.04 0.186 0.06 0.013 0.031 0.046 0.058 0.023 0.031 0.041 0.05 0.014 0.02 0.024 0.124 0.11 0.005 0.016 0.04
155 N 0.057 0.058 0.142 0.054 0.01 0.061 0.057 0.071 0.023 0.025 0.037 0.117 0.013 0.016 0.084 0.079 0.046 0.005 0.016 0.031
156 L 0.052 0.022 0.018 0.018 0.015 0.016 0.022 0.025 0.013 0.148 0.224 0.026 0.035 0.096 0.015 0.032 0.057 0.009 0.052 0.105
157 F 0.033 0.018 0.016 0.016 0.01 0.01 0.018 0.025 0.016 0.061 0.11 0.018 0.025 0.408 0.01 0.025 0.025 0.016 0.086 0.053
158 Y 0.051 0.034 0.021 0.02 0.012 0.023 0.03 0.026 0.028 0.087 0.086 0.062 0.022 0.078 0.017 0.033 0.036 0.016 0.18 0.134
159 V 0.059 0.021 0.017 0.018 0.016 0.015 0.021 0.025 0.011 0.145 0.158 0.024 0.031 0.131 0.015 0.031 0.048 0.008 0.036 0.171
160 I 0.051 0.019 0.015 0.017 0.016 0.014 0.019 0.021 0.009 0.223 0.203 0.024 0.037 0.043 0.015 0.026 0.039 0.006 0.02 0.185
161 F 0.033 0.018 0.016 0.016 0.01 0.01 0.018 0.025 0.016 0.061 0.11 0.018 0.025 0.408 0.01 0.025 0.025 0.016 0.086 0.053
162 L 0.054 0.024 0.021 0.021 0.015 0.016 0.024 0.029 0.013 0.092 0.193 0.027 0.032 0.164 0.015 0.059 0.04 0.009 0.042 0.112
163 I 0.047 0.019 0.015 0.017 0.015 0.013 0.019 0.021 0.01 0.219 0.179 0.023 0.035 0.088 0.014 0.025 0.038 0.007 0.028 0.168
164 V 0.082 0.024 0.021 0.021 0.018 0.018 0.027 0.031 0.009 0.138 0.113 0.029 0.028 0.032 0.018 0.061 0.052 0.005 0.019 0.253
165 G 0.182 0.026 0.029 0.029 0.016 0.021 0.032 0.238 0.014 0.04 0.081 0.037 0.017 0.032 0.023 0.069 0.04 0.006 0.017 0.052
166 L 0.063 0.021 0.015 0.017 0.016 0.015 0.021 0.025 0.011 0.14 0.228 0.024 0.036 0.112 0.015 0.029 0.036 0.008 0.033 0.136
167 C 0.094 0.018 0.017 0.017 0.441 0.013 0.019 0.037 0.009 0.043 0.062 0.023 0.016 0.02 0.017 0.045 0.037 0.004 0.012 0.056
168 Q 0.054 0.071 0.043 0.046 0.009 0.241 0.099 0.04 0.028 0.026 0.046 0.088 0.02 0.014 0.023 0.054 0.04 0.006 0.02 0.034
169 L 0.051 0.023 0.015 0.016 0.015 0.015 0.02 0.023 0.01 0.115 0.316 0.024 0.042 0.094 0.014 0.026 0.033 0.008 0.029 0.11
170 Y 0.046 0.023 0.018 0.017 0.017 0.018 0.023 0.023 0.027 0.125 0.138 0.027 0.028 0.084 0.015 0.028 0.033 0.016 0.177 0.117
171 K 0.055 0.103 0.04 0.04 0.008 0.052 0.068 0.042 0.02 0.027 0.042 0.303 0.015 0.015 0.027 0.052 0.038 0.005 0.017 0.032
172 I 0.053 0.022 0.021 0.022 0.016 0.016 0.023 0.026 0.01 0.228 0.136 0.028 0.031 0.037 0.017 0.041 0.097 0.006 0.019 0.151
173 L 0.08 0.023 0.019 0.019 0.015 0.017 0.023 0.067 0.016 0.116 0.172 0.027 0.034 0.105 0.016 0.035 0.035 0.01 0.069 0.103
174 L 0.05 0.024 0.019 0.019 0.016 0.017 0.023 0.025 0.011 0.131 0.218 0.027 0.055 0.088 0.016 0.035 0.065 0.008 0.029 0.126
175 Y 0.039 0.027 0.021 0.018 0.009 0.021 0.027 0.024 0.045 0.042 0.066 0.03 0.018 0.126 0.015 0.03 0.027 0.027 0.341 0.045
176 L 0.073 0.023 0.017 0.017 0.014 0.016 0.023 0.029 0.017 0.08 0.23 0.026 0.034 0.16 0.015 0.032 0.031 0.012 0.079 0.072
177 K 0.063 0.104 0.041 0.034 0.013 0.034 0.045 0.04 0.017 0.092 0.089 0.113 0.034 0.026 0.022 0.091 0.048 0.006 0.018 0.071
178 F 0.033 0.018 0.016 0.016 0.01 0.01 0.018 0.025 0.016 0.061 0.11 0.018 0.025 0.408 0.01 0.025 0.025 0.016 0.086 0.053
179 I 0.045 0.018 0.014 0.017 0.016 0.013 0.017 0.02 0.009 0.273 0.192 0.023 0.037 0.044 0.014 0.024 0.038 0.006 0.02 0.161
180 L 0.054 0.023 0.019 0.02 0.016 0.017 0.023 0.026 0.01 0.183 0.232 0.027 0.037 0.043 0.016 0.052 0.042 0.006 0.02 0.134
181 N 0.091 0.038 0.188 0.116 0.012 0.031 0.053 0.062 0.024 0.026 0.036 0.05 0.012 0.018 0.023 0.111 0.054 0.005 0.015 0.034
182 S 0.106 0.039 0.052 0.047 0.017 0.032 0.051 0.064 0.019 0.029 0.04 0.052 0.015 0.02 0.029 0.246 0.079 0.005 0.017 0.04
183 G 0.076 0.022 0.038 0.033 0.01 0.018 0.025 0.527 0.013 0.018 0.027 0.033 0.009 0.016 0.018 0.05 0.029 0.005 0.01 0.023
184 L 0.083 0.027 0.024 0.073 0.015 0.023 0.057 0.033 0.013 0.086 0.252 0.034 0.034 0.039 0.018 0.038 0.036 0.006 0.019 0.09
185 G 0.076 0.022 0.038 0.033 0.01 0.018 0.025 0.527 0.013 0.018 0.027 0.033 0.009 0.016 0.018 0.05 0.029 0.005 0.01 0.023
186 H 0.041 0.044 0.052 0.037 0.007 0.037 0.052 0.037 0.377 0.022 0.037 0.044 0.015 0.029 0.018 0.041 0.026 0.007 0.055 0.022
187 L 0.043 0.023 0.014 0.015 0.016 0.016 0.02 0.021 0.01 0.111 0.397 0.024 0.048 0.053 0.014 0.023 0.032 0.007 0.022 0.093
188 A 0.314 0.03 0.025 0.029 0.021 0.025 0.039 0.076 0.014 0.042 0.057 0.043 0.017 0.021 0.029 0.082 0.048 0.005 0.017 0.066
189 I 0.046 0.017 0.014 0.017 0.016 0.013 0.017 0.02 0.009 0.296 0.162 0.023 0.036 0.043 0.014 0.024 0.038 0.006 0.02 0.171
190 Y 0.039 0.027 0.021 0.018 0.009 0.021 0.027 0.024 0.045 0.042 0.066 0.03 0.018 0.126 0.015 0.03 0.027 0.027 0.341 0.045
191 T 0.066 0.033 0.038 0.033 0.017 0.025 0.035 0.039 0.013 0.065 0.107 0.041 0.023 0.027 0.025 0.08 0.236 0.006 0.018 0.074
192 E 0.059 0.045 0.043 0.11 0.008 0.056 0.267 0.039 0.024 0.022 0.035 0.068 0.013 0.016 0.025 0.077 0.041 0.005 0.016 0.031
193 G 0.083 0.031 0.081 0.044 0.013 0.025 0.037 0.295 0.017 0.023 0.033 0.042 0.012 0.018 0.022 0.126 0.05 0.005 0.013 0.03
194 D 0.08 0.037 0.05 0.229 0.009 0.043 0.181 0.044 0.021 0.024 0.034 0.056 0.011 0.016 0.024 0.056 0.037 0.005 0.014 0.032
195 E 0.111 0.044 0.036 0.099 0.012 0.041 0.152 0.044 0.019 0.055 0.056 0.084 0.016 0.02 0.024 0.056 0.04 0.005 0.016 0.07
196 L 0.043 0.023 0.014 0.015 0.016 0.016 0.02 0.021 0.01 0.111 0.397 0.024 0.048 0.053 0.014 0.023 0.032 0.007 0.022 0.093
197 L 0.052 0.073 0.031 0.026 0.013 0.026 0.035 0.03 0.103 0.083 0.153 0.044 0.027 0.034 0.018 0.042 0.07 0.006 0.028 0.106
198 A 0.17 0.038 0.04 0.048 0.016 0.054 0.051 0.111 0.018 0.032 0.046 0.051 0.016 0.019 0.027 0.138 0.057 0.005 0.016 0.047
199 S 0.085 0.051 0.056 0.047 0.014 0.111 0.069 0.055 0.023 0.027 0.042 0.066 0.017 0.018 0.026 0.17 0.064 0.005 0.018 0.038
200 V 0.065 0.021 0.016 0.018 0.018 0.016 0.022 0.024 0.008 0.171 0.128 0.025 0.031 0.035 0.016 0.032 0.051 0.005 0.02 0.276
201 P 0.055 0.025 0.023 0.03 0.01 0.02 0.035 0.035 0.012 0.025 0.035 0.04 0.01 0.012 0.511 0.042 0.035 0.003 0.012 0.03
202 F 0.043 0.022 0.02 0.02 0.012 0.014 0.023 0.029 0.016 0.063 0.137 0.023 0.026 0.315 0.013 0.052 0.032 0.014 0.069 0.057
203 I 0.101 0.021 0.017 0.019 0.017 0.016 0.023 0.032 0.01 0.177 0.149 0.027 0.031 0.065 0.017 0.037 0.041 0.006 0.025 0.169
204 I 0.05 0.018 0.015 0.017 0.016 0.013 0.018 0.021 0.008 0.269 0.155 0.023 0.035 0.041 0.015 0.026 0.04 0.006 0.02 0.194
205 R 0.043 0.367 0.037 0.03 0.008 0.047 0.051 0.032 0.023 0.023 0.045 0.116 0.015 0.017 0.019 0.043 0.034 0.006 0.017 0.03
206 A 0.189 0.028 0.027 0.028 0.017 0.022 0.034 0.117 0.014 0.048 0.101 0.037 0.021 0.072 0.023 0.084 0.045 0.007 0.025 0.059
207 I 0.045 0.018 0.014 0.017 0.016 0.013 0.017 0.02 0.009 0.273 0.192 0.023 0.037 0.044 0.014 0.024 0.038 0.006 0.02 0.161
208 S 0.106 0.039 0.052 0.047 0.017 0.032 0.051 0.064 0.019 0.029 0.04 0.052 0.015 0.02 0.029 0.246 0.079 0.005 0.017 0.04
209 G 0.079 0.024 0.04 0.034 0.011 0.02 0.028 0.469 0.014 0.02 0.029 0.035 0.01 0.016 0.02 0.074 0.035 0.005 0.011 0.026
210 F 0.037 0.021 0.016 0.016 0.012 0.013 0.019 0.024 0.014 0.079 0.202 0.021 0.044 0.274 0.012 0.025 0.028 0.013 0.062 0.068
211 S 0.123 0.038 0.049 0.045 0.017 0.031 0.049 0.064 0.018 0.031 0.043 0.051 0.015 0.02 0.029 0.226 0.084 0.005 0.017 0.044
212 L 0.055 0.027 0.06 0.028 0.015 0.02 0.028 0.032 0.018 0.116 0.169 0.032 0.03 0.05 0.017 0.055 0.043 0.009 0.066 0.132
213 I 0.051 0.019 0.016 0.018 0.016 0.014 0.019 0.022 0.009 0.257 0.151 0.024 0.034 0.04 0.015 0.028 0.049 0.006 0.02 0.193
214 L 0.051 0.029 0.021 0.02 0.016 0.024 0.026 0.027 0.014 0.1 0.225 0.033 0.129 0.045 0.016 0.039 0.066 0.007 0.022 0.09
215 S 0.136 0.035 0.046 0.042 0.017 0.029 0.045 0.123 0.017 0.029 0.042 0.048 0.015 0.02 0.032 0.193 0.067 0.005 0.016 0.043
216 L 0.045 0.024 0.015 0.015 0.016 0.017 0.021 0.022 0.01 0.111 0.362 0.026 0.065 0.051 0.014 0.025 0.034 0.007 0.022 0.099
217 A 0.197 0.031 0.025 0.027 0.019 0.026 0.036 0.056 0.015 0.061 0.106 0.041 0.081 0.03 0.024 0.079 0.047 0.006 0.019 0.073
218 V 0.1 0.028 0.029 0.027 0.018 0.022 0.032 0.039 0.011 0.095 0.088 0.036 0.024 0.027 0.022 0.065 0.151 0.005 0.018 0.161
219 F 0.034 0.018 0.016 0.016 0.011 0.011 0.018 0.024 0.015 0.091 0.117 0.019 0.026 0.362 0.011 0.024 0.026 0.015 0.078 0.068
220 Y 0.072 0.025 0.019 0.019 0.012 0.018 0.025 0.03 0.03 0.056 0.117 0.028 0.023 0.174 0.015 0.034 0.03 0.019 0.197 0.056
221 F 0.035 0.021 0.018 0.017 0.01 0.014 0.021 0.024 0.026 0.055 0.095 0.022 0.022 0.309 0.012 0.027 0.025 0.02 0.175 0.05
222 P 0.06 0.086 0.035 0.036 0.01 0.037 0.052 0.041 0.017 0.026 0.039 0.159 0.013 0.015 0.208 0.072 0.042 0.004 0.015 0.032
223 S 0.141 0.077 0.043 0.04 0.017 0.032 0.047 0.06 0.018 0.033 0.047 0.057 0.016 0.02 0.027 0.166 0.088 0.005 0.017 0.048
224 P 0.08 0.035 0.091 0.048 0.013 0.029 0.045 0.055 0.019 0.026 0.037 0.049 0.013 0.017 0.172 0.155 0.061 0.004 0.015 0.035
225 K 0.057 0.154 0.04 0.037 0.01 0.045 0.057 0.04 0.019 0.033 0.048 0.198 0.016 0.017 0.024 0.063 0.077 0.005 0.017 0.044
226 Y 0.05 0.052 0.029 0.027 0.01 0.031 0.04 0.068 0.027 0.076 0.07 0.125 0.019 0.063 0.02 0.044 0.034 0.014 0.142 0.059
227 L 0.056 0.023 0.02 0.021 0.015 0.017 0.024 0.027 0.014 0.17 0.176 0.028 0.032 0.051 0.016 0.054 0.043 0.008 0.06 0.145
228 K 0.054 0.154 0.04 0.037 0.009 0.047 0.061 0.04 0.02 0.029 0.045 0.228 0.015 0.016 0.025 0.054 0.067 0.005 0.017 0.036
229 W 0.077 0.022 0.017 0.018 0.014 0.016 0.023 0.031 0.013 0.104 0.132 0.026 0.036 0.103 0.014 0.033 0.034 0.134 0.042 0.112
230 I 0.043 0.019 0.014 0.017 0.015 0.013 0.018 0.021 0.01 0.228 0.199 0.023 0.036 0.095 0.014 0.024 0.035 0.007 0.029 0.141
231 A 0.202 0.03 0.035 0.034 0.017 0.025 0.038 0.197 0.015 0.032 0.045 0.042 0.014 0.019 0.026 0.11 0.05 0.005 0.015 0.049
232 F 0.042 0.019 0.015 0.016 0.013 0.012 0.019 0.023 0.012 0.138 0.161 0.021 0.031 0.225 0.012 0.025 0.032 0.011 0.053 0.118
233 L 0.048 0.02 0.016 0.017 0.015 0.014 0.02 0.023 0.011 0.165 0.192 0.023 0.034 0.125 0.014 0.028 0.043 0.008 0.035 0.15
234 L 0.048 0.024 0.015 0.016 0.016 0.018 0.021 0.023 0.011 0.137 0.282 0.027 0.079 0.048 0.015 0.027 0.037 0.007 0.022 0.127
235 L 0.044 0.022 0.014 0.015 0.016 0.015 0.019 0.021 0.009 0.154 0.337 0.024 0.045 0.05 0.014 0.024 0.034 0.007 0.021 0.115
236 A 0.219 0.029 0.026 0.028 0.018 0.023 0.036 0.061 0.015 0.051 0.104 0.039 0.022 0.073 0.025 0.088 0.047 0.007 0.026 0.065
237 S 0.111 0.039 0.052 0.047 0.017 0.032 0.05 0.064 0.018 0.029 0.041 0.052 0.015 0.02 0.029 0.243 0.079 0.005 0.017 0.041
238 D 0.043 0.034 0.06 0.335 0.007 0.037 0.146 0.042 0.02 0.022 0.029 0.051 0.01 0.015 0.022 0.051 0.035 0.004 0.012 0.025
239 L 0.046 0.023 0.014 0.015 0.016 0.016 0.02 0.021 0.01 0.139 0.335 0.025 0.048 0.05 0.014 0.025 0.035 0.007 0.021 0.123
240 L 0.08 0.023 0.016 0.018 0.017 0.017 0.023 0.028 0.01 0.146 0.233 0.027 0.052 0.042 0.016 0.033 0.039 0.006 0.021 0.151
241 I 0.046 0.017 0.014 0.017 0.016 0.013 0.017 0.02 0.009 0.296 0.162 0.023 0.036 0.043 0.014 0.024 0.038 0.006 0.02 0.171
242 G 0.076 0.022 0.038 0.033 0.01 0.018 0.025 0.527 0.013 0.018 0.027 0.033 0.009 0.016 0.018 0.05 0.029 0.005 0.01 0.023
243 I 0.048 0.018 0.014 0.017 0.016 0.013 0.018 0.02 0.008 0.279 0.158 0.023 0.035 0.042 0.014 0.025 0.04 0.006 0.02 0.186
244 R 0.043 0.367 0.037 0.03 0.008 0.047 0.051 0.032 0.023 0.023 0.045 0.116 0.015 0.017 0.019 0.043 0.034 0.006 0.017 0.03
245 N 0.066 0.037 0.193 0.06 0.011 0.029 0.043 0.179 0.023 0.023 0.032 0.047 0.011 0.018 0.021 0.108 0.051 0.005 0.014 0.029
246 K 0.055 0.103 0.04 0.04 0.008 0.052 0.068 0.042 0.02 0.027 0.042 0.303 0.015 0.015 0.027 0.052 0.038 0.005 0.017 0.032
247 F 0.068 0.02 0.017 0.018 0.012 0.012 0.021 0.031 0.016 0.059 0.104 0.021 0.024 0.359 0.013 0.032 0.028 0.015 0.077 0.055
248 F 0.033 0.018 0.016 0.016 0.01 0.01 0.018 0.025 0.016 0.061 0.11 0.018 0.025 0.408 0.01 0.025 0.025 0.016 0.086 0.053
249 F 0.042 0.021 0.021 0.02 0.011 0.013 0.022 0.029 0.017 0.057 0.102 0.023 0.023 0.359 0.013 0.052 0.031 0.015 0.077 0.052
250 S 0.132 0.038 0.049 0.045 0.017 0.031 0.049 0.066 0.018 0.03 0.043 0.051 0.015 0.02 0.029 0.226 0.075 0.005 0.017 0.044
251 L 0.054 0.024 0.016 0.017 0.015 0.017 0.022 0.024 0.011 0.109 0.261 0.026 0.063 0.101 0.014 0.029 0.035 0.008 0.031 0.123
252 I 0.048 0.02 0.015 0.017 0.016 0.015 0.019 0.021 0.01 0.227 0.196 0.025 0.056 0.044 0.015 0.026 0.039 0.006 0.021 0.164
253 C 0.112 0.027 0.031 0.03 0.247 0.022 0.033 0.05 0.013 0.037 0.053 0.036 0.016 0.02 0.023 0.127 0.055 0.005 0.014 0.051
254 I 0.045 0.018 0.014 0.017 0.016 0.013 0.017 0.02 0.009 0.268 0.197 0.023 0.037 0.044 0.014 0.024 0.038 0.006 0.02 0.159
255 L 0.04 0.019 0.015 0.016 0.014 0.013 0.018 0.022 0.012 0.162 0.201 0.022 0.035 0.182 0.013 0.024 0.032 0.01 0.045 0.107
256 I 0.085 0.02 0.017 0.019 0.016 0.015 0.021 0.029 0.01 0.221 0.137 0.026 0.031 0.084 0.016 0.035 0.044 0.007 0.028 0.139
257 L 0.044 0.023 0.014 0.015 0.016 0.015 0.019 0.021 0.01 0.136 0.362 0.024 0.046 0.051 0.014 0.024 0.033 0.007 0.021 0.107
258 Y 0.069 0.031 0.032 0.029 0.014 0.025 0.035 0.039 0.026 0.059 0.081 0.038 0.04 0.072 0.02 0.112 0.051 0.013 0.133 0.08
259 L 0.146 0.028 0.019 0.021 0.018 0.021 0.028 0.043 0.013 0.082 0.226 0.034 0.066 0.04 0.02 0.048 0.04 0.006 0.02 0.082
260 Y 0.039 0.025 0.02 0.018 0.01 0.019 0.025 0.024 0.037 0.076 0.084 0.028 0.021 0.151 0.014 0.029 0.028 0.023 0.269 0.062
261 S 0.085 0.042 0.04 0.038 0.051 0.08 0.054 0.047 0.018 0.055 0.06 0.054 0.019 0.021 0.024 0.131 0.08 0.005 0.018 0.078
262 N 0.041 0.042 0.306 0.122 0.009 0.032 0.053 0.061 0.029 0.022 0.03 0.051 0.011 0.017 0.02 0.065 0.046 0.004 0.015 0.026
263 R 0.049 0.198 0.036 0.039 0.009 0.046 0.086 0.034 0.02 0.052 0.056 0.16 0.017 0.019 0.022 0.045 0.036 0.005 0.017 0.053
264 K 0.048 0.061 0.079 0.043 0.01 0.061 0.071 0.037 0.046 0.066 0.061 0.108 0.018 0.04 0.021 0.047 0.043 0.009 0.078 0.053
265 L 0.046 0.159 0.068 0.033 0.011 0.034 0.042 0.034 0.019 0.054 0.166 0.102 0.026 0.029 0.019 0.046 0.037 0.006 0.018 0.052
266 I 0.143 0.023 0.022 0.024 0.017 0.018 0.027 0.103 0.011 0.149 0.102 0.032 0.025 0.03 0.02 0.05 0.051 0.005 0.018 0.129
267 K 0.055 0.081 0.03 0.029 0.012 0.063 0.049 0.032 0.02 0.085 0.078 0.117 0.022 0.036 0.02 0.043 0.049 0.008 0.059 0.112
268 K 0.095 0.064 0.069 0.046 0.012 0.065 0.067 0.053 0.035 0.028 0.042 0.137 0.015 0.018 0.026 0.114 0.052 0.005 0.019 0.037
269 L 0.045 0.06 0.021 0.022 0.013 0.028 0.031 0.025 0.017 0.152 0.169 0.075 0.031 0.058 0.017 0.031 0.035 0.009 0.061 0.101
270 F 0.033 0.018 0.016 0.016 0.01 0.01 0.018 0.025 0.016 0.061 0.11 0.018 0.025 0.408 0.01 0.025 0.025 0.016 0.086 0.053
271 K 0.091 0.089 0.032 0.031 0.014 0.032 0.043 0.04 0.015 0.067 0.092 0.113 0.022 0.024 0.023 0.058 0.098 0.005 0.018 0.092
272 K 0.049 0.156 0.037 0.035 0.008 0.062 0.06 0.037 0.021 0.03 0.051 0.202 0.017 0.064 0.022 0.046 0.036 0.007 0.026 0.034
273 L 0.053 0.021 0.015 0.017 0.016 0.016 0.02 0.022 0.01 0.217 0.218 0.025 0.057 0.045 0.015 0.027 0.038 0.006 0.021 0.143
274 T 0.088 0.037 0.047 0.042 0.017 0.029 0.044 0.053 0.016 0.04 0.052 0.048 0.017 0.022 0.028 0.168 0.176 0.005 0.017 0.055
275 G 0.064 0.087 0.078 0.043 0.01 0.038 0.051 0.168 0.02 0.024 0.037 0.158 0.013 0.016 0.023 0.077 0.042 0.005 0.015 0.03
276 L 0.051 0.021 0.017 0.02 0.014 0.015 0.023 0.025 0.01 0.147 0.149 0.027 0.029 0.071 0.138 0.03 0.038 0.006 0.025 0.142
277 V 0.053 0.085 0.028 0.027 0.013 0.069 0.044 0.029 0.038 0.123 0.117 0.054 0.027 0.03 0.018 0.039 0.048 0.006 0.022 0.132
278 P 0.049 0.025 0.02 0.022 0.011 0.019 0.029 0.028 0.024 0.056 0.068 0.032 0.018 0.093 0.201 0.035 0.033 0.013 0.143 0.081
279 L 0.05 0.021 0.014 0.016 0.016 0.015 0.02 0.021 0.009 0.169 0.27 0.024 0.04 0.046 0.014 0.026 0.038 0.006 0.021 0.163
280 L 0.055 0.023 0.019 0.02 0.016 0.016 0.023 0.027 0.011 0.151 0.208 0.027 0.035 0.087 0.016 0.053 0.041 0.007 0.028 0.137
281 I 0.111 0.023 0.022 0.024 0.017 0.018 0.027 0.038 0.011 0.197 0.121 0.031 0.028 0.034 0.019 0.066 0.052 0.005 0.019 0.135
282 G 0.065 0.022 0.026 0.024 0.014 0.017 0.023 0.274 0.011 0.077 0.144 0.029 0.024 0.03 0.017 0.039 0.034 0.006 0.016 0.108
283 F 0.033 0.018 0.016 0.016 0.01 0.01 0.018 0.025 0.016 0.061 0.11 0.018 0.025 0.408 0.01 0.025 0.025 0.016 0.086 0.053
284 V 0.055 0.019 0.015 0.017 0.017 0.014 0.02 0.022 0.008 0.218 0.166 0.024 0.034 0.04 0.015 0.028 0.042 0.006 0.02 0.219
285 L 0.056 0.022 0.018 0.018 0.058 0.016 0.021 0.086 0.01 0.123 0.222 0.026 0.034 0.039 0.015 0.032 0.043 0.006 0.019 0.138
286 F 0.037 0.02 0.015 0.016 0.012 0.012 0.019 0.023 0.014 0.08 0.218 0.021 0.033 0.275 0.012 0.024 0.027 0.013 0.062 0.068
287 S 0.106 0.039 0.052 0.047 0.017 0.032 0.051 0.064 0.019 0.029 0.04 0.052 0.015 0.02 0.029 0.246 0.079 0.005 0.017 0.04
288 L 0.086 0.026 0.019 0.02 0.017 0.02 0.025 0.031 0.011 0.108 0.233 0.03 0.059 0.041 0.018 0.041 0.062 0.006 0.02 0.127
289 V 0.058 0.019 0.015 0.017 0.017 0.015 0.02 0.022 0.008 0.217 0.141 0.024 0.033 0.038 0.015 0.029 0.044 0.005 0.02 0.241
290 S 0.106 0.039 0.052 0.047 0.017 0.032 0.051 0.064 0.019 0.029 0.04 0.052 0.015 0.02 0.029 0.246 0.079 0.005 0.017 0.04
291 Y 0.039 0.027 0.021 0.018 0.009 0.021 0.027 0.024 0.045 0.042 0.066 0.03 0.018 0.126 0.015 0.03 0.027 0.027 0.341 0.045
292 F 0.04 0.021 0.017 0.017 0.012 0.014 0.021 0.024 0.02 0.084 0.129 0.022 0.026 0.26 0.012 0.026 0.029 0.016 0.12 0.09
293 R 0.043 0.367 0.037 0.03 0.008 0.047 0.051 0.032 0.023 0.023 0.045 0.116 0.015 0.017 0.019 0.043 0.034 0.006 0.017 0.03
294 E 0.053 0.048 0.039 0.087 0.007 0.062 0.32 0.034 0.025 0.021 0.036 0.073 0.012 0.016 0.025 0.053 0.036 0.005 0.016 0.03
295 G 0.076 0.022 0.038 0.033 0.01 0.018 0.025 0.527 0.013 0.018 0.027 0.033 0.009 0.016 0.018 0.05 0.029 0.005 0.01 0.023
296 Y 0.038 0.026 0.02 0.018 0.009 0.02 0.026 0.024 0.042 0.045 0.072 0.029 0.019 0.162 0.014 0.029 0.027 0.026 0.309 0.046
297 E 0.062 0.045 0.082 0.088 0.011 0.064 0.137 0.045 0.022 0.03 0.043 0.062 0.015 0.018 0.025 0.088 0.102 0.005 0.016 0.041
298 I 0.047 0.019 0.015 0.017 0.016 0.015 0.019 0.021 0.009 0.265 0.164 0.024 0.055 0.043 0.014 0.026 0.039 0.006 0.02 0.166
299 N 0.041 0.037 0.221 0.189 0.008 0.03 0.06 0.054 0.027 0.023 0.032 0.047 0.011 0.025 0.02 0.059 0.041 0.006 0.041 0.027
300 F 0.033 0.018 0.016 0.016 0.01 0.01 0.018 0.025 0.016 0.061 0.11 0.018 0.025 0.408 0.01 0.025 0.025 0.016 0.086 0.053
301 I 0.047 0.022 0.02 0.02 0.014 0.016 0.023 0.025 0.016 0.145 0.124 0.027 0.041 0.141 0.015 0.035 0.064 0.011 0.076 0.117
302 N 0.073 0.044 0.163 0.058 0.013 0.032 0.049 0.059 0.023 0.044 0.045 0.069 0.015 0.02 0.024 0.146 0.061 0.005 0.016 0.043
303 Y 0.039 0.027 0.021 0.018 0.009 0.021 0.027 0.024 0.045 0.042 0.066 0.03 0.018 0.126 0.015 0.03 0.027 0.027 0.341 0.045
304 L 0.044 0.022 0.014 0.016 0.016 0.015 0.019 0.021 0.01 0.179 0.293 0.025 0.054 0.049 0.014 0.025 0.035 0.006 0.021 0.122
305 L 0.056 0.022 0.021 0.02 0.014 0.016 0.021 0.148 0.011 0.094 0.201 0.026 0.031 0.083 0.015 0.032 0.034 0.007 0.026 0.121
306 I 0.05 0.018 0.015 0.017 0.016 0.013 0.018 0.021 0.008 0.27 0.155 0.023 0.035 0.041 0.015 0.026 0.04 0.006 0.02 0.194
307 V 0.068 0.021 0.016 0.017 0.019 0.016 0.023 0.024 0.008 0.159 0.126 0.025 0.031 0.034 0.016 0.032 0.048 0.005 0.02 0.294
308 L 0.043 0.023 0.014 0.015 0.016 0.016 0.02 0.021 0.01 0.111 0.397 0.024 0.048 0.053 0.014 0.023 0.032 0.007 0.022 0.093
309 D 0.04 0.029 0.067 0.418 0.007 0.029 0.088 0.045 0.018 0.022 0.027 0.043 0.009 0.014 0.022 0.05 0.034 0.004 0.011 0.023
310 S 0.106 0.039 0.052 0.047 0.017 0.032 0.051 0.064 0.019 0.029 0.041 0.052 0.015 0.02 0.029 0.245 0.081 0.005 0.017 0.041
311 L 0.044 0.022 0.014 0.015 0.016 0.015 0.019 0.02 0.009 0.158 0.338 0.024 0.045 0.05 0.014 0.024 0.034 0.007 0.021 0.112
312 S 0.158 0.037 0.045 0.043 0.018 0.03 0.048 0.067 0.017 0.032 0.045 0.05 0.016 0.02 0.029 0.205 0.071 0.005 0.017 0.047
313 S 0.105 0.038 0.051 0.047 0.017 0.032 0.05 0.063 0.018 0.029 0.041 0.052 0.015 0.02 0.041 0.24 0.08 0.005 0.017 0.04
314 T 0.067 0.032 0.038 0.034 0.017 0.025 0.035 0.039 0.013 0.082 0.075 0.041 0.021 0.025 0.025 0.081 0.243 0.006 0.018 0.081
315 L 0.047 0.022 0.014 0.016 0.016 0.015 0.019 0.021 0.009 0.163 0.304 0.024 0.043 0.048 0.014 0.025 0.036 0.006 0.021 0.137
316 A 0.197 0.03 0.032 0.032 0.017 0.024 0.038 0.123 0.015 0.038 0.056 0.041 0.016 0.068 0.025 0.112 0.051 0.007 0.025 0.053
317 G 0.076 0.022 0.038 0.033 0.01 0.018 0.025 0.527 0.013 0.018 0.027 0.033 0.009 0.016 0.018 0.05 0.029 0.005 0.01 0.023
318 L 0.044 0.024 0.014 0.016 0.016 0.017 0.02 0.021 0.01 0.133 0.342 0.026 0.064 0.051 0.014 0.025 0.034 0.007 0.022 0.102
319 Q 0.052 0.069 0.079 0.054 0.008 0.169 0.117 0.042 0.027 0.025 0.042 0.109 0.017 0.015 0.023 0.055 0.04 0.005 0.018 0.032
320 D 0.051 0.084 0.109 0.212 0.009 0.035 0.069 0.049 0.021 0.023 0.033 0.088 0.012 0.016 0.022 0.077 0.043 0.004 0.014 0.028
