#Seq2Logo.py -f /work3/idamei/ssn-clusterings/clustering/2205111339/clusters/0005_115/sequences.afa -o /work3/idamei/ssn-clusterings/clustering/2205111339/clusters/0005_115/sequences.logo
#Position Specific Frequency Matrix
A R N D C Q E G H I L K M F P S T W Y V
0 L 0.051 0.031 0.02 0.02 0.016 0.028 0.028 0.028 0.016 0.098 0.193 0.035 0.177 0.047 0.016 0.035 0.039 0.008 0.024 0.091
1 L 0.057 0.028 0.027 0.025 0.016 0.022 0.028 0.031 0.012 0.12 0.175 0.034 0.06 0.038 0.02 0.053 0.127 0.006 0.02 0.099
2 G 0.056 0.131 0.031 0.027 0.011 0.027 0.032 0.189 0.015 0.107 0.08 0.059 0.02 0.026 0.017 0.04 0.034 0.006 0.016 0.077
3 A 0.183 0.033 0.034 0.033 0.02 0.026 0.04 0.061 0.014 0.048 0.062 0.045 0.019 0.023 0.029 0.088 0.15 0.006 0.018 0.07
4 S 0.09 0.037 0.042 0.039 0.017 0.031 0.044 0.053 0.018 0.053 0.093 0.048 0.067 0.03 0.025 0.164 0.067 0.006 0.02 0.058
5 P 0.056 0.025 0.023 0.031 0.01 0.02 0.036 0.036 0.013 0.025 0.036 0.041 0.01 0.013 0.501 0.043 0.036 0.003 0.013 0.031
6 G 0.123 0.023 0.024 0.024 0.017 0.018 0.026 0.16 0.011 0.126 0.095 0.032 0.023 0.029 0.02 0.048 0.042 0.005 0.017 0.136
7 R 0.051 0.158 0.041 0.056 0.008 0.111 0.152 0.036 0.026 0.024 0.043 0.095 0.016 0.016 0.023 0.051 0.037 0.006 0.018 0.032
8 D 0.063 0.033 0.063 0.285 0.011 0.031 0.078 0.053 0.019 0.025 0.032 0.047 0.011 0.017 0.025 0.11 0.05 0.004 0.013 0.03
9 A 0.221 0.028 0.022 0.025 0.021 0.022 0.034 0.06 0.012 0.083 0.082 0.038 0.022 0.026 0.025 0.067 0.049 0.005 0.018 0.137
10 L 0.068 0.032 0.029 0.028 0.016 0.026 0.033 0.038 0.015 0.081 0.206 0.038 0.078 0.041 0.02 0.096 0.051 0.007 0.021 0.076
11 R 0.044 0.348 0.039 0.031 0.008 0.048 0.052 0.033 0.023 0.023 0.046 0.12 0.015 0.017 0.019 0.044 0.035 0.006 0.017 0.031
12 D 0.075 0.035 0.061 0.225 0.012 0.031 0.072 0.056 0.019 0.026 0.035 0.049 0.012 0.018 0.026 0.138 0.058 0.004 0.014 0.033
13 P 0.057 0.026 0.023 0.031 0.01 0.021 0.036 0.036 0.013 0.026 0.036 0.041 0.01 0.013 0.496 0.044 0.036 0.003 0.013 0.031
14 H 0.044 0.032 0.034 0.028 0.012 0.026 0.035 0.029 0.183 0.149 0.103 0.035 0.026 0.037 0.017 0.033 0.033 0.007 0.039 0.099
15 V 0.07 0.026 0.025 0.024 0.019 0.02 0.028 0.031 0.01 0.126 0.107 0.032 0.027 0.031 0.02 0.052 0.117 0.006 0.019 0.208
16 P 0.057 0.026 0.023 0.031 0.01 0.021 0.036 0.036 0.013 0.026 0.036 0.041 0.01 0.013 0.494 0.044 0.036 0.003 0.013 0.031
17 A 0.29 0.031 0.026 0.03 0.022 0.026 0.04 0.078 0.015 0.043 0.059 0.045 0.018 0.022 0.03 0.085 0.05 0.005 0.018 0.069
18 A 0.29 0.031 0.026 0.03 0.022 0.026 0.04 0.078 0.015 0.043 0.059 0.045 0.018 0.022 0.03 0.085 0.05 0.005 0.018 0.069
19 P 0.057 0.026 0.023 0.031 0.01 0.021 0.036 0.036 0.013 0.026 0.036 0.041 0.01 0.013 0.494 0.044 0.036 0.003 0.013 0.031
20 D 0.041 0.03 0.069 0.397 0.008 0.03 0.091 0.047 0.019 0.022 0.028 0.045 0.009 0.015 0.022 0.052 0.035 0.004 0.011 0.024
21 V 0.061 0.027 0.018 0.019 0.018 0.022 0.026 0.026 0.012 0.132 0.163 0.031 0.098 0.042 0.016 0.034 0.045 0.007 0.022 0.182
22 P 0.065 0.03 0.033 0.034 0.014 0.024 0.038 0.04 0.013 0.039 0.05 0.043 0.015 0.018 0.262 0.068 0.143 0.004 0.015 0.051
23 L 0.047 0.04 0.036 0.047 0.01 0.039 0.125 0.031 0.132 0.053 0.152 0.048 0.026 0.034 0.02 0.04 0.032 0.007 0.032 0.05
24 R 0.044 0.351 0.038 0.031 0.008 0.048 0.052 0.033 0.023 0.023 0.046 0.119 0.015 0.017 0.019 0.044 0.035 0.006 0.017 0.031
25 G 0.186 0.027 0.032 0.032 0.016 0.022 0.033 0.295 0.014 0.031 0.044 0.039 0.013 0.019 0.024 0.068 0.04 0.005 0.014 0.046
26 G 0.078 0.023 0.039 0.034 0.011 0.019 0.025 0.513 0.013 0.019 0.028 0.034 0.009 0.016 0.019 0.051 0.03 0.005 0.011 0.024
27 A 0.118 0.117 0.037 0.046 0.013 0.041 0.109 0.047 0.019 0.035 0.051 0.07 0.016 0.02 0.025 0.068 0.094 0.006 0.017 0.05
28 V 0.075 0.032 0.033 0.031 0.017 0.026 0.035 0.04 0.014 0.086 0.107 0.04 0.06 0.032 0.022 0.098 0.107 0.006 0.02 0.12
29 N 0.062 0.05 0.119 0.054 0.011 0.082 0.064 0.052 0.111 0.025 0.039 0.06 0.015 0.021 0.023 0.099 0.049 0.006 0.027 0.031
30 G 0.084 0.03 0.043 0.038 0.014 0.024 0.035 0.286 0.015 0.03 0.04 0.041 0.013 0.019 0.023 0.106 0.099 0.005 0.014 0.04
31 L 0.041 0.023 0.015 0.015 0.015 0.015 0.02 0.022 0.012 0.101 0.317 0.023 0.043 0.139 0.013 0.024 0.031 0.009 0.038 0.085
32 A 0.175 0.026 0.02 0.023 0.017 0.02 0.031 0.052 0.013 0.069 0.074 0.034 0.02 0.034 0.021 0.056 0.042 0.129 0.03 0.111
33 V 0.075 0.032 0.033 0.031 0.017 0.026 0.035 0.04 0.014 0.086 0.107 0.04 0.06 0.032 0.022 0.098 0.107 0.006 0.02 0.12
34 A 0.29 0.031 0.026 0.03 0.022 0.026 0.04 0.078 0.015 0.043 0.059 0.045 0.018 0.022 0.03 0.085 0.05 0.005 0.018 0.069
35 R 0.045 0.345 0.039 0.031 0.008 0.048 0.052 0.033 0.023 0.023 0.047 0.12 0.016 0.017 0.019 0.045 0.035 0.006 0.017 0.031
36 C 0.065 0.016 0.016 0.016 0.484 0.012 0.016 0.032 0.008 0.045 0.065 0.02 0.016 0.02 0.016 0.041 0.037 0.004 0.012 0.057
37 A 0.17 0.026 0.02 0.023 0.017 0.019 0.03 0.05 0.014 0.065 0.154 0.033 0.027 0.123 0.021 0.054 0.039 0.009 0.036 0.071
38 A 0.185 0.026 0.021 0.023 0.02 0.021 0.031 0.051 0.011 0.102 0.093 0.035 0.024 0.028 0.023 0.058 0.049 0.005 0.019 0.174
39 L 0.051 0.022 0.015 0.016 0.017 0.015 0.02 0.022 0.009 0.168 0.266 0.025 0.041 0.047 0.015 0.026 0.038 0.006 0.021 0.161
40 L 0.044 0.022 0.014 0.016 0.016 0.015 0.019 0.021 0.01 0.156 0.33 0.025 0.046 0.051 0.014 0.024 0.034 0.007 0.022 0.115
41 A 0.187 0.026 0.026 0.027 0.018 0.021 0.032 0.174 0.013 0.066 0.068 0.037 0.019 0.023 0.023 0.063 0.044 0.005 0.016 0.11
42 G 0.121 0.023 0.023 0.023 0.135 0.018 0.025 0.162 0.011 0.055 0.134 0.03 0.023 0.028 0.019 0.05 0.037 0.005 0.015 0.061
43 L 0.046 0.024 0.015 0.016 0.016 0.018 0.021 0.022 0.011 0.145 0.304 0.027 0.072 0.05 0.014 0.026 0.035 0.007 0.022 0.109
44 L 0.042 0.021 0.015 0.016 0.015 0.014 0.019 0.022 0.011 0.137 0.288 0.023 0.041 0.121 0.013 0.024 0.032 0.009 0.035 0.102
45 F 0.087 0.021 0.018 0.019 0.013 0.013 0.023 0.035 0.016 0.058 0.101 0.024 0.023 0.323 0.014 0.037 0.03 0.014 0.073 0.057
46 L 0.05 0.025 0.016 0.016 0.016 0.018 0.022 0.023 0.011 0.12 0.297 0.027 0.071 0.049 0.015 0.028 0.037 0.007 0.022 0.131
47 P 0.056 0.025 0.023 0.03 0.01 0.02 0.035 0.035 0.013 0.025 0.035 0.04 0.01 0.013 0.503 0.043 0.035 0.003 0.013 0.03
48 G 0.07 0.026 0.034 0.032 0.012 0.02 0.031 0.233 0.015 0.031 0.049 0.036 0.014 0.093 0.116 0.081 0.04 0.007 0.028 0.035
49 A 0.154 0.027 0.024 0.025 0.018 0.021 0.031 0.047 0.012 0.107 0.147 0.036 0.028 0.033 0.023 0.061 0.086 0.006 0.019 0.094
50 L 0.099 0.024 0.018 0.021 0.016 0.018 0.026 0.035 0.011 0.116 0.207 0.031 0.032 0.037 0.115 0.04 0.038 0.006 0.019 0.092
51 G 0.057 0.157 0.033 0.028 0.01 0.03 0.035 0.225 0.016 0.039 0.107 0.065 0.019 0.024 0.018 0.042 0.032 0.006 0.015 0.041
52 F 0.033 0.019 0.017 0.017 0.01 0.01 0.019 0.025 0.017 0.062 0.112 0.019 0.025 0.399 0.01 0.025 0.025 0.017 0.087 0.054
53 L 0.093 0.028 0.024 0.023 0.014 0.021 0.03 0.036 0.084 0.071 0.197 0.031 0.031 0.111 0.017 0.039 0.033 0.009 0.041 0.066
54 L 0.044 0.021 0.015 0.016 0.014 0.014 0.02 0.023 0.012 0.102 0.225 0.022 0.036 0.188 0.013 0.026 0.033 0.01 0.048 0.116
55 G 0.061 0.039 0.045 0.122 0.009 0.072 0.11 0.232 0.02 0.021 0.033 0.055 0.012 0.015 0.021 0.052 0.034 0.005 0.014 0.027
56 A 0.204 0.026 0.026 0.027 0.017 0.021 0.033 0.155 0.015 0.042 0.063 0.037 0.017 0.096 0.023 0.065 0.04 0.008 0.03 0.056
57 S 0.087 0.033 0.038 0.035 0.017 0.026 0.039 0.048 0.015 0.072 0.128 0.042 0.025 0.03 0.023 0.152 0.064 0.006 0.019 0.1
58 S 0.108 0.039 0.053 0.048 0.017 0.033 0.051 0.065 0.019 0.029 0.041 0.053 0.015 0.02 0.029 0.235 0.08 0.005 0.017 0.041
59 F 0.044 0.025 0.022 0.021 0.013 0.017 0.025 0.028 0.02 0.066 0.149 0.027 0.027 0.201 0.015 0.039 0.074 0.015 0.109 0.064
60 A 0.16 0.032 0.031 0.03 0.019 0.026 0.037 0.053 0.014 0.058 0.087 0.042 0.05 0.027 0.026 0.077 0.132 0.006 0.019 0.073
61 P 0.061 0.026 0.025 0.029 0.013 0.021 0.034 0.035 0.012 0.058 0.06 0.038 0.016 0.019 0.311 0.05 0.083 0.004 0.015 0.089
62 G 0.077 0.022 0.038 0.033 0.011 0.019 0.025 0.52 0.013 0.019 0.028 0.033 0.009 0.016 0.019 0.05 0.029 0.005 0.011 0.024
63 L 0.06 0.028 0.026 0.024 0.017 0.02 0.028 0.03 0.011 0.098 0.206 0.033 0.033 0.038 0.02 0.052 0.127 0.006 0.02 0.122
64 L 0.103 0.025 0.018 0.02 0.018 0.02 0.025 0.034 0.011 0.14 0.186 0.031 0.062 0.04 0.018 0.04 0.042 0.006 0.021 0.142
65 A 0.159 0.026 0.024 0.025 0.018 0.02 0.029 0.144 0.012 0.076 0.132 0.034 0.025 0.029 0.021 0.055 0.042 0.006 0.017 0.107
66 A 0.207 0.026 0.026 0.028 0.018 0.021 0.032 0.154 0.013 0.086 0.073 0.037 0.019 0.025 0.024 0.065 0.043 0.005 0.016 0.08
67 C 0.075 0.026 0.031 0.029 0.206 0.02 0.031 0.044 0.014 0.042 0.064 0.033 0.018 0.096 0.02 0.115 0.051 0.007 0.029 0.05
68 V 0.065 0.023 0.021 0.021 0.018 0.018 0.025 0.027 0.009 0.164 0.122 0.029 0.03 0.034 0.018 0.042 0.089 0.006 0.02 0.219
69 L 0.094 0.023 0.017 0.019 0.016 0.016 0.023 0.033 0.012 0.123 0.222 0.027 0.035 0.114 0.016 0.036 0.036 0.008 0.034 0.097
70 I 0.154 0.023 0.019 0.022 0.019 0.018 0.027 0.044 0.011 0.163 0.115 0.032 0.027 0.033 0.021 0.05 0.045 0.006 0.019 0.153
71 L 0.048 0.02 0.015 0.017 0.015 0.014 0.019 0.022 0.01 0.181 0.191 0.023 0.035 0.115 0.014 0.026 0.037 0.008 0.034 0.156
72 G 0.114 0.024 0.026 0.026 0.015 0.019 0.027 0.232 0.012 0.071 0.126 0.032 0.023 0.028 0.019 0.048 0.038 0.006 0.016 0.099
73 L 0.097 0.027 0.017 0.019 0.017 0.02 0.025 0.033 0.012 0.096 0.283 0.031 0.068 0.046 0.017 0.038 0.037 0.007 0.021 0.088
74 G 0.166 0.025 0.029 0.028 0.016 0.021 0.03 0.243 0.013 0.057 0.06 0.036 0.017 0.022 0.022 0.06 0.041 0.005 0.015 0.093
75 G 0.109 0.023 0.026 0.025 0.015 0.018 0.025 0.231 0.012 0.096 0.133 0.032 0.024 0.03 0.019 0.046 0.036 0.006 0.016 0.077
76 L 0.053 0.023 0.017 0.017 0.016 0.017 0.022 0.024 0.012 0.119 0.19 0.026 0.063 0.114 0.014 0.03 0.039 0.008 0.035 0.161
77 G 0.07 0.09 0.038 0.033 0.01 0.024 0.03 0.422 0.015 0.019 0.031 0.05 0.01 0.016 0.019 0.049 0.03 0.005 0.012 0.025
78 L 0.049 0.031 0.021 0.022 0.014 0.057 0.036 0.026 0.014 0.13 0.168 0.036 0.032 0.109 0.016 0.032 0.037 0.008 0.034 0.128
79 L 0.043 0.023 0.017 0.017 0.013 0.017 0.022 0.022 0.024 0.154 0.17 0.026 0.031 0.079 0.015 0.027 0.033 0.015 0.145 0.106
80 G 0.063 0.051 0.034 0.035 0.01 0.031 0.044 0.198 0.016 0.024 0.036 0.12 0.012 0.015 0.182 0.049 0.035 0.004 0.014 0.029
81 R 0.148 0.16 0.028 0.027 0.015 0.032 0.04 0.048 0.017 0.049 0.119 0.07 0.023 0.026 0.022 0.056 0.04 0.006 0.018 0.058
82 L 0.071 0.03 0.031 0.03 0.016 0.024 0.033 0.04 0.014 0.111 0.165 0.038 0.059 0.037 0.02 0.111 0.054 0.006 0.02 0.088
83 P 0.116 0.032 0.042 0.111 0.015 0.027 0.051 0.053 0.016 0.034 0.045 0.045 0.014 0.018 0.122 0.101 0.092 0.004 0.015 0.046
84 G 0.07 0.16 0.041 0.035 0.011 0.033 0.041 0.234 0.018 0.022 0.038 0.071 0.013 0.017 0.021 0.085 0.041 0.005 0.014 0.03
85 D 0.051 0.039 0.109 0.196 0.009 0.068 0.071 0.143 0.022 0.022 0.032 0.053 0.012 0.015 0.021 0.055 0.037 0.005 0.014 0.027
86 V 0.06 0.091 0.021 0.02 0.016 0.025 0.029 0.026 0.013 0.121 0.124 0.046 0.057 0.034 0.017 0.035 0.044 0.006 0.02 0.194
87 L 0.047 0.111 0.032 0.031 0.01 0.109 0.06 0.032 0.027 0.046 0.119 0.07 0.025 0.046 0.019 0.042 0.035 0.01 0.082 0.048
88 W 0.049 0.025 0.022 0.022 0.011 0.018 0.027 0.035 0.014 0.081 0.072 0.029 0.019 0.048 0.013 0.065 0.037 0.304 0.048 0.061
89 A 0.165 0.055 0.037 0.039 0.015 0.073 0.06 0.06 0.019 0.033 0.049 0.104 0.017 0.018 0.027 0.102 0.052 0.005 0.018 0.049
90 L 0.051 0.088 0.024 0.023 0.013 0.022 0.026 0.123 0.013 0.145 0.158 0.044 0.029 0.035 0.016 0.033 0.035 0.006 0.018 0.099
91 W 0.049 0.021 0.015 0.017 0.014 0.015 0.021 0.025 0.011 0.157 0.116 0.024 0.028 0.046 0.013 0.027 0.037 0.17 0.036 0.16
92 L 0.102 0.025 0.021 0.021 0.016 0.018 0.025 0.132 0.011 0.08 0.25 0.03 0.034 0.04 0.018 0.041 0.035 0.006 0.019 0.075
93 T 0.059 0.029 0.028 0.028 0.015 0.023 0.032 0.034 0.013 0.103 0.104 0.038 0.052 0.03 0.118 0.057 0.127 0.006 0.018 0.087
94 G 0.064 0.027 0.032 0.031 0.014 0.021 0.031 0.132 0.012 0.087 0.071 0.037 0.019 0.024 0.118 0.06 0.125 0.005 0.016 0.073
95 L 0.054 0.026 0.02 0.02 0.017 0.018 0.024 0.026 0.01 0.111 0.271 0.029 0.039 0.044 0.017 0.039 0.082 0.006 0.021 0.127
96 L 0.154 0.028 0.02 0.022 0.019 0.022 0.03 0.045 0.013 0.092 0.165 0.035 0.058 0.036 0.021 0.052 0.044 0.006 0.02 0.121
97 V 0.064 0.021 0.016 0.017 0.018 0.016 0.022 0.023 0.008 0.186 0.135 0.025 0.032 0.037 0.016 0.031 0.047 0.005 0.02 0.261
98 A 0.183 0.033 0.034 0.033 0.02 0.026 0.04 0.061 0.014 0.048 0.062 0.045 0.019 0.023 0.029 0.088 0.15 0.006 0.018 0.07
99 L 0.106 0.024 0.017 0.019 0.018 0.018 0.025 0.033 0.01 0.118 0.218 0.029 0.035 0.04 0.018 0.039 0.042 0.006 0.02 0.165
100 F 0.049 0.02 0.021 0.02 0.012 0.013 0.021 0.124 0.014 0.073 0.098 0.023 0.023 0.25 0.013 0.031 0.03 0.012 0.058 0.094
101 V 0.111 0.022 0.018 0.02 0.019 0.017 0.025 0.034 0.009 0.162 0.121 0.029 0.029 0.034 0.018 0.041 0.047 0.005 0.02 0.218
102 V 0.06 0.02 0.015 0.017 0.018 0.015 0.021 0.023 0.008 0.211 0.142 0.025 0.033 0.038 0.015 0.029 0.045 0.006 0.02 0.239
103 L 0.106 0.027 0.022 0.023 0.018 0.02 0.028 0.037 0.011 0.096 0.205 0.033 0.033 0.037 0.02 0.051 0.085 0.006 0.02 0.122
104 L 0.048 0.024 0.02 0.02 0.015 0.016 0.023 0.026 0.012 0.125 0.223 0.027 0.036 0.115 0.016 0.038 0.078 0.008 0.034 0.097
105 H 0.044 0.05 0.051 0.039 0.008 0.076 0.062 0.038 0.3 0.023 0.039 0.054 0.016 0.027 0.02 0.044 0.029 0.007 0.049 0.025
106 L 0.071 0.032 0.031 0.029 0.016 0.025 0.034 0.04 0.015 0.077 0.21 0.038 0.061 0.039 0.02 0.111 0.053 0.006 0.02 0.072
107 L 0.102 0.025 0.021 0.021 0.016 0.018 0.025 0.132 0.011 0.08 0.25 0.03 0.034 0.04 0.018 0.041 0.035 0.006 0.019 0.075
108 L 0.054 0.022 0.015 0.016 0.017 0.015 0.021 0.022 0.009 0.167 0.239 0.025 0.039 0.044 0.015 0.027 0.04 0.006 0.021 0.186
109 A 0.218 0.03 0.029 0.031 0.02 0.025 0.039 0.064 0.014 0.064 0.069 0.042 0.02 0.024 0.027 0.103 0.055 0.005 0.018 0.105
110 S 0.068 0.035 0.094 0.042 0.014 0.027 0.04 0.048 0.025 0.047 0.114 0.043 0.022 0.048 0.021 0.119 0.054 0.01 0.081 0.05
111 L 0.148 0.026 0.018 0.021 0.018 0.02 0.028 0.043 0.012 0.085 0.256 0.032 0.036 0.041 0.02 0.048 0.039 0.006 0.02 0.084
112 I 0.047 0.018 0.015 0.018 0.016 0.013 0.018 0.02 0.009 0.275 0.167 0.023 0.037 0.044 0.015 0.025 0.04 0.006 0.02 0.176
113 D 0.041 0.03 0.069 0.4 0.007 0.03 0.091 0.046 0.019 0.022 0.028 0.045 0.009 0.015 0.022 0.052 0.035 0.004 0.011 0.024
114 G 0.06 0.034 0.18 0.058 0.01 0.026 0.037 0.289 0.022 0.021 0.03 0.044 0.01 0.017 0.019 0.06 0.039 0.005 0.013 0.026
115 D 0.04 0.034 0.042 0.179 0.008 0.063 0.064 0.037 0.019 0.032 0.053 0.044 0.016 0.1 0.017 0.041 0.031 0.106 0.039 0.033
116 P 0.049 0.023 0.019 0.022 0.011 0.016 0.027 0.03 0.013 0.061 0.073 0.029 0.018 0.104 0.208 0.033 0.033 0.106 0.04 0.086
117 S 0.141 0.034 0.045 0.041 0.017 0.028 0.044 0.158 0.017 0.03 0.042 0.047 0.015 0.02 0.027 0.168 0.064 0.005 0.016 0.043
118 F 0.106 0.028 0.026 0.026 0.015 0.021 0.031 0.044 0.016 0.059 0.103 0.034 0.052 0.177 0.019 0.081 0.044 0.01 0.046 0.061
119 D 0.054 0.031 0.065 0.337 0.009 0.03 0.082 0.05 0.018 0.023 0.03 0.046 0.01 0.016 0.023 0.088 0.044 0.004 0.012 0.027
120 V 0.057 0.02 0.016 0.017 0.017 0.014 0.021 0.024 0.01 0.166 0.132 0.024 0.031 0.109 0.015 0.029 0.042 0.008 0.034 0.215
121 G 0.07 0.051 0.044 0.052 0.01 0.115 0.118 0.14 0.023 0.024 0.039 0.068 0.016 0.016 0.024 0.09 0.045 0.005 0.017 0.033
122 R 0.044 0.358 0.038 0.03 0.008 0.047 0.051 0.032 0.023 0.023 0.046 0.118 0.015 0.017 0.019 0.044 0.034 0.006 0.017 0.03
123 A 0.211 0.027 0.026 0.028 0.019 0.022 0.033 0.155 0.013 0.061 0.066 0.038 0.018 0.023 0.024 0.067 0.045 0.005 0.016 0.102
124 A 0.151 0.028 0.025 0.025 0.017 0.021 0.031 0.048 0.014 0.062 0.136 0.035 0.025 0.104 0.022 0.061 0.083 0.008 0.032 0.071
125 G 0.062 0.025 0.029 0.027 0.014 0.019 0.026 0.225 0.012 0.063 0.179 0.032 0.027 0.032 0.018 0.048 0.077 0.006 0.016 0.061
126 S 0.108 0.039 0.053 0.048 0.017 0.033 0.051 0.065 0.019 0.029 0.041 0.053 0.015 0.02 0.029 0.235 0.08 0.005 0.017 0.041
127 L 0.049 0.022 0.014 0.016 0.016 0.015 0.02 0.021 0.009 0.157 0.291 0.025 0.043 0.048 0.014 0.026 0.037 0.006 0.021 0.148
128 A 0.257 0.029 0.023 0.027 0.021 0.023 0.036 0.066 0.013 0.066 0.072 0.04 0.02 0.024 0.027 0.073 0.049 0.005 0.018 0.111
129 L 0.107 0.024 0.021 0.022 0.016 0.018 0.025 0.132 0.011 0.09 0.198 0.03 0.031 0.036 0.018 0.043 0.038 0.006 0.018 0.113
130 L 0.105 0.029 0.024 0.025 0.017 0.024 0.03 0.039 0.014 0.115 0.135 0.036 0.085 0.036 0.02 0.054 0.086 0.007 0.02 0.098
131 L 0.069 0.028 0.032 0.03 0.015 0.021 0.03 0.134 0.013 0.1 0.137 0.036 0.026 0.031 0.021 0.085 0.089 0.006 0.017 0.08
132 L 0.054 0.022 0.015 0.016 0.017 0.015 0.021 0.022 0.009 0.167 0.239 0.025 0.039 0.044 0.015 0.027 0.04 0.006 0.021 0.186
133 V 0.057 0.025 0.017 0.018 0.017 0.02 0.024 0.025 0.011 0.161 0.161 0.029 0.09 0.042 0.016 0.032 0.043 0.006 0.022 0.184
134 L 0.102 0.022 0.017 0.019 0.018 0.017 0.023 0.032 0.01 0.177 0.181 0.028 0.034 0.039 0.018 0.038 0.042 0.006 0.02 0.158
135 L 0.056 0.022 0.019 0.02 0.015 0.016 0.021 0.121 0.01 0.138 0.219 0.026 0.035 0.04 0.015 0.031 0.036 0.006 0.019 0.134
136 A 0.167 0.03 0.032 0.032 0.019 0.025 0.037 0.056 0.014 0.09 0.077 0.042 0.021 0.026 0.026 0.103 0.096 0.005 0.018 0.084
137 A 0.164 0.025 0.024 0.025 0.018 0.02 0.03 0.144 0.012 0.085 0.08 0.034 0.021 0.026 0.022 0.056 0.045 0.005 0.017 0.145
138 P 0.049 0.026 0.022 0.026 0.01 0.021 0.032 0.031 0.026 0.032 0.048 0.037 0.013 0.059 0.308 0.038 0.032 0.013 0.14 0.037
139 L 0.148 0.025 0.018 0.021 0.018 0.019 0.027 0.043 0.011 0.119 0.211 0.032 0.034 0.039 0.02 0.048 0.04 0.006 0.02 0.099
140 V 0.073 0.027 0.024 0.024 0.018 0.022 0.029 0.033 0.012 0.122 0.123 0.033 0.057 0.035 0.019 0.073 0.053 0.006 0.02 0.196
141 A 0.11 0.092 0.03 0.028 0.11 0.025 0.035 0.046 0.016 0.04 0.064 0.051 0.018 0.096 0.021 0.085 0.045 0.007 0.03 0.05
142 L 0.047 0.045 0.038 0.107 0.01 0.105 0.068 0.034 0.026 0.046 0.115 0.056 0.023 0.045 0.019 0.043 0.035 0.01 0.081 0.047
143 L 0.061 0.024 0.025 0.024 0.016 0.018 0.025 0.126 0.011 0.126 0.154 0.03 0.029 0.034 0.018 0.044 0.082 0.006 0.018 0.129
144 L 0.05 0.021 0.015 0.016 0.016 0.015 0.019 0.021 0.009 0.192 0.246 0.024 0.04 0.046 0.015 0.026 0.038 0.006 0.021 0.164
145 D 0.05 0.041 0.038 0.123 0.012 0.078 0.062 0.035 0.02 0.062 0.115 0.051 0.094 0.031 0.019 0.044 0.039 0.006 0.02 0.06
146 R 0.047 0.156 0.135 0.053 0.008 0.101 0.068 0.046 0.028 0.024 0.041 0.088 0.016 0.017 0.021 0.056 0.041 0.005 0.018 0.031
147 G 0.121 0.027 0.037 0.033 0.014 0.022 0.031 0.336 0.014 0.03 0.041 0.037 0.013 0.018 0.022 0.065 0.08 0.005 0.013 0.042
148 G 0.109 0.03 0.037 0.115 0.013 0.03 0.098 0.14 0.016 0.053 0.055 0.044 0.016 0.021 0.022 0.054 0.039 0.005 0.015 0.086
149 D 0.047 0.098 0.047 0.194 0.008 0.038 0.115 0.039 0.019 0.023 0.034 0.064 0.011 0.015 0.118 0.049 0.035 0.004 0.014 0.028
150 G 0.117 0.048 0.097 0.046 0.013 0.032 0.047 0.154 0.02 0.028 0.04 0.095 0.014 0.018 0.025 0.098 0.049 0.005 0.015 0.038
151 A 0.116 0.111 0.035 0.033 0.015 0.035 0.047 0.048 0.017 0.057 0.063 0.106 0.019 0.022 0.024 0.089 0.05 0.005 0.018 0.091
152 L 0.042 0.023 0.014 0.015 0.015 0.015 0.02 0.022 0.011 0.103 0.333 0.024 0.044 0.123 0.013 0.024 0.031 0.009 0.035 0.086
153 D 0.1 0.096 0.048 0.183 0.012 0.032 0.062 0.049 0.018 0.032 0.045 0.059 0.014 0.018 0.024 0.064 0.083 0.005 0.015 0.043
154 R 0.053 0.177 0.036 0.032 0.011 0.04 0.048 0.035 0.019 0.045 0.078 0.122 0.048 0.024 0.022 0.053 0.082 0.006 0.018 0.051
155 V 0.067 0.023 0.023 0.024 0.017 0.018 0.026 0.031 0.01 0.184 0.125 0.03 0.03 0.035 0.018 0.07 0.051 0.005 0.02 0.191
156 L 0.059 0.022 0.015 0.016 0.018 0.016 0.022 0.023 0.009 0.142 0.232 0.025 0.038 0.042 0.015 0.029 0.042 0.006 0.021 0.208
157 A 0.101 0.047 0.091 0.041 0.013 0.03 0.043 0.05 0.019 0.041 0.061 0.09 0.018 0.095 0.023 0.064 0.084 0.007 0.031 0.05
158 G 0.074 0.027 0.033 0.031 0.016 0.021 0.031 0.134 0.012 0.109 0.085 0.036 0.022 0.028 0.021 0.087 0.092 0.005 0.017 0.118
159 L 0.052 0.025 0.017 0.018 0.016 0.02 0.023 0.024 0.012 0.151 0.213 0.029 0.094 0.045 0.015 0.03 0.04 0.007 0.022 0.146
160 C 0.069 0.089 0.028 0.025 0.301 0.023 0.03 0.039 0.013 0.037 0.056 0.046 0.016 0.019 0.019 0.08 0.044 0.005 0.014 0.048
161 I 0.108 0.022 0.022 0.023 0.016 0.017 0.024 0.132 0.011 0.159 0.109 0.03 0.026 0.032 0.019 0.043 0.041 0.006 0.018 0.144
162 L 0.149 0.028 0.02 0.022 0.018 0.022 0.029 0.045 0.013 0.082 0.217 0.034 0.062 0.039 0.02 0.05 0.041 0.006 0.02 0.083
163 F 0.035 0.02 0.016 0.016 0.011 0.011 0.019 0.024 0.015 0.072 0.167 0.02 0.03 0.33 0.011 0.025 0.026 0.015 0.074 0.062
164 L 0.052 0.021 0.015 0.017 0.016 0.014 0.02 0.023 0.01 0.157 0.184 0.024 0.034 0.113 0.014 0.028 0.039 0.008 0.034 0.178
165 V 0.064 0.025 0.021 0.021 0.018 0.018 0.025 0.027 0.01 0.13 0.167 0.029 0.032 0.036 0.018 0.042 0.088 0.006 0.02 0.203
166 I 0.064 0.025 0.024 0.024 0.017 0.02 0.027 0.031 0.012 0.172 0.138 0.032 0.059 0.038 0.018 0.07 0.049 0.006 0.02 0.152
167 A 0.16 0.024 0.024 0.025 0.018 0.02 0.029 0.144 0.012 0.11 0.087 0.034 0.022 0.027 0.021 0.055 0.043 0.005 0.017 0.123
168 I 0.154 0.023 0.019 0.022 0.019 0.018 0.027 0.044 0.011 0.163 0.115 0.032 0.027 0.033 0.021 0.05 0.045 0.006 0.019 0.153
169 L 0.043 0.024 0.016 0.016 0.015 0.017 0.021 0.023 0.012 0.1 0.294 0.026 0.07 0.121 0.014 0.026 0.033 0.009 0.035 0.085
170 S 0.108 0.039 0.053 0.048 0.017 0.033 0.051 0.065 0.019 0.029 0.041 0.053 0.015 0.02 0.029 0.235 0.08 0.005 0.017 0.041
171 L 0.051 0.024 0.016 0.017 0.016 0.018 0.021 0.023 0.01 0.154 0.252 0.027 0.068 0.047 0.015 0.028 0.038 0.007 0.022 0.147
172 L 0.044 0.023 0.014 0.015 0.016 0.015 0.019 0.021 0.01 0.148 0.343 0.024 0.046 0.052 0.014 0.024 0.034 0.007 0.022 0.11
173 G 0.061 0.109 0.04 0.038 0.009 0.109 0.061 0.23 0.021 0.022 0.039 0.073 0.015 0.016 0.02 0.051 0.035 0.006 0.016 0.029
174 L 0.045 0.021 0.014 0.016 0.016 0.015 0.019 0.021 0.009 0.182 0.298 0.024 0.044 0.05 0.014 0.024 0.035 0.006 0.021 0.126
175 Q 0.055 0.072 0.043 0.046 0.009 0.23 0.101 0.04 0.029 0.026 0.046 0.089 0.02 0.014 0.023 0.055 0.04 0.006 0.02 0.035
176 P 0.056 0.025 0.023 0.03 0.01 0.02 0.035 0.035 0.013 0.025 0.035 0.04 0.01 0.013 0.503 0.043 0.035 0.003 0.013 0.03
177 P 0.056 0.024 0.02 0.025 0.013 0.019 0.03 0.03 0.011 0.07 0.124 0.034 0.022 0.025 0.308 0.037 0.038 0.004 0.016 0.094
178 G 0.123 0.046 0.04 0.038 0.015 0.031 0.045 0.149 0.016 0.034 0.047 0.093 0.015 0.019 0.026 0.102 0.092 0.005 0.016 0.047
179 P 0.074 0.031 0.033 0.034 0.014 0.024 0.039 0.044 0.015 0.044 0.108 0.042 0.02 0.024 0.216 0.116 0.053 0.004 0.016 0.047
180 L 0.073 0.03 0.032 0.029 0.017 0.023 0.033 0.038 0.013 0.089 0.155 0.037 0.029 0.033 0.022 0.095 0.105 0.006 0.019 0.121
181 L 0.061 0.03 0.038 0.105 0.015 0.024 0.044 0.039 0.014 0.066 0.182 0.038 0.028 0.033 0.021 0.085 0.088 0.006 0.018 0.065
182 G 0.067 0.026 0.034 0.03 0.012 0.02 0.03 0.231 0.022 0.034 0.055 0.034 0.015 0.116 0.018 0.078 0.038 0.012 0.091 0.038
183 E 0.073 0.044 0.103 0.071 0.012 0.045 0.154 0.053 0.024 0.025 0.037 0.061 0.013 0.018 0.026 0.129 0.056 0.005 0.016 0.034
184 K 0.053 0.156 0.04 0.039 0.008 0.051 0.066 0.04 0.021 0.026 0.043 0.257 0.015 0.016 0.025 0.051 0.038 0.005 0.017 0.032
185 P 0.056 0.025 0.023 0.03 0.01 0.02 0.035 0.035 0.013 0.025 0.035 0.04 0.01 0.013 0.503 0.043 0.035 0.003 0.013 0.03
186 I 0.107 0.024 0.023 0.024 0.018 0.019 0.027 0.037 0.011 0.165 0.116 0.032 0.028 0.033 0.02 0.051 0.087 0.006 0.019 0.153
187 F 0.032 0.019 0.016 0.016 0.01 0.011 0.019 0.026 0.016 0.056 0.1 0.019 0.023 0.331 0.01 0.024 0.024 0.114 0.083 0.049
188 P 0.056 0.025 0.023 0.03 0.01 0.02 0.035 0.035 0.013 0.025 0.035 0.04 0.01 0.013 0.503 0.043 0.035 0.003 0.013 0.03
189 F 0.036 0.022 0.018 0.017 0.01 0.015 0.022 0.025 0.028 0.054 0.094 0.023 0.022 0.291 0.012 0.027 0.026 0.021 0.185 0.051
190 T 0.072 0.035 0.043 0.037 0.017 0.027 0.039 0.043 0.014 0.052 0.064 0.045 0.019 0.023 0.027 0.091 0.261 0.006 0.017 0.07
191 E 0.054 0.049 0.04 0.088 0.007 0.063 0.31 0.034 0.025 0.022 0.036 0.074 0.013 0.016 0.025 0.054 0.036 0.005 0.016 0.031
192 P 0.056 0.025 0.023 0.03 0.01 0.02 0.035 0.035 0.013 0.025 0.035 0.04 0.01 0.013 0.503 0.043 0.035 0.003 0.013 0.03
193 S 0.108 0.039 0.053 0.048 0.017 0.033 0.051 0.065 0.019 0.029 0.041 0.053 0.015 0.02 0.029 0.235 0.08 0.005 0.017 0.041
194 H 0.038 0.034 0.038 0.029 0.009 0.027 0.039 0.032 0.227 0.038 0.067 0.034 0.019 0.178 0.015 0.035 0.026 0.011 0.069 0.035
195 L 0.039 0.022 0.015 0.016 0.014 0.014 0.019 0.022 0.013 0.093 0.277 0.022 0.039 0.192 0.013 0.024 0.03 0.011 0.048 0.078
196 G 0.213 0.027 0.03 0.031 0.017 0.022 0.034 0.254 0.014 0.033 0.046 0.039 0.014 0.019 0.025 0.07 0.041 0.005 0.015 0.05
197 L 0.039 0.022 0.015 0.016 0.014 0.014 0.019 0.022 0.013 0.093 0.277 0.022 0.039 0.192 0.013 0.024 0.03 0.011 0.048 0.078
198 A 0.186 0.036 0.042 0.04 0.019 0.03 0.047 0.07 0.017 0.034 0.048 0.049 0.016 0.021 0.029 0.174 0.068 0.005 0.017 0.052
199 F 0.059 0.026 0.024 0.024 0.015 0.019 0.028 0.033 0.015 0.083 0.117 0.03 0.055 0.18 0.016 0.071 0.044 0.01 0.047 0.105
200 A 0.163 0.03 0.028 0.03 0.017 0.024 0.037 0.055 0.014 0.05 0.116 0.041 0.022 0.026 0.121 0.094 0.049 0.005 0.017 0.06
201 P 0.155 0.027 0.024 0.03 0.015 0.022 0.037 0.052 0.013 0.032 0.045 0.042 0.013 0.016 0.314 0.059 0.041 0.004 0.014 0.045
202 F 0.04 0.019 0.016 0.017 0.012 0.012 0.019 0.025 0.015 0.082 0.115 0.02 0.026 0.326 0.012 0.026 0.03 0.014 0.074 0.1
203 L 0.042 0.023 0.014 0.015 0.015 0.015 0.02 0.022 0.011 0.103 0.333 0.024 0.044 0.123 0.013 0.024 0.031 0.009 0.035 0.086
204 I 0.046 0.017 0.014 0.017 0.016 0.013 0.017 0.02 0.009 0.285 0.165 0.023 0.036 0.043 0.014 0.025 0.039 0.006 0.02 0.173
205 F 0.037 0.024 0.029 0.096 0.009 0.019 0.036 0.029 0.029 0.046 0.077 0.028 0.019 0.214 0.015 0.032 0.028 0.018 0.169 0.045
206 T 0.111 0.049 0.039 0.039 0.015 0.108 0.064 0.049 0.02 0.04 0.056 0.062 0.019 0.019 0.026 0.075 0.13 0.006 0.018 0.055
207 C 0.062 0.022 0.021 0.02 0.208 0.017 0.023 0.03 0.009 0.083 0.141 0.027 0.026 0.03 0.018 0.045 0.083 0.005 0.017 0.112
208 V 0.06 0.024 0.016 0.017 0.018 0.018 0.023 0.024 0.01 0.139 0.193 0.027 0.064 0.041 0.016 0.031 0.043 0.006 0.021 0.207
209 R 0.044 0.358 0.038 0.03 0.008 0.047 0.051 0.032 0.023 0.023 0.046 0.118 0.015 0.017 0.019 0.044 0.034 0.006 0.017 0.03
210 S 0.089 0.037 0.044 0.04 0.017 0.03 0.044 0.053 0.017 0.048 0.076 0.048 0.049 0.026 0.026 0.166 0.108 0.006 0.019 0.057
211 G 0.13 0.031 0.038 0.038 0.015 0.026 0.041 0.152 0.016 0.029 0.041 0.045 0.013 0.018 0.122 0.129 0.055 0.005 0.015 0.041
212 V 0.059 0.092 0.025 0.023 0.016 0.025 0.031 0.029 0.012 0.102 0.151 0.048 0.029 0.033 0.018 0.045 0.085 0.006 0.019 0.152
213 P 0.056 0.024 0.02 0.025 0.013 0.019 0.03 0.03 0.011 0.07 0.124 0.034 0.022 0.025 0.308 0.037 0.038 0.004 0.016 0.094
214 V 0.111 0.022 0.018 0.02 0.019 0.017 0.025 0.034 0.009 0.162 0.121 0.029 0.029 0.034 0.018 0.041 0.047 0.005 0.02 0.218
215 R 0.046 0.307 0.039 0.032 0.008 0.048 0.055 0.034 0.022 0.024 0.045 0.153 0.015 0.017 0.021 0.045 0.035 0.006 0.017 0.031
216 L 0.046 0.023 0.015 0.015 0.015 0.016 0.021 0.023 0.011 0.106 0.269 0.024 0.038 0.051 0.013 0.025 0.034 0.106 0.031 0.119
217 A 0.257 0.029 0.023 0.027 0.021 0.023 0.036 0.066 0.013 0.066 0.072 0.04 0.02 0.024 0.027 0.073 0.049 0.005 0.018 0.111
218 W 0.041 0.024 0.02 0.02 0.011 0.017 0.025 0.03 0.013 0.085 0.077 0.027 0.02 0.049 0.013 0.036 0.073 0.304 0.048 0.066
219 L 0.044 0.023 0.014 0.015 0.016 0.015 0.019 0.021 0.01 0.148 0.343 0.024 0.046 0.052 0.014 0.024 0.034 0.007 0.022 0.11
220 G 0.115 0.026 0.028 0.026 0.015 0.021 0.028 0.234 0.013 0.068 0.087 0.034 0.049 0.027 0.02 0.05 0.039 0.006 0.016 0.098
221 V 0.066 0.024 0.026 0.024 0.016 0.018 0.025 0.126 0.01 0.136 0.102 0.03 0.025 0.03 0.018 0.046 0.085 0.006 0.018 0.167
222 F 0.099 0.027 0.024 0.024 0.015 0.02 0.029 0.039 0.015 0.063 0.108 0.032 0.053 0.178 0.019 0.052 0.08 0.01 0.046 0.067
223 L 0.096 0.025 0.016 0.018 0.017 0.018 0.024 0.032 0.011 0.099 0.322 0.029 0.042 0.047 0.017 0.036 0.036 0.007 0.021 0.089
224 G 0.113 0.027 0.027 0.026 0.017 0.021 0.029 0.137 0.012 0.078 0.133 0.034 0.025 0.03 0.021 0.056 0.084 0.006 0.017 0.108
225 L 0.05 0.025 0.02 0.02 0.016 0.018 0.023 0.025 0.01 0.135 0.278 0.028 0.04 0.045 0.017 0.037 0.08 0.006 0.021 0.105
226 G 0.166 0.025 0.029 0.028 0.016 0.021 0.03 0.243 0.013 0.057 0.06 0.036 0.017 0.022 0.022 0.06 0.041 0.005 0.015 0.093
227 L 0.04 0.024 0.017 0.017 0.012 0.017 0.023 0.023 0.026 0.075 0.204 0.026 0.032 0.153 0.014 0.027 0.029 0.017 0.159 0.067
228 L 0.101 0.025 0.017 0.018 0.018 0.018 0.024 0.033 0.01 0.109 0.27 0.029 0.039 0.043 0.017 0.037 0.039 0.006 0.021 0.127
229 L 0.044 0.024 0.014 0.015 0.016 0.016 0.02 0.021 0.01 0.113 0.388 0.025 0.049 0.054 0.014 0.024 0.033 0.007 0.022 0.094
230 Q 0.115 0.057 0.042 0.043 0.013 0.15 0.079 0.053 0.024 0.03 0.048 0.073 0.019 0.017 0.025 0.097 0.05 0.006 0.019 0.042
231 N 0.068 0.042 0.219 0.068 0.012 0.033 0.05 0.064 0.026 0.025 0.035 0.053 0.013 0.019 0.024 0.135 0.061 0.005 0.016 0.032
232 L 0.044 0.024 0.014 0.015 0.016 0.016 0.02 0.021 0.01 0.113 0.388 0.025 0.049 0.054 0.014 0.024 0.033 0.007 0.022 0.094
233 S 0.093 0.038 0.049 0.043 0.017 0.03 0.046 0.056 0.017 0.038 0.05 0.05 0.017 0.022 0.028 0.177 0.153 0.005 0.017 0.052
234 L 0.049 0.022 0.014 0.016 0.016 0.015 0.02 0.021 0.009 0.157 0.291 0.025 0.043 0.048 0.014 0.026 0.037 0.006 0.021 0.148
235 V 0.107 0.022 0.017 0.02 0.018 0.017 0.024 0.033 0.01 0.187 0.129 0.028 0.03 0.036 0.018 0.039 0.045 0.006 0.02 0.196
236 V 0.158 0.024 0.019 0.022 0.019 0.019 0.028 0.044 0.011 0.139 0.107 0.032 0.026 0.031 0.021 0.051 0.047 0.005 0.019 0.175
237 A 0.211 0.027 0.026 0.028 0.019 0.022 0.033 0.155 0.013 0.061 0.066 0.038 0.018 0.023 0.024 0.067 0.045 0.005 0.016 0.102
238 V 0.063 0.021 0.016 0.017 0.113 0.015 0.021 0.025 0.008 0.128 0.167 0.024 0.032 0.036 0.016 0.032 0.043 0.005 0.019 0.2
239 G 0.116 0.024 0.031 0.029 0.014 0.019 0.027 0.331 0.013 0.042 0.106 0.034 0.019 0.024 0.02 0.052 0.034 0.006 0.014 0.047
240 L 0.045 0.021 0.014 0.016 0.016 0.015 0.019 0.021 0.009 0.182 0.298 0.024 0.044 0.05 0.014 0.024 0.035 0.006 0.021 0.126
241 A 0.304 0.03 0.025 0.029 0.021 0.025 0.04 0.077 0.015 0.042 0.058 0.044 0.017 0.021 0.029 0.083 0.049 0.005 0.017 0.067
242 A 0.304 0.03 0.025 0.029 0.021 0.025 0.04 0.077 0.015 0.042 0.058 0.044 0.017 0.021 0.029 0.083 0.049 0.005 0.017 0.067
243 A 0.159 0.027 0.02 0.023 0.019 0.022 0.031 0.046 0.012 0.101 0.113 0.035 0.055 0.032 0.021 0.053 0.047 0.006 0.02 0.158
244 C 0.066 0.018 0.016 0.017 0.304 0.014 0.019 0.029 0.008 0.091 0.089 0.022 0.022 0.026 0.016 0.037 0.041 0.005 0.015 0.147
245 C 0.129 0.028 0.033 0.031 0.209 0.023 0.035 0.054 0.014 0.038 0.054 0.038 0.016 0.02 0.024 0.127 0.056 0.005 0.015 0.052
246 L 0.044 0.024 0.014 0.015 0.016 0.016 0.02 0.021 0.01 0.113 0.388 0.025 0.049 0.054 0.014 0.024 0.033 0.007 0.022 0.094
247 P 0.081 0.03 0.038 0.038 0.013 0.025 0.04 0.144 0.015 0.025 0.036 0.044 0.012 0.016 0.217 0.121 0.052 0.004 0.014 0.033
248 L 0.048 0.023 0.019 0.019 0.014 0.015 0.021 0.121 0.012 0.084 0.261 0.025 0.036 0.115 0.014 0.029 0.03 0.009 0.033 0.072
249 S 0.133 0.035 0.041 0.038 0.016 0.029 0.044 0.059 0.023 0.034 0.05 0.047 0.016 0.042 0.026 0.164 0.064 0.01 0.08 0.047
250 W 0.04 0.028 0.019 0.03 0.011 0.025 0.079 0.027 0.015 0.061 0.183 0.034 0.028 0.048 0.014 0.029 0.029 0.205 0.039 0.056
251 L 0.042 0.023 0.014 0.015 0.015 0.015 0.02 0.022 0.011 0.103 0.333 0.024 0.044 0.123 0.013 0.024 0.031 0.009 0.035 0.086
252 G 0.113 0.025 0.027 0.027 0.017 0.02 0.029 0.137 0.012 0.112 0.088 0.034 0.023 0.028 0.021 0.056 0.085 0.006 0.017 0.123
253 G 0.166 0.025 0.029 0.028 0.016 0.021 0.03 0.243 0.013 0.057 0.06 0.036 0.017 0.022 0.022 0.06 0.041 0.005 0.015 0.093
254 G 0.113 0.023 0.031 0.029 0.013 0.018 0.027 0.332 0.014 0.032 0.051 0.032 0.014 0.094 0.019 0.052 0.032 0.008 0.027 0.039
255 L 0.042 0.021 0.015 0.016 0.015 0.014 0.019 0.022 0.011 0.137 0.288 0.023 0.041 0.121 0.013 0.024 0.032 0.009 0.035 0.102
256 A 0.16 0.024 0.024 0.025 0.018 0.02 0.029 0.144 0.012 0.11 0.087 0.034 0.022 0.027 0.021 0.055 0.043 0.005 0.017 0.123
257 V 0.118 0.026 0.028 0.027 0.017 0.021 0.03 0.137 0.011 0.087 0.081 0.034 0.022 0.026 0.021 0.058 0.087 0.005 0.017 0.145
258 L 0.094 0.023 0.017 0.019 0.016 0.016 0.023 0.033 0.012 0.123 0.222 0.027 0.035 0.114 0.016 0.036 0.036 0.008 0.034 0.097
259 V 0.067 0.025 0.023 0.023 0.017 0.019 0.027 0.031 0.011 0.15 0.17 0.03 0.032 0.037 0.018 0.07 0.05 0.006 0.02 0.175
260 A 0.159 0.027 0.02 0.023 0.019 0.022 0.031 0.046 0.012 0.101 0.113 0.035 0.055 0.032 0.021 0.053 0.047 0.006 0.02 0.158
261 A 0.171 0.029 0.027 0.028 0.019 0.023 0.035 0.053 0.013 0.087 0.083 0.038 0.022 0.027 0.024 0.093 0.055 0.005 0.018 0.148
262 L 0.102 0.025 0.022 0.023 0.017 0.019 0.027 0.036 0.011 0.156 0.168 0.032 0.031 0.037 0.02 0.049 0.084 0.006 0.019 0.116
263 A 0.209 0.037 0.031 0.033 0.017 0.065 0.049 0.158 0.017 0.034 0.05 0.051 0.016 0.019 0.026 0.071 0.043 0.005 0.016 0.052
264 S 0.066 0.034 0.095 0.042 0.013 0.026 0.039 0.049 0.026 0.037 0.058 0.042 0.017 0.117 0.021 0.119 0.052 0.012 0.094 0.042
265 L 0.044 0.023 0.014 0.015 0.016 0.015 0.019 0.021 0.01 0.148 0.343 0.024 0.046 0.052 0.014 0.024 0.034 0.007 0.022 0.11
266 D 0.041 0.032 0.12 0.344 0.008 0.03 0.081 0.049 0.021 0.022 0.028 0.046 0.009 0.015 0.022 0.055 0.037 0.004 0.012 0.024
267 L 0.045 0.021 0.014 0.016 0.016 0.015 0.019 0.021 0.009 0.182 0.298 0.024 0.044 0.05 0.014 0.024 0.035 0.006 0.021 0.126
268 S 0.09 0.04 0.048 0.054 0.015 0.038 0.101 0.054 0.019 0.032 0.045 0.056 0.016 0.02 0.028 0.17 0.108 0.005 0.017 0.045
269 Y 0.04 0.027 0.021 0.018 0.009 0.021 0.027 0.024 0.046 0.043 0.067 0.031 0.018 0.128 0.015 0.031 0.027 0.027 0.331 0.046
270 F 0.037 0.024 0.019 0.018 0.01 0.017 0.024 0.025 0.034 0.051 0.085 0.026 0.021 0.237 0.013 0.028 0.026 0.023 0.234 0.049
271 T 0.071 0.032 0.037 0.033 0.018 0.025 0.035 0.039 0.012 0.074 0.077 0.041 0.022 0.026 0.025 0.079 0.219 0.006 0.018 0.112
272 D 0.046 0.037 0.056 0.281 0.007 0.043 0.178 0.041 0.021 0.022 0.031 0.056 0.011 0.015 0.023 0.052 0.035 0.004 0.013 0.027
273 R 0.044 0.358 0.038 0.03 0.008 0.047 0.051 0.032 0.023 0.023 0.046 0.118 0.015 0.017 0.019 0.044 0.034 0.006 0.017 0.03
274 L 0.044 0.024 0.014 0.015 0.016 0.016 0.02 0.021 0.01 0.113 0.388 0.025 0.049 0.054 0.014 0.024 0.033 0.007 0.022 0.094
275 D 0.04 0.029 0.068 0.409 0.007 0.029 0.09 0.046 0.018 0.022 0.027 0.044 0.009 0.015 0.022 0.051 0.035 0.004 0.011 0.024
276 F 0.036 0.018 0.016 0.017 0.011 0.011 0.018 0.024 0.015 0.107 0.122 0.02 0.027 0.328 0.011 0.025 0.028 0.014 0.074 0.078
277 G 0.068 0.029 0.053 0.186 0.011 0.026 0.056 0.239 0.016 0.022 0.03 0.041 0.01 0.016 0.022 0.088 0.042 0.005 0.012 0.027
278 W 0.03 0.023 0.015 0.015 0.008 0.015 0.023 0.03 0.015 0.03 0.053 0.023 0.015 0.06 0.008 0.023 0.023 0.495 0.068 0.03
279 A 0.204 0.028 0.023 0.025 0.018 0.023 0.034 0.056 0.019 0.066 0.074 0.037 0.02 0.045 0.024 0.063 0.045 0.01 0.081 0.106
280 N 0.058 0.049 0.217 0.068 0.01 0.072 0.06 0.059 0.028 0.024 0.036 0.06 0.014 0.018 0.022 0.099 0.053 0.005 0.017 0.031
281 S 0.093 0.038 0.049 0.043 0.017 0.03 0.046 0.056 0.017 0.038 0.05 0.05 0.017 0.022 0.028 0.177 0.153 0.005 0.017 0.052
282 T 0.073 0.038 0.102 0.048 0.016 0.029 0.043 0.051 0.018 0.042 0.053 0.048 0.017 0.022 0.026 0.115 0.183 0.005 0.017 0.055
283 N 0.042 0.044 0.33 0.081 0.009 0.033 0.048 0.064 0.031 0.022 0.031 0.053 0.011 0.018 0.02 0.068 0.048 0.004 0.015 0.026
284 L 0.049 0.022 0.014 0.016 0.016 0.015 0.02 0.021 0.009 0.157 0.291 0.025 0.043 0.048 0.014 0.026 0.037 0.006 0.021 0.148
285 S 0.108 0.039 0.053 0.048 0.017 0.033 0.051 0.065 0.019 0.029 0.041 0.053 0.015 0.02 0.029 0.235 0.08 0.005 0.017 0.041
286 S 0.133 0.036 0.043 0.04 0.018 0.029 0.044 0.058 0.016 0.041 0.054 0.048 0.017 0.022 0.028 0.147 0.146 0.005 0.017 0.058
287 L 0.044 0.024 0.014 0.015 0.016 0.016 0.02 0.021 0.01 0.113 0.388 0.025 0.049 0.054 0.014 0.024 0.033 0.007 0.022 0.094
288 V 0.069 0.021 0.016 0.017 0.019 0.016 0.023 0.024 0.008 0.161 0.128 0.026 0.031 0.035 0.016 0.032 0.048 0.005 0.02 0.283
289 Y 0.04 0.027 0.021 0.018 0.009 0.021 0.027 0.024 0.046 0.043 0.067 0.031 0.018 0.128 0.015 0.031 0.027 0.027 0.331 0.046
290 V 0.055 0.02 0.015 0.017 0.017 0.015 0.02 0.022 0.009 0.201 0.194 0.024 0.037 0.042 0.015 0.027 0.042 0.006 0.021 0.201
291 Q 0.055 0.072 0.043 0.046 0.009 0.23 0.101 0.04 0.029 0.026 0.046 0.089 0.02 0.014 0.023 0.055 0.04 0.006 0.02 0.035
292 G 0.077 0.022 0.038 0.033 0.011 0.019 0.025 0.52 0.013 0.019 0.028 0.033 0.009 0.016 0.019 0.05 0.029 0.005 0.011 0.024
293 L 0.039 0.022 0.014 0.015 0.013 0.015 0.02 0.024 0.012 0.114 0.209 0.023 0.033 0.054 0.011 0.023 0.03 0.205 0.04 0.084
294 E 0.054 0.058 0.041 0.072 0.008 0.13 0.227 0.037 0.027 0.023 0.04 0.08 0.016 0.016 0.024 0.054 0.038 0.006 0.018 0.032
295 L 0.047 0.027 0.016 0.017 0.016 0.021 0.023 0.024 0.012 0.107 0.31 0.029 0.1 0.051 0.015 0.028 0.035 0.007 0.023 0.093
296 L 0.05 0.021 0.015 0.016 0.016 0.015 0.019 0.021 0.009 0.192 0.246 0.024 0.04 0.046 0.015 0.026 0.038 0.006 0.021 0.164
297 Q 0.052 0.059 0.047 0.127 0.008 0.157 0.141 0.04 0.026 0.024 0.04 0.077 0.016 0.015 0.023 0.054 0.038 0.005 0.018 0.032
298 E 0.154 0.041 0.034 0.065 0.013 0.048 0.202 0.051 0.021 0.03 0.045 0.062 0.014 0.018 0.027 0.066 0.041 0.005 0.017 0.045
299 G 0.135 0.031 0.042 0.038 0.015 0.025 0.039 0.249 0.016 0.028 0.039 0.043 0.013 0.019 0.025 0.131 0.054 0.005 0.015 0.039
300 L 0.041 0.022 0.014 0.015 0.014 0.015 0.02 0.023 0.011 0.131 0.276 0.024 0.039 0.053 0.013 0.024 0.032 0.106 0.031 0.097
301 E 0.063 0.113 0.043 0.06 0.01 0.087 0.165 0.041 0.024 0.024 0.041 0.082 0.015 0.017 0.024 0.088 0.045 0.005 0.017 0.033
302 R 0.104 0.177 0.037 0.033 0.012 0.04 0.05 0.045 0.019 0.033 0.051 0.123 0.016 0.019 0.024 0.063 0.084 0.006 0.017 0.046
303 T 0.072 0.035 0.043 0.037 0.017 0.027 0.039 0.043 0.014 0.052 0.064 0.045 0.019 0.023 0.027 0.091 0.261 0.006 0.017 0.07
304 A 0.107 0.1 0.038 0.033 0.013 0.033 0.044 0.047 0.094 0.032 0.05 0.058 0.016 0.043 0.022 0.087 0.043 0.01 0.088 0.041
305 G 0.07 0.027 0.097 0.043 0.01 0.021 0.03 0.429 0.017 0.019 0.028 0.037 0.01 0.016 0.019 0.054 0.033 0.005 0.012 0.024
306 W 0.032 0.023 0.015 0.015 0.009 0.015 0.022 0.028 0.014 0.046 0.119 0.023 0.022 0.058 0.009 0.023 0.024 0.403 0.058 0.043
307 G 0.077 0.022 0.038 0.033 0.011 0.019 0.025 0.52 0.013 0.019 0.028 0.033 0.009 0.016 0.019 0.05 0.029 0.005 0.011 0.024
308 I 0.05 0.019 0.015 0.017 0.016 0.014 0.019 0.021 0.009 0.226 0.202 0.024 0.038 0.044 0.015 0.026 0.04 0.006 0.021 0.179
309 G 0.122 0.024 0.036 0.032 0.013 0.02 0.028 0.431 0.013 0.023 0.034 0.035 0.011 0.017 0.021 0.057 0.033 0.005 0.012 0.033
310 F 0.036 0.018 0.016 0.017 0.011 0.011 0.018 0.024 0.015 0.107 0.122 0.02 0.027 0.328 0.011 0.025 0.028 0.014 0.074 0.078
311 Q 0.055 0.072 0.043 0.046 0.009 0.23 0.101 0.04 0.029 0.026 0.046 0.089 0.02 0.014 0.023 0.055 0.04 0.006 0.02 0.035
312 Q 0.055 0.072 0.043 0.046 0.009 0.23 0.101 0.04 0.029 0.026 0.046 0.089 0.02 0.014 0.023 0.055 0.04 0.006 0.02 0.035
313 L 0.044 0.024 0.014 0.015 0.016 0.016 0.02 0.021 0.01 0.113 0.388 0.025 0.049 0.054 0.014 0.024 0.033 0.007 0.022 0.094
314 G 0.077 0.022 0.038 0.033 0.011 0.019 0.025 0.52 0.013 0.019 0.028 0.033 0.009 0.016 0.019 0.05 0.029 0.005 0.011 0.024
315 V 0.057 0.02 0.016 0.017 0.017 0.014 0.021 0.024 0.01 0.166 0.132 0.024 0.031 0.109 0.015 0.029 0.042 0.008 0.034 0.215
316 V 0.163 0.025 0.02 0.022 0.02 0.02 0.03 0.045 0.011 0.114 0.1 0.033 0.025 0.029 0.021 0.053 0.049 0.005 0.019 0.197
317 P 0.049 0.026 0.022 0.026 0.01 0.021 0.032 0.031 0.026 0.032 0.048 0.037 0.013 0.059 0.308 0.038 0.032 0.013 0.14 0.037
318 T 0.061 0.029 0.031 0.029 0.017 0.022 0.031 0.034 0.012 0.111 0.149 0.036 0.029 0.033 0.022 0.064 0.171 0.006 0.019 0.095
319 N 0.042 0.044 0.33 0.081 0.009 0.033 0.048 0.064 0.031 0.022 0.031 0.053 0.011 0.018 0.02 0.068 0.048 0.004 0.015 0.026
320 V 0.069 0.021 0.016 0.017 0.019 0.016 0.023 0.024 0.008 0.161 0.128 0.026 0.031 0.035 0.016 0.032 0.048 0.005 0.02 0.283
