#Seq2Logo.py -f /work3/idamei/ssn-clusterings/clustering/2205111339/clusters/0014_502/sequences.afa -o /work3/idamei/ssn-clusterings/clustering/2205111339/clusters/0014_502/sequences.logo
#Position Specific Frequency Matrix
A R N D C Q E G H I L K M F P S T W Y V
0 L 0.051 0.032 0.02 0.02 0.016 0.028 0.028 0.028 0.016 0.099 0.193 0.035 0.176 0.047 0.016 0.035 0.039 0.008 0.024 0.091
1 K 0.052 0.052 0.106 0.051 0.011 0.036 0.077 0.041 0.02 0.093 0.072 0.107 0.02 0.024 0.022 0.055 0.069 0.005 0.017 0.071
2 R 0.062 0.113 0.104 0.04 0.012 0.03 0.039 0.04 0.041 0.107 0.081 0.058 0.021 0.027 0.019 0.049 0.054 0.005 0.02 0.078
3 L 0.045 0.051 0.121 0.043 0.011 0.031 0.043 0.04 0.026 0.05 0.13 0.101 0.023 0.047 0.019 0.046 0.038 0.01 0.076 0.049
4 R 0.052 0.15 0.042 0.04 0.008 0.128 0.078 0.039 0.046 0.025 0.045 0.144 0.017 0.016 0.023 0.051 0.038 0.006 0.021 0.032
5 L 0.111 0.05 0.043 0.028 0.015 0.034 0.035 0.043 0.017 0.061 0.15 0.041 0.027 0.123 0.019 0.058 0.039 0.009 0.036 0.062
6 N 0.13 0.039 0.149 0.055 0.015 0.031 0.047 0.066 0.022 0.031 0.043 0.05 0.014 0.02 0.026 0.125 0.072 0.005 0.017 0.044
7 A 0.145 0.044 0.036 0.052 0.014 0.041 0.133 0.054 0.022 0.032 0.048 0.075 0.015 0.028 0.027 0.092 0.047 0.007 0.043 0.046
8 V 0.065 0.055 0.025 0.026 0.015 0.025 0.035 0.032 0.012 0.094 0.084 0.07 0.022 0.025 0.14 0.051 0.045 0.005 0.018 0.157
9 L 0.042 0.023 0.015 0.016 0.014 0.015 0.02 0.022 0.014 0.113 0.294 0.024 0.041 0.116 0.014 0.025 0.032 0.01 0.058 0.091
10 A 0.195 0.035 0.039 0.038 0.019 0.029 0.045 0.069 0.016 0.038 0.052 0.048 0.017 0.021 0.029 0.146 0.083 0.005 0.017 0.057
11 D 0.043 0.04 0.118 0.138 0.009 0.031 0.055 0.043 0.107 0.061 0.071 0.058 0.017 0.025 0.02 0.048 0.037 0.005 0.026 0.048
12 L 0.045 0.021 0.014 0.016 0.016 0.014 0.019 0.021 0.009 0.199 0.276 0.024 0.042 0.049 0.014 0.024 0.036 0.006 0.021 0.134
13 I 0.049 0.019 0.015 0.017 0.015 0.013 0.019 0.022 0.01 0.198 0.142 0.023 0.032 0.13 0.014 0.027 0.038 0.008 0.037 0.171
14 G 0.085 0.099 0.046 0.041 0.013 0.033 0.046 0.171 0.018 0.025 0.039 0.075 0.014 0.018 0.024 0.141 0.056 0.005 0.016 0.034
15 Y 0.041 0.027 0.02 0.017 0.011 0.02 0.026 0.024 0.037 0.06 0.147 0.029 0.026 0.11 0.015 0.029 0.029 0.022 0.253 0.058
16 Y 0.053 0.037 0.031 0.029 0.009 0.073 0.045 0.152 0.033 0.033 0.052 0.046 0.017 0.072 0.018 0.042 0.031 0.017 0.173 0.038
17 L 0.046 0.026 0.016 0.017 0.016 0.02 0.022 0.023 0.012 0.109 0.322 0.028 0.091 0.052 0.015 0.028 0.035 0.007 0.023 0.093
18 Y 0.04 0.028 0.022 0.019 0.009 0.022 0.028 0.025 0.047 0.044 0.068 0.031 0.019 0.131 0.016 0.031 0.028 0.028 0.318 0.047
19 F 0.033 0.019 0.017 0.017 0.01 0.01 0.019 0.025 0.017 0.062 0.112 0.019 0.025 0.397 0.01 0.025 0.025 0.017 0.087 0.054
20 L 0.052 0.019 0.015 0.016 0.175 0.013 0.018 0.024 0.009 0.161 0.187 0.023 0.033 0.038 0.015 0.03 0.037 0.006 0.018 0.115
21 L 0.05 0.021 0.015 0.016 0.016 0.015 0.02 0.022 0.009 0.176 0.236 0.024 0.039 0.067 0.014 0.026 0.038 0.007 0.025 0.164
22 F 0.036 0.02 0.016 0.016 0.012 0.012 0.019 0.024 0.015 0.078 0.198 0.021 0.032 0.291 0.012 0.025 0.027 0.014 0.067 0.067
23 C 0.058 0.017 0.015 0.017 0.255 0.013 0.017 0.027 0.008 0.149 0.11 0.022 0.025 0.031 0.015 0.033 0.039 0.005 0.016 0.128
24 V 0.065 0.025 0.025 0.025 0.016 0.019 0.028 0.034 0.013 0.137 0.117 0.031 0.036 0.102 0.018 0.08 0.049 0.008 0.032 0.14
25 V 0.071 0.021 0.023 0.022 0.136 0.017 0.023 0.122 0.01 0.097 0.088 0.027 0.022 0.027 0.017 0.05 0.044 0.005 0.016 0.162
26 C 0.068 0.021 0.023 0.022 0.285 0.016 0.023 0.035 0.01 0.101 0.085 0.027 0.021 0.026 0.018 0.073 0.045 0.005 0.015 0.082
27 I 0.051 0.019 0.015 0.017 0.046 0.014 0.019 0.023 0.01 0.2 0.157 0.023 0.033 0.085 0.014 0.027 0.039 0.007 0.028 0.173
28 I 0.052 0.021 0.016 0.018 0.016 0.017 0.021 0.023 0.01 0.215 0.174 0.026 0.064 0.043 0.015 0.028 0.041 0.006 0.021 0.175
29 Y 0.04 0.027 0.021 0.018 0.009 0.021 0.027 0.024 0.046 0.043 0.067 0.031 0.018 0.128 0.015 0.031 0.027 0.027 0.331 0.046
30 Y 0.037 0.024 0.02 0.018 0.01 0.018 0.024 0.025 0.036 0.05 0.083 0.026 0.021 0.223 0.014 0.029 0.027 0.024 0.246 0.049
31 L 0.106 0.027 0.025 0.025 0.016 0.02 0.03 0.042 0.014 0.068 0.181 0.033 0.029 0.11 0.019 0.078 0.043 0.033 0.035 0.067
32 L 0.054 0.032 0.029 0.027 0.014 0.035 0.034 0.032 0.02 0.064 0.144 0.038 0.027 0.088 0.02 0.054 0.123 0.011 0.088 0.067
33 F 0.033 0.019 0.017 0.017 0.01 0.01 0.019 0.025 0.017 0.062 0.112 0.019 0.025 0.399 0.01 0.025 0.025 0.017 0.087 0.054
34 V 0.084 0.025 0.024 0.024 0.018 0.019 0.028 0.034 0.011 0.154 0.114 0.031 0.028 0.033 0.019 0.074 0.053 0.005 0.019 0.202
35 A 0.149 0.033 0.086 0.037 0.014 0.026 0.038 0.055 0.029 0.038 0.055 0.041 0.016 0.058 0.022 0.069 0.043 0.013 0.127 0.05
36 G 0.067 0.032 0.114 0.101 0.013 0.026 0.045 0.145 0.018 0.051 0.051 0.042 0.015 0.021 0.021 0.088 0.049 0.005 0.015 0.08
37 G 0.066 0.039 0.049 0.034 0.013 0.028 0.038 0.137 0.023 0.044 0.075 0.065 0.047 0.046 0.021 0.084 0.055 0.01 0.08 0.048
38 G 0.06 0.021 0.026 0.026 0.013 0.017 0.024 0.223 0.011 0.127 0.084 0.031 0.02 0.026 0.114 0.039 0.034 0.005 0.015 0.085
39 F 0.036 0.023 0.037 0.174 0.009 0.018 0.047 0.033 0.017 0.046 0.078 0.029 0.019 0.245 0.015 0.035 0.029 0.011 0.057 0.042
40 T 0.072 0.032 0.044 0.11 0.016 0.026 0.048 0.044 0.014 0.063 0.065 0.042 0.019 0.023 0.024 0.1 0.137 0.005 0.017 0.097
41 Y 0.04 0.034 0.033 0.025 0.009 0.027 0.037 0.029 0.164 0.035 0.056 0.036 0.017 0.092 0.017 0.034 0.027 0.02 0.23 0.037
42 E 0.054 0.049 0.04 0.088 0.007 0.063 0.31 0.034 0.025 0.022 0.036 0.074 0.013 0.016 0.025 0.054 0.036 0.005 0.016 0.031
43 P 0.057 0.026 0.024 0.031 0.01 0.021 0.036 0.036 0.013 0.025 0.036 0.041 0.01 0.013 0.488 0.049 0.037 0.003 0.013 0.031
44 I 0.056 0.019 0.015 0.017 0.017 0.014 0.02 0.022 0.008 0.23 0.148 0.024 0.034 0.04 0.015 0.028 0.043 0.006 0.02 0.223
45 R 0.059 0.112 0.04 0.064 0.01 0.042 0.103 0.04 0.027 0.028 0.046 0.101 0.015 0.039 0.023 0.083 0.043 0.01 0.079 0.036
46 G 0.077 0.022 0.038 0.033 0.011 0.019 0.025 0.52 0.013 0.019 0.028 0.033 0.009 0.016 0.019 0.05 0.029 0.005 0.011 0.024
47 W 0.034 0.024 0.018 0.017 0.009 0.017 0.024 0.027 0.028 0.041 0.07 0.025 0.018 0.155 0.011 0.026 0.025 0.215 0.177 0.041
48 L 0.04 0.02 0.015 0.016 0.014 0.013 0.019 0.022 0.012 0.127 0.233 0.022 0.037 0.19 0.013 0.024 0.031 0.011 0.048 0.094
49 Y 0.04 0.032 0.114 0.037 0.009 0.025 0.034 0.036 0.041 0.037 0.056 0.037 0.016 0.095 0.017 0.042 0.034 0.021 0.236 0.04
50 P 0.056 0.025 0.023 0.03 0.01 0.02 0.035 0.035 0.013 0.025 0.035 0.04 0.01 0.013 0.503 0.043 0.035 0.003 0.013 0.03
51 A 0.163 0.028 0.025 0.026 0.019 0.022 0.033 0.049 0.012 0.092 0.087 0.037 0.023 0.027 0.024 0.064 0.091 0.005 0.018 0.154
52 N 0.042 0.044 0.33 0.081 0.009 0.033 0.048 0.064 0.031 0.022 0.031 0.053 0.011 0.018 0.02 0.068 0.048 0.004 0.015 0.026
53 I 0.051 0.021 0.02 0.021 0.016 0.016 0.022 0.025 0.01 0.239 0.144 0.027 0.033 0.039 0.017 0.038 0.083 0.006 0.02 0.153
54 H 0.043 0.034 0.037 0.029 0.011 0.028 0.038 0.031 0.224 0.128 0.088 0.036 0.023 0.035 0.017 0.035 0.031 0.007 0.042 0.083
55 D 0.04 0.029 0.068 0.409 0.007 0.029 0.09 0.046 0.018 0.022 0.027 0.044 0.009 0.015 0.022 0.051 0.035 0.004 0.011 0.024
56 H 0.041 0.045 0.108 0.046 0.008 0.037 0.052 0.043 0.3 0.022 0.036 0.046 0.014 0.027 0.019 0.047 0.031 0.007 0.048 0.023
57 Y 0.04 0.027 0.021 0.018 0.009 0.021 0.027 0.024 0.046 0.043 0.067 0.031 0.018 0.128 0.015 0.031 0.027 0.027 0.331 0.046
58 I 0.055 0.019 0.015 0.017 0.017 0.014 0.02 0.022 0.008 0.236 0.15 0.024 0.034 0.04 0.015 0.028 0.043 0.006 0.02 0.217
59 Y 0.04 0.027 0.021 0.018 0.009 0.021 0.027 0.024 0.046 0.043 0.067 0.031 0.018 0.128 0.015 0.031 0.027 0.027 0.331 0.046
60 L 0.048 0.024 0.016 0.016 0.015 0.017 0.022 0.022 0.017 0.109 0.272 0.026 0.039 0.065 0.015 0.027 0.035 0.011 0.083 0.122
61 D 0.058 0.104 0.106 0.131 0.01 0.041 0.11 0.048 0.023 0.024 0.036 0.068 0.013 0.017 0.023 0.091 0.047 0.005 0.015 0.03
62 N 0.043 0.038 0.149 0.058 0.009 0.034 0.092 0.042 0.036 0.03 0.046 0.048 0.014 0.062 0.019 0.05 0.038 0.014 0.142 0.035
63 Y 0.095 0.024 0.019 0.02 0.014 0.019 0.026 0.033 0.025 0.14 0.104 0.03 0.025 0.073 0.018 0.039 0.036 0.014 0.144 0.101
64 E 0.049 0.042 0.094 0.088 0.009 0.046 0.189 0.038 0.023 0.04 0.105 0.058 0.019 0.024 0.022 0.051 0.038 0.005 0.017 0.042
65 D 0.056 0.051 0.133 0.166 0.01 0.037 0.079 0.053 0.023 0.024 0.034 0.099 0.012 0.017 0.024 0.087 0.047 0.004 0.015 0.029
66 I 0.043 0.019 0.015 0.017 0.015 0.013 0.018 0.021 0.01 0.212 0.191 0.023 0.036 0.116 0.014 0.024 0.035 0.008 0.034 0.136
67 K 0.063 0.068 0.048 0.123 0.01 0.045 0.106 0.046 0.02 0.026 0.038 0.162 0.014 0.016 0.026 0.089 0.046 0.005 0.016 0.032
68 N 0.055 0.107 0.159 0.073 0.011 0.035 0.05 0.051 0.023 0.029 0.042 0.076 0.014 0.019 0.023 0.083 0.09 0.005 0.016 0.037
69 G 0.077 0.029 0.038 0.034 0.014 0.023 0.033 0.235 0.014 0.045 0.108 0.038 0.02 0.026 0.022 0.097 0.077 0.006 0.016 0.049
70 G 0.065 0.034 0.095 0.054 0.012 0.032 0.091 0.141 0.019 0.075 0.06 0.047 0.017 0.023 0.021 0.086 0.047 0.005 0.016 0.059
71 D 0.041 0.03 0.069 0.398 0.007 0.03 0.091 0.047 0.019 0.022 0.028 0.045 0.009 0.015 0.022 0.052 0.035 0.004 0.011 0.024
72 W 0.03 0.023 0.015 0.015 0.008 0.015 0.023 0.03 0.015 0.03 0.053 0.023 0.015 0.061 0.008 0.023 0.023 0.493 0.068 0.03
73 I 0.055 0.026 0.021 0.035 0.015 0.027 0.091 0.025 0.013 0.184 0.123 0.037 0.029 0.034 0.018 0.034 0.041 0.006 0.019 0.167
74 N 0.051 0.04 0.221 0.139 0.01 0.032 0.056 0.058 0.025 0.026 0.035 0.05 0.012 0.018 0.022 0.084 0.07 0.004 0.015 0.032
75 L 0.042 0.021 0.015 0.016 0.015 0.014 0.019 0.022 0.011 0.135 0.274 0.023 0.04 0.138 0.013 0.024 0.032 0.009 0.038 0.1
76 D 0.082 0.028 0.039 0.124 0.014 0.023 0.047 0.044 0.016 0.059 0.071 0.037 0.019 0.116 0.021 0.09 0.047 0.008 0.034 0.082
77 G 0.077 0.022 0.038 0.033 0.011 0.019 0.025 0.52 0.013 0.019 0.028 0.033 0.009 0.016 0.019 0.05 0.029 0.005 0.011 0.024
78 L 0.047 0.021 0.015 0.016 0.015 0.014 0.02 0.022 0.011 0.147 0.236 0.023 0.038 0.117 0.014 0.026 0.036 0.008 0.034 0.14
79 N 0.042 0.045 0.322 0.082 0.009 0.033 0.049 0.065 0.031 0.022 0.031 0.053 0.011 0.018 0.02 0.069 0.049 0.004 0.016 0.027
80 N 0.042 0.044 0.33 0.081 0.009 0.033 0.048 0.064 0.031 0.022 0.031 0.053 0.011 0.018 0.02 0.068 0.048 0.004 0.015 0.026
81 N 0.042 0.044 0.33 0.081 0.009 0.033 0.048 0.064 0.031 0.022 0.031 0.053 0.011 0.018 0.02 0.068 0.048 0.004 0.015 0.026
82 L 0.04 0.019 0.015 0.017 0.014 0.013 0.018 0.022 0.012 0.162 0.188 0.022 0.034 0.188 0.013 0.025 0.032 0.01 0.047 0.11
83 G 0.077 0.022 0.038 0.033 0.011 0.019 0.025 0.52 0.013 0.019 0.028 0.033 0.009 0.016 0.019 0.05 0.029 0.005 0.011 0.024
84 I 0.046 0.017 0.014 0.017 0.016 0.013 0.017 0.02 0.009 0.285 0.165 0.023 0.036 0.043 0.014 0.025 0.039 0.006 0.02 0.173
85 A 0.226 0.034 0.036 0.037 0.02 0.028 0.044 0.072 0.016 0.037 0.051 0.047 0.016 0.021 0.029 0.144 0.062 0.005 0.017 0.057
86 L 0.043 0.02 0.015 0.016 0.015 0.014 0.019 0.021 0.011 0.172 0.243 0.023 0.039 0.119 0.013 0.024 0.034 0.008 0.034 0.118
87 L 0.051 0.02 0.015 0.017 0.017 0.015 0.019 0.021 0.009 0.203 0.222 0.024 0.039 0.044 0.015 0.026 0.039 0.006 0.021 0.177
88 Y 0.04 0.027 0.021 0.018 0.009 0.021 0.027 0.024 0.046 0.043 0.067 0.031 0.018 0.128 0.015 0.031 0.027 0.027 0.331 0.046
89 Y 0.053 0.03 0.028 0.024 0.011 0.024 0.032 0.033 0.04 0.04 0.062 0.035 0.018 0.107 0.018 0.072 0.038 0.023 0.268 0.045
90 L 0.058 0.025 0.024 0.023 0.062 0.019 0.027 0.032 0.019 0.101 0.148 0.03 0.028 0.091 0.017 0.07 0.042 0.011 0.088 0.086
91 L 0.042 0.023 0.017 0.017 0.013 0.017 0.022 0.022 0.024 0.143 0.168 0.026 0.031 0.097 0.014 0.027 0.032 0.015 0.148 0.101
92 F 0.044 0.031 0.048 0.03 0.01 0.023 0.035 0.035 0.14 0.043 0.075 0.033 0.02 0.213 0.016 0.054 0.032 0.012 0.066 0.04
93 G 0.067 0.043 0.081 0.055 0.011 0.074 0.105 0.182 0.022 0.024 0.037 0.058 0.014 0.017 0.023 0.081 0.054 0.005 0.016 0.032
94 F 0.04 0.019 0.015 0.017 0.013 0.012 0.019 0.023 0.013 0.141 0.174 0.021 0.032 0.223 0.012 0.025 0.031 0.011 0.054 0.104
95 L 0.042 0.021 0.015 0.016 0.015 0.014 0.019 0.022 0.011 0.137 0.288 0.023 0.041 0.121 0.013 0.024 0.032 0.009 0.035 0.102
96 E 0.056 0.038 0.063 0.059 0.01 0.041 0.157 0.084 0.027 0.04 0.05 0.053 0.015 0.041 0.021 0.057 0.038 0.01 0.079 0.058
97 L 0.06 0.025 0.018 0.018 0.11 0.027 0.025 0.028 0.018 0.083 0.2 0.029 0.031 0.075 0.016 0.033 0.033 0.011 0.085 0.075
98 L 0.044 0.023 0.016 0.017 0.015 0.017 0.02 0.023 0.012 0.154 0.24 0.025 0.067 0.101 0.014 0.027 0.035 0.008 0.031 0.111
99 G 0.073 0.024 0.054 0.054 0.01 0.02 0.029 0.473 0.014 0.019 0.028 0.035 0.009 0.016 0.019 0.051 0.03 0.005 0.011 0.024
100 L 0.04 0.019 0.015 0.016 0.014 0.013 0.018 0.022 0.012 0.153 0.199 0.022 0.035 0.188 0.013 0.024 0.032 0.01 0.047 0.106
101 D 0.047 0.032 0.083 0.268 0.009 0.031 0.095 0.044 0.019 0.058 0.048 0.046 0.014 0.019 0.022 0.062 0.04 0.004 0.014 0.046
102 I 0.05 0.02 0.015 0.017 0.016 0.014 0.019 0.021 0.009 0.217 0.213 0.024 0.038 0.044 0.015 0.026 0.039 0.006 0.021 0.176
103 K 0.111 0.06 0.049 0.037 0.014 0.035 0.049 0.049 0.017 0.082 0.069 0.141 0.02 0.023 0.025 0.081 0.048 0.005 0.018 0.068
104 P 0.046 0.027 0.022 0.023 0.01 0.021 0.031 0.029 0.033 0.036 0.054 0.035 0.015 0.082 0.211 0.036 0.031 0.017 0.204 0.04
105 E 0.051 0.045 0.045 0.153 0.007 0.056 0.266 0.037 0.024 0.022 0.034 0.068 0.012 0.016 0.025 0.054 0.036 0.005 0.015 0.029
106 V 0.081 0.058 0.026 0.026 0.017 0.026 0.035 0.035 0.012 0.11 0.096 0.072 0.025 0.028 0.02 0.061 0.06 0.005 0.019 0.187
107 L 0.095 0.025 0.016 0.018 0.017 0.018 0.024 0.032 0.011 0.097 0.313 0.028 0.042 0.059 0.017 0.036 0.036 0.007 0.023 0.088
108 S 0.159 0.036 0.043 0.04 0.018 0.029 0.045 0.064 0.016 0.038 0.051 0.049 0.017 0.021 0.029 0.161 0.107 0.005 0.017 0.055
109 L 0.044 0.024 0.014 0.015 0.016 0.016 0.02 0.021 0.01 0.113 0.388 0.025 0.049 0.054 0.014 0.024 0.033 0.007 0.022 0.094
110 I 0.048 0.019 0.015 0.017 0.015 0.014 0.02 0.023 0.01 0.203 0.133 0.024 0.031 0.044 0.013 0.026 0.038 0.105 0.03 0.172
111 L 0.053 0.021 0.015 0.016 0.017 0.015 0.02 0.022 0.009 0.173 0.241 0.025 0.039 0.045 0.015 0.027 0.04 0.006 0.021 0.18
112 N 0.042 0.044 0.33 0.081 0.009 0.033 0.048 0.064 0.031 0.022 0.031 0.053 0.011 0.018 0.02 0.068 0.048 0.004 0.015 0.026
113 L 0.048 0.022 0.014 0.015 0.111 0.015 0.019 0.023 0.01 0.099 0.323 0.024 0.042 0.047 0.014 0.027 0.033 0.006 0.02 0.087
114 F 0.089 0.021 0.018 0.019 0.037 0.014 0.023 0.035 0.015 0.068 0.101 0.024 0.023 0.287 0.015 0.037 0.031 0.013 0.066 0.063
115 V 0.056 0.02 0.015 0.017 0.017 0.015 0.02 0.022 0.009 0.195 0.193 0.025 0.036 0.042 0.015 0.028 0.042 0.006 0.021 0.207
116 L 0.04 0.021 0.015 0.016 0.014 0.014 0.019 0.023 0.013 0.126 0.223 0.023 0.043 0.189 0.013 0.025 0.031 0.011 0.048 0.094
117 L 0.039 0.022 0.016 0.016 0.013 0.014 0.02 0.023 0.014 0.087 0.24 0.022 0.043 0.226 0.012 0.025 0.029 0.012 0.055 0.074
118 L 0.147 0.027 0.02 0.021 0.017 0.02 0.029 0.044 0.017 0.074 0.208 0.033 0.031 0.052 0.02 0.049 0.038 0.009 0.066 0.076
119 C 0.081 0.02 0.02 0.02 0.304 0.016 0.022 0.036 0.009 0.072 0.077 0.026 0.02 0.024 0.018 0.06 0.044 0.005 0.015 0.112
120 F 0.038 0.021 0.016 0.016 0.013 0.013 0.019 0.024 0.014 0.082 0.213 0.022 0.041 0.26 0.012 0.025 0.028 0.013 0.061 0.07
121 I 0.059 0.065 0.027 0.027 0.015 0.024 0.033 0.033 0.013 0.182 0.116 0.065 0.028 0.033 0.019 0.071 0.047 0.006 0.019 0.118
122 S 0.102 0.034 0.041 0.038 0.018 0.027 0.042 0.053 0.015 0.078 0.07 0.045 0.02 0.025 0.026 0.162 0.088 0.005 0.018 0.095
123 F 0.037 0.024 0.019 0.018 0.01 0.017 0.024 0.025 0.034 0.051 0.085 0.026 0.021 0.237 0.013 0.028 0.026 0.023 0.234 0.049
124 K 0.074 0.074 0.037 0.037 0.012 0.04 0.055 0.043 0.017 0.08 0.067 0.19 0.02 0.022 0.025 0.076 0.046 0.005 0.018 0.063
125 R 0.055 0.18 0.098 0.045 0.01 0.042 0.053 0.045 0.024 0.025 0.042 0.126 0.015 0.023 0.022 0.078 0.045 0.006 0.032 0.032
126 I 0.046 0.017 0.014 0.017 0.016 0.013 0.017 0.02 0.009 0.285 0.165 0.023 0.036 0.043 0.014 0.025 0.039 0.006 0.02 0.173
127 V 0.069 0.02 0.016 0.018 0.018 0.015 0.021 0.025 0.008 0.201 0.138 0.025 0.032 0.037 0.016 0.031 0.045 0.006 0.02 0.238
128 K 0.049 0.126 0.032 0.031 0.01 0.039 0.049 0.033 0.022 0.08 0.071 0.164 0.02 0.038 0.021 0.042 0.036 0.009 0.065 0.062
129 L 0.05 0.068 0.049 0.033 0.011 0.037 0.048 0.035 0.017 0.061 0.18 0.169 0.028 0.031 0.021 0.042 0.037 0.006 0.019 0.057
130 L 0.041 0.023 0.015 0.015 0.015 0.015 0.02 0.022 0.012 0.1 0.319 0.023 0.043 0.14 0.013 0.024 0.031 0.009 0.038 0.084
131 G 0.069 0.03 0.102 0.044 0.01 0.023 0.032 0.405 0.017 0.02 0.029 0.046 0.01 0.016 0.019 0.054 0.034 0.005 0.012 0.025
132 L 0.044 0.024 0.014 0.015 0.016 0.016 0.02 0.021 0.01 0.113 0.388 0.025 0.049 0.054 0.014 0.024 0.033 0.007 0.022 0.094
133 D 0.046 0.028 0.063 0.241 0.009 0.026 0.066 0.043 0.017 0.023 0.031 0.043 0.01 0.014 0.214 0.049 0.036 0.003 0.012 0.027
134 V 0.066 0.025 0.025 0.024 0.014 0.019 0.027 0.128 0.018 0.091 0.097 0.031 0.023 0.048 0.042 0.056 0.042 0.01 0.08 0.134
135 Y 0.068 0.032 0.035 0.031 0.014 0.026 0.037 0.04 0.027 0.048 0.063 0.04 0.019 0.065 0.022 0.1 0.112 0.014 0.143 0.064
136 Y 0.05 0.023 0.018 0.018 0.013 0.017 0.024 0.025 0.025 0.092 0.097 0.026 0.024 0.128 0.015 0.03 0.035 0.041 0.157 0.141
137 T 0.085 0.03 0.036 0.032 0.017 0.023 0.033 0.137 0.013 0.066 0.068 0.039 0.019 0.024 0.023 0.078 0.153 0.006 0.017 0.102
138 W 0.036 0.022 0.015 0.015 0.011 0.014 0.021 0.025 0.013 0.07 0.198 0.023 0.03 0.125 0.011 0.023 0.027 0.207 0.053 0.06
139 L 0.069 0.032 0.034 0.031 0.017 0.024 0.034 0.039 0.013 0.071 0.188 0.039 0.03 0.035 0.022 0.1 0.125 0.006 0.019 0.072
140 F 0.033 0.019 0.017 0.017 0.01 0.01 0.019 0.025 0.017 0.062 0.112 0.019 0.025 0.399 0.01 0.025 0.025 0.017 0.087 0.054
141 F 0.044 0.019 0.016 0.017 0.013 0.012 0.02 0.024 0.013 0.118 0.123 0.021 0.028 0.254 0.012 0.027 0.033 0.012 0.06 0.131
142 F 0.039 0.021 0.016 0.016 0.013 0.013 0.019 0.023 0.014 0.085 0.209 0.021 0.034 0.26 0.012 0.025 0.029 0.013 0.061 0.08
143 N 0.044 0.034 0.143 0.044 0.012 0.026 0.034 0.042 0.022 0.061 0.112 0.039 0.08 0.106 0.016 0.046 0.04 0.008 0.033 0.058
144 S 0.086 0.033 0.042 0.038 0.113 0.027 0.04 0.051 0.015 0.04 0.054 0.043 0.017 0.021 0.026 0.146 0.135 0.005 0.016 0.054
145 S 0.097 0.037 0.047 0.044 0.016 0.03 0.048 0.059 0.018 0.028 0.04 0.051 0.014 0.019 0.124 0.197 0.071 0.005 0.016 0.039
146 L 0.039 0.022 0.015 0.016 0.014 0.014 0.019 0.022 0.013 0.093 0.277 0.022 0.039 0.192 0.013 0.024 0.03 0.011 0.048 0.078
147 W 0.045 0.021 0.015 0.016 0.013 0.015 0.021 0.025 0.011 0.143 0.121 0.023 0.027 0.048 0.012 0.026 0.034 0.204 0.039 0.139
148 Y 0.04 0.027 0.021 0.018 0.009 0.021 0.027 0.024 0.046 0.043 0.067 0.031 0.018 0.128 0.015 0.031 0.027 0.027 0.331 0.046
149 F 0.033 0.019 0.017 0.017 0.01 0.01 0.019 0.025 0.017 0.062 0.112 0.019 0.025 0.399 0.01 0.025 0.025 0.017 0.087 0.054
150 A 0.265 0.032 0.031 0.033 0.02 0.027 0.042 0.074 0.015 0.04 0.055 0.046 0.017 0.021 0.029 0.114 0.055 0.005 0.017 0.062
151 Q 0.055 0.072 0.043 0.046 0.009 0.23 0.101 0.04 0.029 0.026 0.046 0.089 0.02 0.014 0.023 0.055 0.04 0.006 0.02 0.035
152 L 0.044 0.024 0.014 0.015 0.016 0.016 0.02 0.021 0.01 0.113 0.388 0.025 0.049 0.054 0.014 0.024 0.033 0.007 0.022 0.094
153 I 0.047 0.02 0.015 0.018 0.016 0.016 0.019 0.022 0.01 0.248 0.17 0.026 0.064 0.044 0.015 0.027 0.039 0.006 0.021 0.157
154 N 0.042 0.044 0.33 0.081 0.009 0.033 0.048 0.064 0.031 0.022 0.031 0.053 0.011 0.018 0.02 0.068 0.048 0.004 0.015 0.026
155 K 0.056 0.105 0.041 0.041 0.008 0.052 0.069 0.042 0.02 0.027 0.042 0.292 0.015 0.015 0.027 0.052 0.039 0.005 0.017 0.032
156 D 0.04 0.029 0.068 0.409 0.007 0.029 0.09 0.046 0.018 0.022 0.027 0.044 0.009 0.015 0.022 0.051 0.035 0.004 0.011 0.024
157 V 0.08 0.028 0.031 0.03 0.018 0.022 0.033 0.04 0.012 0.133 0.1 0.036 0.026 0.031 0.021 0.112 0.059 0.005 0.019 0.164
158 F 0.033 0.019 0.017 0.017 0.01 0.01 0.019 0.025 0.017 0.062 0.112 0.019 0.025 0.399 0.01 0.025 0.025 0.017 0.087 0.054
159 T 0.072 0.035 0.043 0.037 0.017 0.027 0.039 0.043 0.014 0.052 0.064 0.045 0.019 0.023 0.027 0.091 0.261 0.006 0.017 0.07
160 I 0.046 0.017 0.014 0.017 0.016 0.013 0.017 0.02 0.009 0.285 0.165 0.023 0.036 0.043 0.014 0.025 0.039 0.006 0.02 0.173
161 F 0.037 0.021 0.016 0.016 0.013 0.013 0.019 0.023 0.014 0.083 0.222 0.021 0.034 0.261 0.012 0.024 0.028 0.013 0.061 0.07
162 I 0.046 0.017 0.014 0.017 0.016 0.013 0.017 0.02 0.009 0.285 0.165 0.023 0.036 0.043 0.014 0.025 0.039 0.006 0.02 0.173
163 L 0.049 0.02 0.015 0.017 0.016 0.014 0.019 0.022 0.01 0.175 0.189 0.023 0.035 0.114 0.014 0.026 0.037 0.008 0.034 0.161
164 L 0.039 0.022 0.015 0.016 0.014 0.014 0.019 0.022 0.013 0.093 0.277 0.022 0.039 0.192 0.013 0.024 0.03 0.011 0.048 0.078
165 K 0.053 0.089 0.035 0.036 0.01 0.045 0.059 0.038 0.018 0.044 0.111 0.239 0.022 0.023 0.024 0.047 0.038 0.005 0.018 0.045
166 A 0.145 0.025 0.025 0.026 0.017 0.02 0.029 0.142 0.012 0.1 0.138 0.034 0.026 0.031 0.021 0.061 0.041 0.006 0.017 0.084
167 I 0.056 0.019 0.015 0.017 0.017 0.014 0.02 0.022 0.008 0.23 0.148 0.024 0.034 0.04 0.015 0.028 0.043 0.006 0.02 0.223
168 E 0.056 0.054 0.055 0.081 0.008 0.059 0.26 0.038 0.025 0.023 0.037 0.094 0.013 0.016 0.025 0.064 0.039 0.005 0.016 0.031
169 Y 0.039 0.024 0.018 0.017 0.011 0.017 0.023 0.024 0.03 0.063 0.145 0.026 0.026 0.195 0.014 0.028 0.028 0.02 0.196 0.058
170 A 0.226 0.034 0.036 0.037 0.02 0.028 0.044 0.072 0.016 0.037 0.051 0.047 0.016 0.021 0.029 0.144 0.062 0.005 0.017 0.057
171 L 0.053 0.04 0.021 0.022 0.015 0.025 0.032 0.027 0.013 0.12 0.205 0.08 0.063 0.04 0.017 0.034 0.039 0.006 0.021 0.127
172 A 0.104 0.049 0.094 0.064 0.012 0.034 0.062 0.052 0.026 0.032 0.047 0.095 0.015 0.04 0.024 0.076 0.044 0.009 0.079 0.041
173 K 0.056 0.072 0.113 0.05 0.009 0.05 0.057 0.143 0.022 0.024 0.037 0.17 0.013 0.016 0.023 0.056 0.039 0.005 0.015 0.029
174 K 0.048 0.115 0.101 0.047 0.008 0.063 0.062 0.044 0.093 0.024 0.04 0.148 0.015 0.019 0.022 0.052 0.038 0.006 0.025 0.029
175 W 0.044 0.057 0.026 0.026 0.01 0.032 0.042 0.034 0.017 0.042 0.076 0.133 0.047 0.039 0.017 0.037 0.032 0.205 0.038 0.043
176 R 0.06 0.132 0.031 0.029 0.011 0.037 0.045 0.058 0.018 0.083 0.093 0.131 0.051 0.027 0.02 0.043 0.038 0.006 0.019 0.068
177 S 0.086 0.039 0.105 0.052 0.014 0.04 0.048 0.154 0.021 0.025 0.037 0.051 0.014 0.019 0.025 0.156 0.062 0.005 0.016 0.034
178 F 0.044 0.021 0.017 0.017 0.013 0.014 0.021 0.024 0.019 0.123 0.117 0.023 0.027 0.201 0.013 0.027 0.033 0.014 0.109 0.122
179 F 0.037 0.019 0.016 0.017 0.012 0.011 0.018 0.024 0.014 0.12 0.139 0.02 0.029 0.293 0.012 0.025 0.029 0.013 0.067 0.086
180 L 0.101 0.023 0.017 0.019 0.018 0.017 0.024 0.033 0.01 0.143 0.225 0.028 0.036 0.041 0.018 0.038 0.04 0.006 0.02 0.143
181 L 0.045 0.021 0.014 0.016 0.016 0.015 0.019 0.021 0.009 0.182 0.298 0.024 0.044 0.05 0.014 0.024 0.035 0.006 0.021 0.126
182 F 0.097 0.023 0.022 0.022 0.015 0.017 0.026 0.037 0.014 0.106 0.105 0.029 0.025 0.178 0.018 0.047 0.069 0.01 0.046 0.094
183 L 0.057 0.022 0.019 0.019 0.016 0.016 0.021 0.121 0.01 0.123 0.228 0.026 0.035 0.04 0.015 0.031 0.037 0.006 0.019 0.135
184 L 0.041 0.022 0.015 0.016 0.014 0.014 0.019 0.023 0.012 0.095 0.264 0.022 0.038 0.191 0.013 0.025 0.03 0.011 0.048 0.088
185 S 0.108 0.039 0.053 0.048 0.017 0.033 0.051 0.065 0.019 0.029 0.041 0.053 0.015 0.02 0.029 0.235 0.08 0.005 0.017 0.041
186 V 0.082 0.024 0.018 0.019 0.017 0.019 0.025 0.03 0.012 0.129 0.137 0.029 0.066 0.086 0.016 0.037 0.042 0.008 0.03 0.176
187 F 0.039 0.023 0.017 0.017 0.013 0.016 0.021 0.025 0.015 0.079 0.174 0.024 0.066 0.259 0.012 0.027 0.03 0.013 0.061 0.069
188 I 0.051 0.018 0.015 0.017 0.016 0.014 0.018 0.021 0.009 0.261 0.157 0.024 0.035 0.042 0.015 0.026 0.041 0.006 0.02 0.195
189 R 0.044 0.358 0.038 0.03 0.008 0.047 0.051 0.032 0.023 0.023 0.046 0.118 0.015 0.017 0.019 0.044 0.034 0.006 0.017 0.03
190 F 0.045 0.019 0.016 0.017 0.014 0.013 0.019 0.023 0.012 0.171 0.136 0.022 0.031 0.184 0.013 0.026 0.035 0.01 0.047 0.148
191 Q 0.055 0.072 0.043 0.046 0.009 0.23 0.101 0.04 0.029 0.026 0.046 0.089 0.02 0.014 0.023 0.055 0.04 0.006 0.02 0.035
192 L 0.044 0.023 0.014 0.015 0.016 0.015 0.019 0.021 0.01 0.148 0.343 0.024 0.046 0.052 0.014 0.024 0.034 0.007 0.022 0.11
193 P 0.056 0.025 0.023 0.03 0.01 0.02 0.035 0.035 0.013 0.025 0.035 0.04 0.01 0.013 0.503 0.043 0.035 0.003 0.013 0.03
194 A 0.257 0.029 0.023 0.027 0.021 0.023 0.036 0.066 0.013 0.066 0.072 0.04 0.02 0.024 0.027 0.073 0.049 0.005 0.018 0.111
195 L 0.042 0.021 0.015 0.016 0.015 0.014 0.019 0.022 0.011 0.137 0.288 0.023 0.041 0.121 0.013 0.024 0.032 0.009 0.035 0.102
196 L 0.043 0.02 0.015 0.016 0.015 0.014 0.019 0.021 0.011 0.172 0.243 0.023 0.039 0.119 0.013 0.024 0.034 0.008 0.034 0.118
197 L 0.053 0.022 0.015 0.016 0.112 0.015 0.02 0.024 0.009 0.109 0.271 0.024 0.039 0.043 0.015 0.029 0.037 0.006 0.02 0.124
198 L 0.059 0.022 0.015 0.016 0.018 0.016 0.022 0.023 0.009 0.142 0.232 0.025 0.038 0.042 0.015 0.029 0.042 0.006 0.021 0.208
199 Y 0.04 0.027 0.02 0.018 0.01 0.02 0.026 0.024 0.039 0.057 0.131 0.029 0.024 0.113 0.015 0.029 0.029 0.023 0.269 0.055
200 L 0.102 0.025 0.021 0.021 0.016 0.018 0.025 0.132 0.012 0.078 0.236 0.03 0.033 0.057 0.018 0.041 0.035 0.007 0.022 0.073
201 F 0.033 0.019 0.017 0.017 0.01 0.01 0.019 0.025 0.017 0.062 0.112 0.019 0.025 0.399 0.01 0.025 0.025 0.017 0.087 0.054
202 F 0.039 0.02 0.015 0.016 0.013 0.012 0.019 0.023 0.013 0.12 0.196 0.021 0.033 0.236 0.012 0.025 0.03 0.012 0.056 0.089
203 I 0.064 0.023 0.023 0.023 0.017 0.018 0.026 0.03 0.011 0.203 0.131 0.03 0.031 0.037 0.018 0.069 0.05 0.006 0.02 0.174
204 Y 0.042 0.028 0.025 0.022 0.011 0.021 0.029 0.027 0.097 0.079 0.086 0.03 0.022 0.145 0.015 0.031 0.03 0.017 0.165 0.079
205 G 0.059 0.094 0.036 0.031 0.013 0.026 0.034 0.132 0.016 0.042 0.063 0.052 0.018 0.096 0.02 0.06 0.122 0.008 0.03 0.049
206 K 0.057 0.107 0.042 0.042 0.009 0.054 0.071 0.043 0.021 0.028 0.043 0.276 0.016 0.016 0.028 0.054 0.04 0.005 0.017 0.033
207 T 0.06 0.062 0.066 0.049 0.012 0.1 0.088 0.043 0.022 0.035 0.05 0.103 0.018 0.018 0.025 0.068 0.111 0.006 0.018 0.045
208 K 0.055 0.091 0.055 0.052 0.008 0.054 0.117 0.042 0.022 0.026 0.041 0.237 0.014 0.016 0.026 0.054 0.039 0.005 0.017 0.032
209 P 0.054 0.083 0.048 0.038 0.009 0.038 0.054 0.04 0.018 0.026 0.039 0.171 0.013 0.014 0.217 0.049 0.038 0.004 0.015 0.031
210 H 0.062 0.044 0.052 0.039 0.012 0.07 0.054 0.043 0.096 0.034 0.05 0.053 0.017 0.043 0.022 0.09 0.08 0.01 0.088 0.041
211 L 0.051 0.024 0.02 0.02 0.016 0.017 0.023 0.025 0.01 0.155 0.243 0.028 0.038 0.044 0.017 0.038 0.081 0.006 0.02 0.122
212 L 0.048 0.054 0.026 0.026 0.012 0.029 0.04 0.031 0.016 0.068 0.141 0.13 0.026 0.14 0.018 0.036 0.034 0.009 0.039 0.076
213 N 0.043 0.115 0.151 0.05 0.008 0.036 0.048 0.046 0.024 0.025 0.04 0.108 0.013 0.025 0.019 0.051 0.038 0.104 0.026 0.029
214 L 0.04 0.02 0.015 0.016 0.014 0.013 0.019 0.022 0.012 0.127 0.233 0.022 0.037 0.19 0.013 0.024 0.031 0.011 0.048 0.094
215 L 0.1 0.024 0.023 0.023 0.032 0.018 0.027 0.038 0.013 0.113 0.13 0.031 0.027 0.118 0.019 0.05 0.081 0.008 0.035 0.092
216 G 0.115 0.022 0.022 0.023 0.039 0.017 0.025 0.136 0.013 0.115 0.095 0.029 0.023 0.102 0.018 0.045 0.037 0.008 0.03 0.087
217 A 0.142 0.028 0.027 0.027 0.019 0.022 0.032 0.046 0.012 0.103 0.09 0.037 0.024 0.028 0.023 0.065 0.111 0.006 0.018 0.14
218 Y 0.04 0.027 0.021 0.018 0.009 0.021 0.027 0.024 0.046 0.043 0.067 0.031 0.018 0.128 0.015 0.031 0.027 0.027 0.331 0.046
219 L 0.057 0.023 0.02 0.021 0.017 0.017 0.024 0.026 0.01 0.167 0.178 0.028 0.034 0.039 0.017 0.04 0.085 0.006 0.02 0.17
220 L 0.075 0.021 0.016 0.018 0.015 0.014 0.021 0.03 0.013 0.129 0.192 0.025 0.033 0.168 0.015 0.032 0.034 0.01 0.044 0.096
221 L 0.043 0.02 0.015 0.016 0.015 0.014 0.019 0.021 0.011 0.172 0.243 0.023 0.039 0.119 0.013 0.024 0.034 0.008 0.034 0.118
222 S 0.147 0.038 0.047 0.044 0.018 0.031 0.049 0.067 0.018 0.032 0.045 0.051 0.016 0.021 0.029 0.205 0.074 0.005 0.017 0.046
223 L 0.044 0.023 0.014 0.015 0.016 0.015 0.019 0.021 0.01 0.148 0.343 0.024 0.046 0.052 0.014 0.024 0.034 0.007 0.022 0.11
224 F 0.06 0.02 0.017 0.018 0.015 0.014 0.021 0.026 0.012 0.144 0.13 0.024 0.036 0.183 0.014 0.03 0.036 0.01 0.047 0.144
225 N 0.042 0.044 0.33 0.081 0.009 0.033 0.048 0.064 0.031 0.022 0.031 0.053 0.011 0.018 0.02 0.068 0.048 0.004 0.015 0.026
226 G 0.077 0.022 0.038 0.033 0.011 0.019 0.025 0.52 0.013 0.019 0.028 0.033 0.009 0.016 0.019 0.05 0.029 0.005 0.011 0.024
227 F 0.042 0.023 0.018 0.017 0.011 0.016 0.023 0.024 0.027 0.08 0.099 0.025 0.024 0.218 0.013 0.028 0.03 0.019 0.171 0.091
228 L 0.043 0.02 0.015 0.016 0.015 0.014 0.019 0.021 0.011 0.172 0.243 0.023 0.039 0.119 0.013 0.024 0.034 0.008 0.034 0.118
229 A 0.226 0.034 0.036 0.037 0.02 0.028 0.044 0.072 0.016 0.037 0.051 0.047 0.016 0.021 0.029 0.144 0.062 0.005 0.017 0.057
230 K 0.051 0.206 0.04 0.037 0.008 0.05 0.062 0.038 0.021 0.025 0.044 0.222 0.015 0.016 0.024 0.049 0.037 0.005 0.017 0.031
231 Y 0.04 0.027 0.021 0.018 0.009 0.021 0.027 0.024 0.046 0.043 0.067 0.031 0.018 0.128 0.015 0.031 0.027 0.027 0.331 0.046
232 Q 0.055 0.072 0.043 0.046 0.009 0.23 0.101 0.04 0.029 0.026 0.046 0.089 0.02 0.014 0.023 0.055 0.04 0.006 0.02 0.035
233 T 0.079 0.032 0.042 0.037 0.016 0.026 0.037 0.141 0.014 0.053 0.057 0.043 0.017 0.022 0.025 0.108 0.168 0.006 0.016 0.06
234 L 0.049 0.033 0.027 0.062 0.012 0.035 0.126 0.028 0.017 0.108 0.163 0.045 0.057 0.035 0.019 0.038 0.037 0.006 0.019 0.084
235 F 0.036 0.018 0.016 0.017 0.011 0.011 0.018 0.024 0.015 0.107 0.122 0.02 0.027 0.328 0.011 0.025 0.028 0.014 0.074 0.078
236 I 0.041 0.018 0.015 0.017 0.014 0.012 0.018 0.022 0.012 0.196 0.144 0.021 0.032 0.186 0.013 0.025 0.033 0.01 0.047 0.126
237 G 0.065 0.036 0.15 0.129 0.011 0.029 0.053 0.152 0.022 0.023 0.032 0.047 0.011 0.017 0.022 0.103 0.05 0.005 0.014 0.029
238 E 0.054 0.053 0.04 0.08 0.008 0.097 0.268 0.036 0.026 0.023 0.038 0.077 0.014 0.016 0.025 0.054 0.037 0.005 0.017 0.031
239 S 0.086 0.043 0.048 0.064 0.013 0.045 0.155 0.053 0.021 0.026 0.039 0.061 0.014 0.019 0.028 0.163 0.063 0.005 0.017 0.037
240 T 0.072 0.035 0.043 0.037 0.017 0.027 0.039 0.043 0.014 0.052 0.064 0.045 0.019 0.023 0.027 0.091 0.261 0.006 0.017 0.07
241 L 0.044 0.024 0.014 0.015 0.016 0.016 0.02 0.021 0.01 0.113 0.388 0.025 0.049 0.054 0.014 0.024 0.033 0.007 0.022 0.094
242 S 0.147 0.038 0.047 0.044 0.018 0.031 0.049 0.067 0.018 0.032 0.045 0.051 0.016 0.021 0.029 0.205 0.074 0.005 0.017 0.046
243 D 0.04 0.029 0.066 0.396 0.007 0.029 0.088 0.045 0.019 0.023 0.029 0.043 0.009 0.018 0.022 0.05 0.034 0.004 0.022 0.025
244 G 0.077 0.022 0.038 0.033 0.011 0.019 0.025 0.52 0.013 0.019 0.028 0.033 0.009 0.016 0.019 0.05 0.029 0.005 0.011 0.024
245 L 0.043 0.024 0.016 0.016 0.015 0.017 0.021 0.023 0.012 0.1 0.294 0.026 0.07 0.121 0.014 0.026 0.033 0.009 0.035 0.085
246 S 0.108 0.039 0.053 0.048 0.017 0.033 0.051 0.065 0.019 0.029 0.041 0.053 0.015 0.02 0.029 0.235 0.08 0.005 0.017 0.041
247 Y 0.106 0.03 0.028 0.026 0.013 0.024 0.035 0.043 0.034 0.04 0.06 0.038 0.018 0.085 0.021 0.082 0.042 0.019 0.206 0.049
248 L 0.038 0.024 0.016 0.016 0.012 0.016 0.022 0.024 0.02 0.071 0.192 0.025 0.038 0.138 0.012 0.026 0.028 0.112 0.106 0.063
249 V 0.066 0.021 0.016 0.017 0.019 0.016 0.022 0.024 0.008 0.174 0.131 0.025 0.031 0.036 0.016 0.031 0.047 0.005 0.02 0.272
250 Y 0.04 0.027 0.021 0.018 0.009 0.021 0.027 0.024 0.046 0.043 0.067 0.031 0.018 0.128 0.015 0.031 0.027 0.027 0.331 0.046
251 S 0.07 0.05 0.057 0.043 0.012 0.109 0.066 0.047 0.029 0.03 0.048 0.063 0.018 0.039 0.023 0.114 0.052 0.01 0.081 0.039
252 L 0.045 0.025 0.015 0.016 0.016 0.018 0.021 0.022 0.011 0.119 0.338 0.027 0.074 0.052 0.014 0.026 0.034 0.007 0.022 0.098
253 N 0.042 0.044 0.33 0.081 0.009 0.033 0.048 0.064 0.031 0.022 0.031 0.053 0.011 0.018 0.02 0.068 0.048 0.004 0.015 0.026
254 L 0.05 0.073 0.021 0.02 0.014 0.022 0.027 0.025 0.019 0.127 0.159 0.041 0.03 0.056 0.016 0.033 0.048 0.01 0.082 0.127
255 N 0.048 0.071 0.2 0.063 0.009 0.042 0.058 0.054 0.026 0.024 0.036 0.161 0.013 0.017 0.023 0.061 0.044 0.005 0.016 0.029
256 Y 0.04 0.027 0.021 0.018 0.009 0.021 0.027 0.024 0.046 0.043 0.067 0.031 0.018 0.128 0.015 0.031 0.027 0.027 0.331 0.046
257 G 0.055 0.025 0.028 0.024 0.01 0.02 0.027 0.223 0.033 0.033 0.051 0.032 0.015 0.083 0.017 0.038 0.028 0.019 0.203 0.037
258 I 0.054 0.019 0.015 0.017 0.017 0.014 0.019 0.022 0.008 0.24 0.151 0.024 0.034 0.04 0.015 0.027 0.042 0.006 0.02 0.214
259 G 0.077 0.022 0.038 0.033 0.011 0.019 0.025 0.52 0.013 0.019 0.028 0.033 0.009 0.016 0.019 0.05 0.029 0.005 0.011 0.024
260 S 0.108 0.039 0.053 0.048 0.017 0.033 0.051 0.065 0.019 0.029 0.041 0.053 0.015 0.02 0.029 0.235 0.08 0.005 0.017 0.041
261 L 0.042 0.021 0.015 0.016 0.015 0.014 0.019 0.022 0.011 0.137 0.288 0.023 0.041 0.121 0.013 0.024 0.032 0.009 0.035 0.102
262 L 0.042 0.021 0.015 0.016 0.015 0.014 0.019 0.022 0.011 0.146 0.277 0.023 0.041 0.12 0.013 0.024 0.033 0.009 0.034 0.106
263 L 0.039 0.022 0.015 0.016 0.014 0.014 0.019 0.022 0.013 0.093 0.277 0.022 0.039 0.192 0.013 0.024 0.03 0.011 0.048 0.078
264 N 0.042 0.044 0.33 0.081 0.009 0.033 0.048 0.064 0.031 0.022 0.031 0.053 0.011 0.018 0.02 0.068 0.048 0.004 0.015 0.026
265 P 0.056 0.025 0.023 0.03 0.01 0.02 0.035 0.035 0.013 0.025 0.035 0.04 0.01 0.013 0.503 0.043 0.035 0.003 0.013 0.03
266 L 0.051 0.022 0.015 0.016 0.017 0.016 0.02 0.022 0.009 0.145 0.287 0.025 0.042 0.047 0.015 0.026 0.038 0.006 0.021 0.159
267 R 0.044 0.358 0.038 0.03 0.008 0.047 0.051 0.032 0.023 0.023 0.046 0.118 0.015 0.017 0.019 0.044 0.034 0.006 0.017 0.03
268 L 0.106 0.023 0.017 0.019 0.018 0.017 0.025 0.033 0.01 0.141 0.188 0.029 0.034 0.038 0.018 0.039 0.043 0.006 0.02 0.175
269 I 0.104 0.024 0.018 0.02 0.018 0.019 0.025 0.034 0.011 0.168 0.14 0.03 0.059 0.038 0.018 0.04 0.043 0.006 0.02 0.163
270 Q 0.055 0.072 0.043 0.046 0.009 0.23 0.101 0.04 0.029 0.026 0.046 0.089 0.02 0.014 0.023 0.055 0.04 0.006 0.02 0.035
271 Y 0.067 0.032 0.034 0.03 0.012 0.026 0.037 0.041 0.035 0.037 0.057 0.04 0.017 0.085 0.021 0.112 0.049 0.019 0.206 0.044
272 L 0.041 0.021 0.015 0.016 0.014 0.013 0.019 0.023 0.012 0.121 0.231 0.022 0.036 0.189 0.013 0.025 0.031 0.011 0.048 0.099
273 Y 0.04 0.031 0.028 0.022 0.009 0.025 0.032 0.027 0.11 0.039 0.061 0.033 0.018 0.109 0.016 0.033 0.027 0.023 0.276 0.041
274 D 0.075 0.032 0.056 0.189 0.012 0.028 0.061 0.148 0.018 0.024 0.033 0.045 0.012 0.017 0.024 0.125 0.052 0.005 0.013 0.031
275 V 0.11 0.024 0.019 0.02 0.017 0.019 0.027 0.035 0.017 0.114 0.102 0.03 0.026 0.051 0.019 0.042 0.044 0.01 0.082 0.193
276 L 0.042 0.022 0.014 0.015 0.015 0.014 0.019 0.022 0.011 0.12 0.31 0.023 0.043 0.122 0.013 0.024 0.032 0.009 0.035 0.094
277 L 0.044 0.022 0.025 0.095 0.014 0.017 0.033 0.026 0.011 0.164 0.226 0.028 0.036 0.042 0.016 0.03 0.036 0.006 0.019 0.112
278 S 0.108 0.039 0.053 0.048 0.017 0.033 0.051 0.065 0.019 0.029 0.041 0.053 0.015 0.02 0.029 0.235 0.08 0.005 0.017 0.041
279 F 0.033 0.019 0.017 0.017 0.01 0.01 0.019 0.025 0.017 0.062 0.112 0.019 0.025 0.399 0.01 0.025 0.025 0.017 0.087 0.054
280 D 0.057 0.045 0.071 0.281 0.008 0.034 0.078 0.046 0.021 0.025 0.034 0.093 0.011 0.021 0.023 0.053 0.037 0.005 0.029 0.029
281 F 0.033 0.019 0.017 0.017 0.01 0.01 0.019 0.025 0.017 0.062 0.112 0.019 0.025 0.399 0.01 0.025 0.025 0.017 0.087 0.054
282 I 0.054 0.021 0.02 0.021 0.016 0.016 0.022 0.025 0.01 0.211 0.138 0.027 0.032 0.056 0.017 0.037 0.077 0.006 0.023 0.172
283 D 0.046 0.029 0.051 0.142 0.01 0.025 0.06 0.033 0.028 0.058 0.064 0.037 0.017 0.064 0.018 0.04 0.035 0.014 0.141 0.085
284 G 0.072 0.099 0.044 0.066 0.011 0.037 0.097 0.188 0.019 0.023 0.036 0.064 0.013 0.017 0.023 0.096 0.045 0.005 0.015 0.031
285 D 0.041 0.03 0.069 0.397 0.008 0.03 0.091 0.047 0.019 0.022 0.028 0.045 0.009 0.015 0.022 0.052 0.035 0.004 0.011 0.024
286 Y 0.042 0.029 0.049 0.123 0.033 0.026 0.058 0.033 0.035 0.036 0.054 0.037 0.015 0.083 0.018 0.039 0.031 0.018 0.204 0.039
287 G 0.067 0.06 0.038 0.036 0.01 0.034 0.045 0.28 0.016 0.03 0.039 0.149 0.013 0.017 0.022 0.05 0.034 0.005 0.014 0.041
288 I 0.05 0.019 0.015 0.017 0.016 0.014 0.019 0.021 0.009 0.226 0.202 0.024 0.038 0.044 0.015 0.026 0.04 0.006 0.021 0.179
289 D 0.04 0.029 0.068 0.409 0.007 0.029 0.09 0.046 0.018 0.022 0.027 0.044 0.009 0.015 0.022 0.051 0.035 0.004 0.011 0.024
290 V 0.069 0.021 0.016 0.017 0.019 0.016 0.023 0.024 0.008 0.161 0.128 0.026 0.031 0.035 0.016 0.032 0.048 0.005 0.02 0.283
291 S 0.102 0.036 0.05 0.045 0.016 0.03 0.046 0.156 0.018 0.027 0.038 0.049 0.014 0.02 0.027 0.198 0.07 0.005 0.016 0.038
292 R 0.049 0.257 0.039 0.035 0.008 0.049 0.059 0.036 0.022 0.025 0.044 0.188 0.015 0.016 0.022 0.047 0.036 0.005 0.017 0.031
293 L 0.043 0.022 0.015 0.016 0.015 0.015 0.02 0.021 0.011 0.142 0.306 0.024 0.05 0.086 0.014 0.025 0.034 0.008 0.028 0.106
294 K 0.056 0.105 0.041 0.041 0.008 0.052 0.069 0.042 0.02 0.027 0.042 0.292 0.015 0.015 0.027 0.052 0.039 0.005 0.017 0.032
295 N 0.042 0.041 0.278 0.147 0.009 0.032 0.057 0.06 0.028 0.022 0.03 0.051 0.011 0.017 0.02 0.065 0.046 0.004 0.015 0.026
296 I 0.047 0.019 0.014 0.017 0.016 0.014 0.018 0.021 0.009 0.245 0.207 0.024 0.038 0.045 0.014 0.025 0.038 0.006 0.021 0.163
297 P 0.056 0.025 0.023 0.03 0.01 0.02 0.035 0.035 0.013 0.025 0.035 0.04 0.01 0.013 0.503 0.043 0.035 0.003 0.013 0.03
298 Q 0.055 0.072 0.043 0.046 0.009 0.23 0.101 0.04 0.029 0.026 0.046 0.089 0.02 0.014 0.023 0.055 0.04 0.006 0.02 0.035
299 L 0.059 0.022 0.015 0.016 0.018 0.016 0.022 0.023 0.009 0.142 0.232 0.025 0.038 0.042 0.015 0.029 0.042 0.006 0.021 0.208
300 L 0.046 0.025 0.018 0.018 0.015 0.019 0.023 0.025 0.013 0.117 0.215 0.028 0.088 0.117 0.015 0.032 0.046 0.009 0.035 0.094
301 L 0.048 0.022 0.02 0.021 0.015 0.016 0.022 0.026 0.011 0.16 0.179 0.027 0.033 0.112 0.016 0.038 0.079 0.008 0.033 0.113
302 L 0.041 0.023 0.016 0.017 0.014 0.016 0.021 0.024 0.014 0.09 0.238 0.024 0.065 0.19 0.013 0.027 0.031 0.011 0.048 0.077
303 L 0.045 0.019 0.014 0.017 0.016 0.014 0.018 0.021 0.009 0.222 0.229 0.023 0.039 0.064 0.014 0.024 0.036 0.007 0.024 0.144
304 L 0.041 0.021 0.016 0.017 0.013 0.015 0.02 0.022 0.018 0.145 0.189 0.024 0.033 0.14 0.014 0.026 0.032 0.013 0.097 0.102
305 L 0.056 0.027 0.022 0.022 0.016 0.019 0.026 0.03 0.012 0.096 0.318 0.03 0.042 0.047 0.017 0.066 0.042 0.007 0.021 0.084
306 L 0.072 0.029 0.029 0.028 0.017 0.022 0.032 0.038 0.013 0.09 0.198 0.036 0.032 0.037 0.02 0.103 0.064 0.006 0.02 0.112
307 P 0.056 0.025 0.023 0.03 0.01 0.02 0.035 0.035 0.013 0.025 0.035 0.04 0.01 0.013 0.503 0.043 0.035 0.003 0.013 0.03
308 F 0.035 0.023 0.018 0.017 0.009 0.016 0.023 0.026 0.029 0.047 0.08 0.025 0.02 0.209 0.012 0.027 0.026 0.119 0.193 0.045
309 I 0.095 0.021 0.017 0.019 0.016 0.015 0.022 0.032 0.011 0.183 0.144 0.026 0.031 0.111 0.017 0.036 0.038 0.008 0.033 0.124
310 L 0.055 0.021 0.015 0.017 0.017 0.015 0.02 0.022 0.009 0.193 0.206 0.025 0.037 0.043 0.015 0.027 0.041 0.006 0.021 0.198
311 L 0.046 0.111 0.087 0.036 0.011 0.033 0.042 0.036 0.019 0.06 0.179 0.103 0.028 0.031 0.019 0.042 0.037 0.006 0.019 0.056
312 A 0.185 0.03 0.031 0.032 0.114 0.024 0.038 0.062 0.014 0.045 0.058 0.041 0.017 0.021 0.026 0.118 0.056 0.005 0.016 0.068
313 F 0.044 0.021 0.017 0.017 0.013 0.014 0.021 0.024 0.019 0.123 0.117 0.023 0.027 0.201 0.013 0.027 0.033 0.014 0.109 0.122
314 L 0.048 0.022 0.016 0.017 0.015 0.016 0.021 0.022 0.017 0.158 0.191 0.025 0.034 0.079 0.015 0.027 0.036 0.011 0.086 0.144
315 N 0.043 0.09 0.216 0.063 0.008 0.037 0.051 0.053 0.096 0.023 0.035 0.076 0.013 0.02 0.02 0.059 0.041 0.005 0.024 0.027
316 Y 0.038 0.026 0.02 0.018 0.009 0.019 0.026 0.025 0.04 0.047 0.076 0.028 0.02 0.182 0.014 0.029 0.027 0.025 0.282 0.047
317 N 0.052 0.137 0.157 0.055 0.009 0.041 0.055 0.051 0.025 0.024 0.038 0.129 0.014 0.017 0.022 0.075 0.046 0.005 0.016 0.03
318 F 0.058 0.092 0.029 0.026 0.108 0.025 0.033 0.036 0.022 0.04 0.066 0.048 0.018 0.117 0.018 0.075 0.041 0.012 0.093 0.045
319 Y 0.066 0.03 0.033 0.03 0.013 0.024 0.035 0.041 0.029 0.041 0.066 0.037 0.018 0.139 0.02 0.111 0.048 0.016 0.157 0.046
320 L 0.05 0.03 0.019 0.019 0.016 0.025 0.026 0.026 0.015 0.101 0.232 0.033 0.151 0.049 0.015 0.033 0.038 0.008 0.023 0.091
