#Seq2Logo.py -f /work3/idamei/ssn-clusterings/clustering/2205111339/clusters/0087_32/sequences.afa -o /work3/idamei/ssn-clusterings/clustering/2205111339/clusters/0087_32/sequences.logo
#Position Specific Frequency Matrix
A R N D C Q E G H I L K M F P S T W Y V
0 M 0.041 0.025 0.016 0.016 0.013 0.022 0.022 0.022 0.013 0.078 0.153 0.028 0.347 0.038 0.013 0.028 0.031 0.006 0.019 0.072
1 I 0.089 0.019 0.018 0.019 0.012 0.018 0.025 0.088 0.02 0.185 0.102 0.025 0.026 0.062 0.024 0.053 0.041 0.017 0.049 0.109
2 T 0.073 0.036 0.043 0.038 0.018 0.028 0.039 0.043 0.014 0.053 0.065 0.045 0.02 0.024 0.028 0.093 0.246 0.006 0.018 0.071
3 G 0.078 0.023 0.039 0.034 0.011 0.019 0.026 0.51 0.014 0.019 0.028 0.034 0.009 0.016 0.019 0.051 0.03 0.005 0.011 0.024
4 I 0.054 0.021 0.038 0.02 0.011 0.022 0.03 0.035 0.017 0.143 0.121 0.026 0.022 0.086 0.014 0.043 0.058 0.009 0.122 0.109
5 Q 0.056 0.074 0.044 0.047 0.009 0.213 0.103 0.041 0.029 0.027 0.047 0.091 0.021 0.015 0.024 0.056 0.041 0.006 0.021 0.035
6 H 0.042 0.046 0.054 0.038 0.008 0.038 0.054 0.038 0.353 0.023 0.038 0.046 0.015 0.031 0.019 0.042 0.027 0.008 0.057 0.023
7 V 0.07 0.022 0.017 0.018 0.019 0.017 0.023 0.025 0.008 0.165 0.131 0.026 0.032 0.036 0.017 0.033 0.05 0.006 0.021 0.267
8 P 0.057 0.026 0.023 0.031 0.01 0.021 0.036 0.036 0.013 0.026 0.036 0.041 0.01 0.013 0.492 0.044 0.036 0.003 0.013 0.031
9 V 0.07 0.022 0.017 0.018 0.019 0.017 0.023 0.025 0.008 0.165 0.131 0.026 0.032 0.036 0.017 0.033 0.05 0.006 0.021 0.267
10 G 0.078 0.023 0.039 0.034 0.011 0.019 0.026 0.509 0.014 0.019 0.028 0.034 0.009 0.016 0.019 0.051 0.03 0.005 0.011 0.024
11 I 0.047 0.018 0.015 0.018 0.016 0.013 0.018 0.021 0.009 0.269 0.168 0.024 0.037 0.044 0.015 0.025 0.04 0.006 0.021 0.177
12 Q 0.056 0.074 0.044 0.047 0.009 0.213 0.103 0.041 0.029 0.027 0.047 0.091 0.021 0.015 0.024 0.056 0.041 0.006 0.021 0.035
13 F 0.034 0.019 0.017 0.017 0.011 0.011 0.019 0.025 0.017 0.064 0.114 0.019 0.025 0.385 0.011 0.025 0.025 0.017 0.089 0.055
14 C 0.065 0.016 0.016 0.016 0.482 0.012 0.016 0.033 0.008 0.045 0.065 0.02 0.016 0.02 0.016 0.041 0.037 0.004 0.012 0.057
15 A 0.288 0.031 0.026 0.03 0.022 0.026 0.041 0.078 0.015 0.043 0.06 0.045 0.018 0.022 0.03 0.085 0.05 0.005 0.018 0.069
16 K 0.057 0.107 0.042 0.042 0.009 0.054 0.071 0.043 0.021 0.028 0.043 0.276 0.016 0.016 0.028 0.054 0.04 0.005 0.017 0.033
17 T 0.073 0.036 0.044 0.038 0.018 0.028 0.039 0.044 0.014 0.053 0.065 0.046 0.02 0.024 0.028 0.093 0.245 0.006 0.018 0.071
18 L 0.045 0.024 0.014 0.015 0.016 0.016 0.02 0.021 0.01 0.116 0.374 0.025 0.05 0.055 0.014 0.024 0.033 0.007 0.022 0.096
19 S 0.11 0.04 0.054 0.049 0.018 0.033 0.053 0.066 0.019 0.03 0.042 0.054 0.016 0.021 0.03 0.218 0.082 0.005 0.018 0.042
20 A 0.288 0.031 0.026 0.03 0.022 0.026 0.041 0.078 0.015 0.043 0.06 0.045 0.018 0.022 0.03 0.085 0.05 0.005 0.018 0.069
21 L 0.052 0.032 0.02 0.02 0.016 0.028 0.028 0.028 0.016 0.101 0.197 0.036 0.158 0.048 0.016 0.036 0.04 0.008 0.024 0.093
22 E 0.055 0.05 0.041 0.09 0.007 0.065 0.295 0.035 0.026 0.022 0.037 0.076 0.013 0.017 0.026 0.055 0.037 0.006 0.017 0.031
23 L 0.075 0.02 0.017 0.02 0.012 0.022 0.037 0.046 0.011 0.171 0.173 0.026 0.025 0.059 0.036 0.038 0.064 0.006 0.035 0.108
24 A 0.201 0.035 0.04 0.039 0.02 0.029 0.046 0.072 0.017 0.036 0.051 0.049 0.017 0.021 0.03 0.153 0.066 0.005 0.017 0.055
25 L 0.057 0.017 0.014 0.015 0.012 0.012 0.017 0.052 0.009 0.182 0.228 0.02 0.028 0.101 0.012 0.025 0.036 0.006 0.032 0.124
26 L 0.05 0.022 0.019 0.02 0.015 0.015 0.022 0.027 0.012 0.167 0.189 0.026 0.034 0.121 0.015 0.047 0.039 0.008 0.035 0.115
27 L 0.048 0.023 0.016 0.016 0.014 0.017 0.022 0.022 0.019 0.121 0.212 0.026 0.033 0.068 0.015 0.027 0.035 0.012 0.116 0.136
28 L 0.046 0.018 0.015 0.015 0.038 0.012 0.017 0.032 0.011 0.142 0.188 0.02 0.025 0.169 0.012 0.035 0.049 0.008 0.047 0.1
29 L 0.075 0.019 0.017 0.017 0.024 0.014 0.02 0.025 0.009 0.158 0.166 0.023 0.025 0.11 0.014 0.059 0.057 0.006 0.025 0.138
30 L 0.048 0.018 0.014 0.015 0.023 0.013 0.017 0.03 0.008 0.185 0.282 0.021 0.036 0.053 0.012 0.031 0.047 0.005 0.018 0.123
31 F 0.037 0.017 0.014 0.014 0.009 0.011 0.017 0.02 0.015 0.057 0.154 0.018 0.034 0.357 0.01 0.022 0.022 0.013 0.104 0.056
32 V 0.07 0.022 0.016 0.018 0.019 0.016 0.023 0.025 0.008 0.165 0.13 0.026 0.032 0.036 0.016 0.033 0.049 0.006 0.021 0.269
33 V 0.07 0.022 0.016 0.018 0.019 0.016 0.023 0.025 0.008 0.165 0.13 0.026 0.032 0.036 0.016 0.033 0.049 0.006 0.021 0.269
34 F 0.034 0.019 0.017 0.017 0.011 0.011 0.019 0.025 0.017 0.063 0.114 0.019 0.025 0.387 0.011 0.025 0.025 0.017 0.089 0.055
35 L 0.091 0.018 0.015 0.016 0.024 0.013 0.019 0.036 0.01 0.132 0.175 0.022 0.025 0.133 0.013 0.034 0.051 0.007 0.04 0.125
36 F 0.034 0.019 0.017 0.017 0.011 0.011 0.019 0.025 0.017 0.064 0.114 0.019 0.025 0.385 0.011 0.025 0.025 0.017 0.089 0.055
37 L 0.045 0.024 0.014 0.015 0.016 0.016 0.02 0.021 0.01 0.116 0.374 0.025 0.05 0.055 0.014 0.024 0.033 0.007 0.022 0.096
38 L 0.059 0.018 0.015 0.015 0.013 0.013 0.018 0.044 0.009 0.153 0.209 0.021 0.027 0.119 0.012 0.036 0.034 0.006 0.026 0.153
39 L 0.073 0.021 0.019 0.019 0.041 0.015 0.022 0.027 0.011 0.119 0.158 0.025 0.024 0.073 0.015 0.061 0.096 0.006 0.041 0.133
40 S 0.13 0.024 0.026 0.025 0.075 0.019 0.028 0.056 0.011 0.064 0.101 0.031 0.018 0.049 0.019 0.159 0.064 0.005 0.017 0.077
41 L 0.061 0.018 0.015 0.016 0.029 0.013 0.018 0.033 0.009 0.157 0.173 0.021 0.039 0.145 0.012 0.036 0.05 0.007 0.028 0.121
42 L 0.043 0.017 0.012 0.013 0.053 0.012 0.016 0.019 0.008 0.149 0.318 0.019 0.037 0.092 0.011 0.028 0.028 0.006 0.022 0.094
43 L 0.045 0.024 0.014 0.015 0.016 0.016 0.02 0.021 0.01 0.116 0.374 0.025 0.05 0.055 0.014 0.024 0.033 0.007 0.022 0.096
44 A 0.187 0.023 0.024 0.024 0.062 0.019 0.028 0.053 0.013 0.07 0.071 0.031 0.016 0.039 0.019 0.138 0.048 0.006 0.05 0.078
45 F 0.045 0.018 0.021 0.015 0.021 0.012 0.018 0.021 0.013 0.085 0.206 0.02 0.036 0.217 0.011 0.029 0.026 0.01 0.086 0.09
46 F 0.034 0.019 0.017 0.017 0.011 0.011 0.019 0.025 0.017 0.063 0.114 0.019 0.025 0.387 0.011 0.025 0.025 0.017 0.089 0.055
47 G 0.094 0.031 0.047 0.041 0.014 0.026 0.039 0.288 0.016 0.024 0.035 0.044 0.013 0.019 0.024 0.136 0.056 0.005 0.014 0.033
48 I 0.047 0.018 0.015 0.018 0.016 0.013 0.018 0.021 0.009 0.272 0.168 0.024 0.037 0.044 0.015 0.025 0.04 0.006 0.021 0.177
49 L 0.065 0.018 0.015 0.015 0.011 0.013 0.018 0.033 0.019 0.134 0.191 0.021 0.033 0.19 0.012 0.037 0.031 0.008 0.041 0.095
50 E 0.05 0.064 0.054 0.099 0.007 0.037 0.254 0.031 0.017 0.026 0.031 0.051 0.01 0.013 0.12 0.057 0.037 0.004 0.012 0.027
51 D 0.051 0.052 0.031 0.122 0.009 0.027 0.1 0.044 0.023 0.059 0.072 0.057 0.014 0.05 0.084 0.074 0.051 0.015 0.025 0.04
52 K 0.041 0.111 0.033 0.05 0.008 0.039 0.104 0.033 0.045 0.03 0.058 0.14 0.019 0.038 0.027 0.048 0.036 0.007 0.087 0.044
53 L 0.046 0.039 0.097 0.07 0.009 0.03 0.079 0.04 0.027 0.104 0.154 0.074 0.025 0.033 0.015 0.047 0.035 0.005 0.016 0.055
54 D 0.108 0.035 0.051 0.23 0.011 0.037 0.131 0.051 0.019 0.027 0.038 0.052 0.012 0.017 0.025 0.061 0.039 0.005 0.014 0.037
55 E 0.055 0.064 0.04 0.078 0.008 0.061 0.243 0.037 0.024 0.023 0.038 0.127 0.013 0.016 0.026 0.054 0.037 0.005 0.017 0.031
56 G 0.071 0.051 0.04 0.036 0.01 0.03 0.04 0.356 0.016 0.022 0.033 0.116 0.011 0.016 0.022 0.052 0.033 0.005 0.013 0.027
57 V 0.07 0.022 0.016 0.018 0.019 0.016 0.023 0.025 0.008 0.165 0.13 0.026 0.032 0.036 0.016 0.033 0.049 0.006 0.021 0.269
58 K 0.136 0.081 0.036 0.037 0.013 0.044 0.06 0.054 0.019 0.033 0.048 0.204 0.016 0.017 0.028 0.063 0.043 0.005 0.017 0.044
59 K 0.051 0.078 0.068 0.067 0.008 0.047 0.056 0.088 0.024 0.047 0.052 0.147 0.017 0.021 0.058 0.053 0.055 0.004 0.022 0.035
60 G 0.06 0.031 0.037 0.084 0.011 0.03 0.099 0.118 0.017 0.044 0.106 0.043 0.02 0.087 0.02 0.074 0.04 0.007 0.028 0.045
61 V 0.07 0.022 0.016 0.018 0.019 0.016 0.023 0.025 0.008 0.165 0.13 0.026 0.032 0.036 0.016 0.033 0.049 0.006 0.021 0.269
62 K 0.06 0.133 0.053 0.053 0.008 0.068 0.066 0.032 0.035 0.049 0.045 0.134 0.017 0.018 0.038 0.053 0.052 0.005 0.027 0.055
63 N 0.061 0.068 0.156 0.059 0.01 0.041 0.058 0.056 0.024 0.026 0.038 0.146 0.014 0.017 0.025 0.094 0.052 0.005 0.017 0.032
64 Y 0.057 0.035 0.041 0.031 0.02 0.037 0.032 0.029 0.027 0.098 0.083 0.038 0.018 0.057 0.025 0.047 0.085 0.009 0.141 0.09
65 K 0.05 0.126 0.102 0.039 0.008 0.061 0.088 0.035 0.022 0.035 0.038 0.182 0.013 0.014 0.019 0.064 0.043 0.004 0.014 0.043
66 L 0.037 0.085 0.125 0.031 0.009 0.036 0.04 0.036 0.016 0.065 0.133 0.092 0.018 0.043 0.015 0.04 0.046 0.056 0.027 0.05
67 Y 0.041 0.028 0.022 0.019 0.009 0.022 0.028 0.025 0.047 0.044 0.069 0.031 0.019 0.131 0.016 0.031 0.028 0.028 0.316 0.047
68 L 0.051 0.036 0.033 0.019 0.021 0.021 0.022 0.055 0.013 0.113 0.127 0.027 0.02 0.094 0.061 0.042 0.042 0.038 0.069 0.096
69 L 0.066 0.019 0.015 0.016 0.013 0.014 0.018 0.022 0.008 0.178 0.225 0.022 0.042 0.064 0.013 0.035 0.066 0.005 0.019 0.141
70 Y 0.037 0.021 0.016 0.015 0.009 0.015 0.02 0.02 0.022 0.07 0.125 0.029 0.034 0.191 0.012 0.03 0.031 0.014 0.227 0.063
71 L 0.061 0.018 0.015 0.016 0.022 0.019 0.019 0.048 0.01 0.161 0.177 0.022 0.03 0.104 0.013 0.039 0.043 0.027 0.034 0.121
72 L 0.094 0.019 0.017 0.017 0.028 0.014 0.02 0.072 0.009 0.105 0.204 0.023 0.024 0.095 0.014 0.049 0.044 0.006 0.022 0.125
73 L 0.048 0.018 0.014 0.015 0.043 0.013 0.017 0.02 0.008 0.159 0.245 0.021 0.04 0.08 0.012 0.035 0.053 0.006 0.021 0.132
74 G 0.121 0.02 0.025 0.023 0.047 0.016 0.022 0.322 0.01 0.039 0.052 0.027 0.016 0.034 0.016 0.06 0.044 0.005 0.013 0.087
75 L 0.052 0.018 0.014 0.015 0.013 0.013 0.017 0.05 0.008 0.152 0.231 0.021 0.04 0.084 0.012 0.027 0.046 0.006 0.021 0.16
76 L 0.068 0.018 0.015 0.016 0.013 0.013 0.019 0.048 0.009 0.143 0.223 0.022 0.029 0.076 0.023 0.048 0.038 0.005 0.02 0.152
77 L 0.042 0.02 0.012 0.013 0.013 0.014 0.017 0.018 0.009 0.086 0.44 0.021 0.077 0.057 0.011 0.021 0.027 0.006 0.019 0.079
78 I 0.068 0.017 0.014 0.015 0.023 0.012 0.017 0.022 0.008 0.252 0.124 0.021 0.03 0.089 0.013 0.028 0.06 0.006 0.022 0.159
79 L 0.048 0.019 0.014 0.014 0.027 0.013 0.017 0.02 0.009 0.103 0.352 0.021 0.037 0.094 0.012 0.037 0.038 0.006 0.03 0.089
80 I 0.06 0.018 0.022 0.016 0.032 0.013 0.018 0.022 0.009 0.181 0.173 0.021 0.036 0.111 0.013 0.028 0.059 0.006 0.028 0.134
81 A 0.399 0.024 0.02 0.023 0.026 0.019 0.031 0.057 0.011 0.04 0.05 0.033 0.014 0.017 0.022 0.076 0.04 0.004 0.014 0.08
82 G 0.211 0.02 0.025 0.024 0.022 0.016 0.024 0.358 0.011 0.029 0.036 0.029 0.011 0.015 0.018 0.049 0.03 0.004 0.011 0.057
83 L 0.033 0.017 0.013 0.013 0.011 0.011 0.016 0.029 0.01 0.087 0.269 0.018 0.033 0.255 0.01 0.022 0.037 0.009 0.04 0.068
84 R 0.035 0.468 0.03 0.025 0.006 0.038 0.042 0.026 0.018 0.018 0.036 0.112 0.012 0.013 0.015 0.035 0.027 0.004 0.014 0.024
85 P 0.057 0.026 0.036 0.09 0.008 0.03 0.106 0.102 0.013 0.021 0.032 0.044 0.015 0.021 0.248 0.064 0.043 0.003 0.012 0.026
86 I 0.056 0.03 0.024 0.065 0.02 0.024 0.111 0.077 0.02 0.136 0.072 0.057 0.023 0.021 0.046 0.045 0.032 0.004 0.014 0.123
87 G 0.054 0.023 0.071 0.104 0.008 0.019 0.045 0.409 0.013 0.017 0.025 0.038 0.008 0.021 0.016 0.059 0.034 0.004 0.01 0.021
88 Y 0.041 0.028 0.022 0.019 0.009 0.022 0.028 0.025 0.047 0.044 0.069 0.031 0.019 0.131 0.016 0.031 0.028 0.028 0.316 0.047
89 I 0.053 0.019 0.017 0.03 0.012 0.014 0.021 0.052 0.009 0.187 0.131 0.029 0.035 0.068 0.013 0.051 0.04 0.005 0.027 0.186
90 D 0.043 0.023 0.055 0.431 0.007 0.022 0.062 0.041 0.014 0.027 0.045 0.034 0.01 0.023 0.017 0.052 0.036 0.003 0.011 0.044
91 S 0.11 0.04 0.054 0.049 0.018 0.033 0.053 0.066 0.019 0.03 0.042 0.054 0.016 0.021 0.03 0.218 0.082 0.005 0.018 0.042
92 R 0.045 0.343 0.039 0.031 0.008 0.049 0.052 0.033 0.023 0.023 0.047 0.121 0.016 0.017 0.019 0.045 0.035 0.006 0.017 0.031
93 G 0.078 0.023 0.039 0.034 0.011 0.019 0.026 0.509 0.014 0.019 0.028 0.034 0.009 0.016 0.019 0.051 0.03 0.005 0.011 0.024
94 V 0.07 0.022 0.017 0.018 0.019 0.017 0.023 0.025 0.008 0.165 0.131 0.026 0.032 0.036 0.017 0.033 0.05 0.006 0.021 0.267
95 Q 0.056 0.074 0.044 0.047 0.009 0.213 0.103 0.041 0.029 0.027 0.047 0.091 0.021 0.015 0.024 0.056 0.041 0.006 0.021 0.035
96 L 0.045 0.024 0.014 0.015 0.016 0.016 0.02 0.021 0.01 0.116 0.374 0.025 0.05 0.055 0.014 0.024 0.033 0.007 0.022 0.096
97 P 0.048 0.111 0.149 0.037 0.008 0.036 0.039 0.036 0.042 0.022 0.032 0.092 0.013 0.014 0.18 0.06 0.033 0.004 0.014 0.032
98 D 0.032 0.023 0.053 0.533 0.006 0.023 0.071 0.036 0.014 0.017 0.022 0.035 0.007 0.012 0.017 0.04 0.027 0.003 0.009 0.019
99 Y 0.061 0.025 0.027 0.024 0.01 0.02 0.029 0.043 0.026 0.029 0.044 0.032 0.013 0.067 0.017 0.176 0.039 0.014 0.266 0.035
100 E 0.071 0.036 0.052 0.062 0.009 0.034 0.138 0.075 0.024 0.05 0.113 0.045 0.025 0.033 0.028 0.048 0.051 0.006 0.05 0.05
101 N 0.062 0.029 0.191 0.041 0.01 0.035 0.06 0.077 0.016 0.061 0.07 0.036 0.029 0.019 0.016 0.061 0.081 0.004 0.014 0.086
102 Y 0.031 0.022 0.017 0.015 0.007 0.017 0.022 0.019 0.044 0.034 0.053 0.024 0.015 0.107 0.012 0.024 0.022 0.021 0.457 0.036
103 E 0.057 0.04 0.022 0.039 0.01 0.028 0.166 0.024 0.022 0.101 0.107 0.054 0.024 0.027 0.016 0.034 0.048 0.005 0.038 0.135
104 E 0.07 0.063 0.074 0.077 0.009 0.046 0.106 0.068 0.018 0.039 0.067 0.062 0.026 0.047 0.017 0.072 0.033 0.006 0.062 0.038
105 L 0.067 0.023 0.057 0.022 0.011 0.018 0.024 0.028 0.034 0.076 0.137 0.027 0.064 0.079 0.014 0.047 0.072 0.009 0.128 0.062
106 F 0.028 0.018 0.014 0.013 0.008 0.012 0.018 0.02 0.021 0.047 0.077 0.019 0.023 0.273 0.009 0.021 0.021 0.106 0.21 0.04
107 N 0.053 0.078 0.119 0.039 0.009 0.05 0.065 0.037 0.04 0.048 0.104 0.056 0.022 0.043 0.016 0.053 0.046 0.007 0.071 0.046
108 N 0.049 0.046 0.156 0.095 0.008 0.032 0.06 0.077 0.085 0.025 0.049 0.039 0.015 0.023 0.017 0.069 0.074 0.005 0.048 0.029
109 Y 0.054 0.035 0.053 0.042 0.009 0.042 0.039 0.038 0.041 0.071 0.081 0.046 0.016 0.044 0.08 0.057 0.033 0.019 0.147 0.053
110 D 0.043 0.025 0.046 0.169 0.01 0.021 0.055 0.039 0.023 0.063 0.089 0.033 0.017 0.06 0.017 0.047 0.098 0.007 0.073 0.066
111 S 0.069 0.037 0.091 0.104 0.011 0.04 0.083 0.062 0.032 0.038 0.04 0.067 0.013 0.017 0.021 0.119 0.099 0.004 0.015 0.038
112 P 0.083 0.028 0.053 0.047 0.012 0.023 0.038 0.075 0.014 0.044 0.042 0.04 0.013 0.017 0.243 0.117 0.054 0.004 0.014 0.041
113 S 0.11 0.04 0.054 0.049 0.018 0.033 0.052 0.066 0.019 0.03 0.042 0.054 0.016 0.021 0.03 0.22 0.082 0.005 0.018 0.042
114 S 0.11 0.04 0.054 0.049 0.018 0.033 0.052 0.066 0.019 0.03 0.042 0.054 0.016 0.021 0.03 0.22 0.082 0.005 0.018 0.042
115 N 0.067 0.037 0.148 0.056 0.01 0.024 0.044 0.097 0.028 0.047 0.066 0.056 0.015 0.035 0.018 0.079 0.062 0.005 0.036 0.07
116 I 0.047 0.018 0.015 0.018 0.016 0.013 0.018 0.021 0.009 0.271 0.168 0.024 0.037 0.044 0.015 0.025 0.04 0.006 0.021 0.177
117 L 0.078 0.052 0.034 0.073 0.01 0.04 0.085 0.051 0.016 0.057 0.095 0.045 0.04 0.064 0.027 0.056 0.051 0.007 0.058 0.061
118 A 0.095 0.057 0.042 0.083 0.01 0.039 0.073 0.043 0.014 0.061 0.091 0.065 0.025 0.054 0.027 0.06 0.072 0.005 0.017 0.066
119 L 0.081 0.027 0.034 0.075 0.01 0.029 0.085 0.096 0.013 0.09 0.105 0.055 0.017 0.048 0.026 0.073 0.039 0.005 0.024 0.068
120 L 0.043 0.035 0.081 0.047 0.01 0.034 0.058 0.05 0.023 0.066 0.146 0.04 0.053 0.077 0.015 0.067 0.07 0.006 0.028 0.053
121 V 0.054 0.021 0.017 0.017 0.014 0.015 0.021 0.022 0.016 0.145 0.132 0.037 0.042 0.037 0.014 0.037 0.079 0.005 0.017 0.259
122 E 0.043 0.038 0.032 0.079 0.006 0.049 0.447 0.027 0.02 0.017 0.028 0.058 0.01 0.013 0.02 0.043 0.029 0.004 0.013 0.024
123 P 0.059 0.019 0.017 0.028 0.009 0.015 0.024 0.025 0.015 0.077 0.077 0.026 0.021 0.094 0.26 0.03 0.034 0.008 0.104 0.059
124 S 0.091 0.029 0.038 0.034 0.013 0.024 0.036 0.056 0.013 0.029 0.04 0.039 0.013 0.034 0.022 0.276 0.154 0.004 0.015 0.039
125 F 0.027 0.016 0.014 0.013 0.008 0.01 0.016 0.02 0.018 0.046 0.082 0.017 0.019 0.444 0.009 0.021 0.02 0.015 0.146 0.041
126 L 0.04 0.049 0.034 0.029 0.011 0.026 0.027 0.023 0.013 0.148 0.159 0.09 0.023 0.043 0.014 0.03 0.057 0.006 0.059 0.119
127 L 0.073 0.019 0.014 0.015 0.021 0.019 0.019 0.034 0.011 0.079 0.23 0.022 0.039 0.141 0.012 0.032 0.033 0.068 0.044 0.073
128 I 0.04 0.015 0.011 0.013 0.012 0.011 0.014 0.017 0.007 0.335 0.215 0.019 0.03 0.052 0.011 0.02 0.03 0.005 0.018 0.124
129 S 0.134 0.082 0.04 0.031 0.033 0.025 0.037 0.055 0.014 0.031 0.047 0.067 0.013 0.017 0.021 0.22 0.061 0.004 0.013 0.054
130 K 0.072 0.055 0.075 0.08 0.009 0.057 0.066 0.055 0.018 0.034 0.051 0.088 0.027 0.03 0.017 0.086 0.042 0.036 0.058 0.043
131 L 0.042 0.016 0.012 0.013 0.012 0.011 0.016 0.018 0.009 0.205 0.222 0.019 0.034 0.129 0.011 0.021 0.031 0.027 0.039 0.113
132 L 0.099 0.019 0.015 0.016 0.018 0.014 0.02 0.026 0.009 0.138 0.184 0.023 0.031 0.089 0.014 0.048 0.04 0.006 0.022 0.172
133 K 0.042 0.106 0.123 0.063 0.007 0.053 0.051 0.041 0.077 0.021 0.033 0.133 0.012 0.021 0.018 0.077 0.04 0.006 0.052 0.025
134 L 0.065 0.061 0.043 0.045 0.015 0.029 0.034 0.03 0.04 0.051 0.126 0.045 0.021 0.114 0.015 0.073 0.048 0.018 0.068 0.06
135 F 0.046 0.019 0.028 0.026 0.011 0.013 0.02 0.022 0.02 0.114 0.142 0.028 0.028 0.213 0.011 0.026 0.04 0.041 0.051 0.101
136 L 0.042 0.021 0.015 0.016 0.045 0.014 0.02 0.023 0.011 0.096 0.288 0.023 0.037 0.127 0.044 0.026 0.031 0.008 0.034 0.079
137 F 0.053 0.023 0.041 0.043 0.025 0.03 0.041 0.114 0.016 0.047 0.091 0.029 0.016 0.141 0.015 0.061 0.125 0.012 0.027 0.05
138 F 0.061 0.045 0.118 0.048 0.012 0.03 0.044 0.051 0.022 0.037 0.059 0.077 0.017 0.125 0.021 0.099 0.05 0.008 0.037 0.04
139 F 0.034 0.019 0.017 0.017 0.011 0.011 0.019 0.026 0.017 0.064 0.115 0.019 0.026 0.384 0.011 0.026 0.026 0.017 0.089 0.055
140 D 0.05 0.03 0.083 0.16 0.008 0.029 0.06 0.126 0.064 0.029 0.094 0.034 0.013 0.027 0.036 0.063 0.043 0.004 0.016 0.03
141 D 0.051 0.042 0.141 0.227 0.008 0.026 0.051 0.089 0.025 0.02 0.03 0.038 0.012 0.019 0.037 0.074 0.046 0.014 0.024 0.024
142 V 0.067 0.018 0.015 0.017 0.012 0.014 0.021 0.024 0.011 0.097 0.079 0.024 0.025 0.081 0.129 0.038 0.033 0.006 0.062 0.226
143 H 0.04 0.091 0.031 0.027 0.019 0.048 0.033 0.035 0.152 0.088 0.115 0.046 0.019 0.035 0.014 0.038 0.045 0.005 0.025 0.093
144 L 0.061 0.02 0.019 0.018 0.011 0.015 0.022 0.066 0.015 0.095 0.13 0.024 0.029 0.119 0.028 0.079 0.031 0.039 0.099 0.08
145 L 0.043 0.018 0.012 0.013 0.013 0.012 0.016 0.018 0.008 0.16 0.346 0.02 0.048 0.071 0.011 0.021 0.028 0.006 0.02 0.117
146 F 0.027 0.015 0.013 0.013 0.009 0.009 0.015 0.019 0.012 0.058 0.15 0.015 0.022 0.451 0.009 0.02 0.021 0.012 0.061 0.048
147 L 0.059 0.018 0.012 0.013 0.023 0.012 0.016 0.02 0.008 0.138 0.314 0.02 0.031 0.083 0.012 0.023 0.029 0.006 0.021 0.143
148 I 0.049 0.016 0.013 0.014 0.012 0.012 0.016 0.019 0.008 0.225 0.176 0.019 0.038 0.119 0.012 0.023 0.039 0.006 0.025 0.157
149 Y 0.031 0.021 0.017 0.014 0.007 0.016 0.021 0.019 0.035 0.035 0.056 0.024 0.015 0.13 0.012 0.024 0.022 0.021 0.444 0.037
150 A 0.45 0.024 0.02 0.023 0.017 0.02 0.031 0.061 0.011 0.033 0.046 0.034 0.014 0.017 0.023 0.066 0.039 0.004 0.014 0.053
151 L 0.057 0.017 0.014 0.015 0.012 0.012 0.017 0.021 0.01 0.17 0.192 0.02 0.034 0.184 0.012 0.036 0.035 0.007 0.032 0.104
152 L 0.035 0.018 0.012 0.013 0.012 0.012 0.016 0.022 0.008 0.142 0.381 0.02 0.056 0.077 0.011 0.02 0.026 0.016 0.022 0.081
153 G 0.121 0.019 0.029 0.026 0.01 0.016 0.023 0.506 0.011 0.018 0.026 0.028 0.008 0.013 0.016 0.062 0.027 0.004 0.009 0.025
154 V 0.048 0.017 0.012 0.014 0.014 0.013 0.017 0.018 0.007 0.174 0.159 0.02 0.036 0.031 0.012 0.024 0.035 0.005 0.016 0.328
155 T 0.08 0.024 0.029 0.027 0.027 0.019 0.028 0.12 0.012 0.037 0.072 0.032 0.014 0.039 0.099 0.119 0.154 0.005 0.023 0.042
156 L 0.047 0.019 0.015 0.015 0.033 0.014 0.018 0.021 0.009 0.14 0.297 0.022 0.041 0.06 0.013 0.034 0.081 0.005 0.019 0.097
157 K 0.043 0.078 0.04 0.032 0.007 0.046 0.054 0.033 0.041 0.022 0.035 0.4 0.018 0.013 0.021 0.041 0.03 0.004 0.015 0.026
158 F 0.075 0.018 0.015 0.015 0.011 0.013 0.018 0.034 0.012 0.096 0.189 0.021 0.046 0.2 0.012 0.033 0.034 0.009 0.057 0.093
159 I 0.05 0.029 0.015 0.016 0.021 0.021 0.028 0.021 0.015 0.163 0.137 0.037 0.028 0.086 0.012 0.025 0.028 0.039 0.116 0.113
160 A 0.365 0.024 0.023 0.025 0.015 0.02 0.031 0.133 0.012 0.03 0.042 0.034 0.013 0.016 0.022 0.093 0.039 0.004 0.013 0.047
161 I 0.035 0.015 0.012 0.013 0.012 0.01 0.014 0.017 0.008 0.302 0.146 0.018 0.032 0.143 0.011 0.02 0.029 0.007 0.028 0.129
162 R 0.061 0.218 0.039 0.029 0.008 0.035 0.051 0.032 0.033 0.026 0.038 0.196 0.013 0.023 0.019 0.066 0.061 0.004 0.015 0.034
163 K 0.041 0.189 0.046 0.032 0.007 0.095 0.066 0.031 0.018 0.029 0.044 0.234 0.013 0.013 0.018 0.04 0.037 0.004 0.014 0.028
164 L 0.043 0.021 0.026 0.016 0.012 0.021 0.019 0.02 0.02 0.1 0.37 0.023 0.04 0.052 0.012 0.032 0.034 0.007 0.057 0.076
165 S 0.079 0.029 0.038 0.034 0.014 0.024 0.036 0.044 0.013 0.032 0.048 0.039 0.014 0.018 0.022 0.253 0.204 0.004 0.014 0.043
166 P 0.053 0.043 0.092 0.108 0.008 0.034 0.099 0.037 0.018 0.02 0.029 0.089 0.01 0.013 0.169 0.089 0.048 0.003 0.012 0.026
167 L 0.037 0.028 0.024 0.016 0.02 0.015 0.02 0.022 0.029 0.074 0.236 0.023 0.033 0.16 0.012 0.045 0.037 0.019 0.081 0.069
168 W 0.052 0.027 0.015 0.015 0.019 0.014 0.02 0.024 0.013 0.076 0.112 0.029 0.018 0.091 0.041 0.031 0.032 0.204 0.075 0.091
169 F 0.029 0.017 0.021 0.014 0.009 0.011 0.017 0.02 0.015 0.061 0.171 0.018 0.039 0.302 0.009 0.021 0.022 0.052 0.101 0.05
170 L 0.053 0.019 0.014 0.014 0.022 0.014 0.018 0.06 0.017 0.086 0.398 0.021 0.037 0.037 0.022 0.029 0.028 0.005 0.017 0.089
171 S 0.131 0.028 0.033 0.032 0.013 0.023 0.036 0.047 0.013 0.027 0.039 0.038 0.02 0.024 0.121 0.258 0.061 0.004 0.014 0.039
172 L 0.047 0.018 0.012 0.013 0.013 0.013 0.017 0.018 0.008 0.157 0.296 0.02 0.048 0.054 0.012 0.022 0.033 0.005 0.019 0.175
173 L 0.112 0.02 0.014 0.015 0.014 0.015 0.02 0.026 0.009 0.094 0.3 0.023 0.049 0.05 0.014 0.031 0.044 0.005 0.018 0.129
174 V 0.045 0.016 0.013 0.014 0.024 0.012 0.017 0.018 0.007 0.216 0.148 0.02 0.035 0.048 0.012 0.024 0.04 0.005 0.018 0.269
175 Y 0.03 0.021 0.016 0.014 0.007 0.016 0.021 0.02 0.032 0.032 0.052 0.023 0.014 0.1 0.011 0.023 0.021 0.111 0.401 0.034
176 L 0.035 0.017 0.013 0.013 0.011 0.012 0.016 0.018 0.01 0.184 0.188 0.019 0.068 0.171 0.011 0.021 0.027 0.008 0.046 0.111
177 S 0.097 0.028 0.037 0.034 0.033 0.023 0.035 0.147 0.013 0.023 0.033 0.038 0.012 0.016 0.021 0.292 0.069 0.004 0.013 0.033
178 N 0.034 0.038 0.178 0.037 0.017 0.036 0.034 0.034 0.146 0.025 0.041 0.035 0.018 0.078 0.014 0.044 0.035 0.009 0.119 0.027
179 Y 0.032 0.019 0.016 0.015 0.008 0.013 0.019 0.02 0.023 0.058 0.1 0.021 0.019 0.249 0.011 0.035 0.023 0.016 0.252 0.051
180 F 0.029 0.018 0.015 0.014 0.008 0.013 0.018 0.02 0.024 0.042 0.072 0.02 0.023 0.312 0.01 0.022 0.021 0.017 0.262 0.04
181 I 0.039 0.018 0.014 0.018 0.022 0.015 0.046 0.018 0.009 0.25 0.2 0.023 0.058 0.042 0.012 0.024 0.043 0.005 0.017 0.127
182 L 0.037 0.019 0.013 0.013 0.012 0.013 0.017 0.018 0.009 0.116 0.405 0.021 0.051 0.05 0.012 0.027 0.034 0.006 0.033 0.095
183 H 0.035 0.039 0.046 0.031 0.006 0.096 0.048 0.03 0.386 0.021 0.047 0.042 0.013 0.022 0.015 0.034 0.023 0.006 0.038 0.022
184 E 0.04 0.033 0.046 0.217 0.006 0.04 0.309 0.041 0.018 0.018 0.027 0.05 0.009 0.013 0.019 0.043 0.035 0.004 0.011 0.023
185 L 0.04 0.021 0.015 0.015 0.062 0.016 0.019 0.021 0.011 0.074 0.215 0.023 0.154 0.095 0.012 0.027 0.048 0.007 0.038 0.089
186 T 0.053 0.026 0.052 0.028 0.023 0.021 0.029 0.032 0.011 0.07 0.063 0.033 0.044 0.021 0.02 0.063 0.331 0.005 0.014 0.06
187 Q 0.044 0.056 0.034 0.036 0.007 0.385 0.079 0.032 0.023 0.021 0.037 0.07 0.016 0.012 0.018 0.044 0.038 0.005 0.016 0.028
188 I 0.037 0.014 0.012 0.014 0.013 0.011 0.014 0.016 0.007 0.41 0.137 0.019 0.039 0.034 0.011 0.02 0.031 0.005 0.016 0.14
189 R 0.035 0.492 0.03 0.024 0.006 0.038 0.041 0.026 0.018 0.018 0.036 0.093 0.012 0.013 0.015 0.035 0.027 0.004 0.013 0.024
190 A 0.26 0.022 0.02 0.021 0.015 0.018 0.026 0.043 0.01 0.101 0.068 0.03 0.018 0.021 0.019 0.053 0.095 0.004 0.014 0.141
191 G 0.141 0.02 0.029 0.026 0.01 0.016 0.023 0.478 0.011 0.019 0.027 0.029 0.009 0.014 0.017 0.063 0.028 0.004 0.01 0.027
192 V 0.072 0.017 0.013 0.014 0.015 0.013 0.018 0.021 0.007 0.172 0.103 0.021 0.025 0.028 0.013 0.027 0.037 0.004 0.016 0.366
193 A 0.343 0.024 0.02 0.022 0.016 0.019 0.029 0.052 0.011 0.044 0.112 0.032 0.023 0.021 0.021 0.084 0.039 0.004 0.014 0.068
194 S 0.111 0.028 0.036 0.033 0.029 0.023 0.036 0.046 0.013 0.044 0.05 0.038 0.014 0.018 0.022 0.272 0.121 0.004 0.014 0.05
195 G 0.155 0.02 0.028 0.026 0.011 0.016 0.023 0.468 0.011 0.02 0.028 0.029 0.009 0.014 0.017 0.055 0.03 0.004 0.01 0.028
196 L 0.034 0.017 0.013 0.014 0.031 0.011 0.016 0.019 0.01 0.157 0.211 0.019 0.054 0.206 0.011 0.027 0.026 0.008 0.035 0.083
197 L 0.04 0.017 0.012 0.013 0.011 0.011 0.016 0.019 0.011 0.097 0.247 0.018 0.033 0.228 0.01 0.021 0.025 0.019 0.051 0.101
198 L 0.034 0.019 0.011 0.012 0.012 0.013 0.016 0.017 0.008 0.094 0.496 0.02 0.043 0.05 0.011 0.019 0.026 0.006 0.018 0.075
199 L 0.043 0.018 0.012 0.013 0.022 0.013 0.016 0.018 0.009 0.123 0.357 0.02 0.052 0.094 0.011 0.021 0.027 0.006 0.03 0.097
200 A 0.218 0.024 0.028 0.027 0.104 0.02 0.031 0.089 0.012 0.028 0.04 0.034 0.012 0.018 0.021 0.182 0.045 0.004 0.02 0.041
201 I 0.037 0.016 0.011 0.013 0.013 0.012 0.015 0.017 0.008 0.277 0.267 0.019 0.034 0.038 0.011 0.02 0.029 0.005 0.024 0.134
202 K 0.043 0.077 0.034 0.027 0.008 0.052 0.04 0.029 0.034 0.042 0.052 0.175 0.014 0.036 0.088 0.047 0.059 0.007 0.081 0.054
203 P 0.051 0.022 0.018 0.02 0.013 0.017 0.032 0.025 0.032 0.031 0.061 0.034 0.013 0.104 0.275 0.03 0.025 0.009 0.151 0.036
204 L 0.035 0.019 0.02 0.014 0.012 0.019 0.017 0.018 0.017 0.189 0.348 0.021 0.033 0.039 0.012 0.021 0.034 0.016 0.025 0.091
205 A 0.153 0.041 0.024 0.032 0.021 0.026 0.036 0.106 0.029 0.049 0.065 0.047 0.021 0.052 0.027 0.069 0.045 0.008 0.105 0.044
206 E 0.048 0.05 0.06 0.183 0.007 0.05 0.244 0.033 0.018 0.019 0.028 0.087 0.01 0.013 0.019 0.055 0.037 0.004 0.012 0.024
207 G 0.045 0.187 0.054 0.044 0.007 0.036 0.045 0.216 0.024 0.018 0.03 0.146 0.01 0.013 0.017 0.042 0.028 0.004 0.012 0.022
208 K 0.038 0.107 0.157 0.1 0.007 0.061 0.069 0.037 0.028 0.019 0.03 0.188 0.011 0.013 0.018 0.044 0.032 0.004 0.013 0.023
209 K 0.036 0.135 0.03 0.022 0.008 0.027 0.034 0.041 0.016 0.059 0.099 0.163 0.017 0.063 0.025 0.031 0.027 0.068 0.06 0.04
210 K 0.039 0.104 0.023 0.023 0.009 0.028 0.036 0.031 0.014 0.061 0.127 0.201 0.024 0.059 0.026 0.034 0.028 0.034 0.035 0.065
211 K 0.051 0.125 0.025 0.024 0.009 0.051 0.039 0.028 0.018 0.078 0.108 0.191 0.024 0.026 0.017 0.035 0.046 0.015 0.024 0.066
212 F 0.143 0.019 0.016 0.017 0.021 0.013 0.021 0.031 0.017 0.041 0.068 0.023 0.017 0.28 0.013 0.035 0.039 0.012 0.128 0.045
213 L 0.072 0.019 0.014 0.014 0.012 0.013 0.018 0.022 0.01 0.098 0.311 0.021 0.031 0.118 0.012 0.026 0.046 0.007 0.048 0.087
214 L 0.054 0.018 0.013 0.014 0.012 0.013 0.017 0.03 0.009 0.127 0.322 0.021 0.039 0.096 0.022 0.029 0.031 0.006 0.027 0.099
215 F 0.04 0.017 0.013 0.013 0.048 0.012 0.016 0.02 0.012 0.097 0.212 0.019 0.047 0.216 0.011 0.023 0.031 0.014 0.075 0.063
216 I 0.138 0.02 0.017 0.018 0.014 0.015 0.022 0.041 0.01 0.165 0.135 0.025 0.039 0.046 0.015 0.061 0.041 0.015 0.025 0.137
217 L 0.079 0.019 0.016 0.016 0.022 0.014 0.019 0.069 0.009 0.129 0.268 0.022 0.033 0.074 0.013 0.046 0.036 0.006 0.02 0.09
218 L 0.091 0.018 0.014 0.015 0.068 0.013 0.018 0.034 0.008 0.16 0.235 0.021 0.03 0.04 0.013 0.028 0.04 0.015 0.017 0.124
219 A 0.336 0.022 0.023 0.024 0.014 0.019 0.028 0.215 0.011 0.028 0.039 0.032 0.012 0.016 0.021 0.064 0.035 0.004 0.012 0.043
220 I 0.065 0.021 0.028 0.021 0.022 0.016 0.023 0.038 0.01 0.145 0.113 0.026 0.038 0.098 0.015 0.084 0.102 0.006 0.023 0.107
221 L 0.054 0.017 0.013 0.014 0.091 0.012 0.017 0.022 0.011 0.082 0.215 0.019 0.036 0.18 0.011 0.03 0.027 0.008 0.05 0.091
222 F 0.027 0.015 0.014 0.014 0.008 0.009 0.015 0.02 0.013 0.055 0.088 0.015 0.02 0.508 0.009 0.026 0.021 0.013 0.067 0.044
223 H 0.033 0.036 0.041 0.03 0.006 0.03 0.041 0.03 0.5 0.018 0.03 0.036 0.012 0.024 0.015 0.033 0.021 0.006 0.044 0.018
224 Y 0.035 0.024 0.018 0.017 0.008 0.048 0.026 0.021 0.029 0.067 0.089 0.028 0.026 0.086 0.013 0.032 0.032 0.016 0.326 0.06
225 S 0.083 0.031 0.041 0.037 0.014 0.025 0.04 0.05 0.015 0.025 0.034 0.041 0.012 0.016 0.023 0.368 0.093 0.004 0.014 0.034
226 A 0.288 0.024 0.025 0.026 0.054 0.02 0.031 0.122 0.012 0.03 0.048 0.034 0.013 0.016 0.021 0.134 0.041 0.004 0.013 0.044
227 L 0.061 0.018 0.014 0.014 0.012 0.012 0.017 0.031 0.009 0.152 0.277 0.02 0.029 0.114 0.012 0.029 0.041 0.006 0.025 0.106
228 L 0.106 0.018 0.014 0.015 0.013 0.013 0.019 0.025 0.009 0.158 0.191 0.022 0.034 0.083 0.013 0.029 0.038 0.006 0.022 0.172
229 L 0.064 0.018 0.012 0.013 0.013 0.013 0.017 0.02 0.01 0.171 0.296 0.02 0.036 0.069 0.012 0.023 0.029 0.006 0.043 0.115
230 L 0.034 0.018 0.012 0.013 0.012 0.012 0.016 0.017 0.009 0.113 0.374 0.019 0.033 0.132 0.021 0.02 0.025 0.007 0.034 0.082
231 P 0.056 0.02 0.017 0.021 0.019 0.015 0.025 0.037 0.01 0.038 0.114 0.028 0.023 0.05 0.396 0.032 0.034 0.004 0.015 0.046
232 L 0.042 0.018 0.013 0.014 0.012 0.012 0.017 0.019 0.009 0.116 0.331 0.02 0.042 0.129 0.031 0.023 0.039 0.007 0.026 0.082
233 L 0.049 0.019 0.013 0.014 0.025 0.013 0.018 0.021 0.012 0.091 0.208 0.021 0.029 0.045 0.041 0.023 0.032 0.16 0.077 0.089
234 F 0.03 0.016 0.013 0.013 0.01 0.01 0.015 0.019 0.012 0.066 0.186 0.016 0.024 0.373 0.009 0.02 0.022 0.011 0.06 0.075
235 L 0.033 0.017 0.012 0.012 0.011 0.011 0.015 0.017 0.01 0.115 0.343 0.018 0.034 0.165 0.01 0.02 0.025 0.008 0.038 0.084
236 G 0.057 0.049 0.135 0.075 0.009 0.031 0.039 0.156 0.017 0.02 0.029 0.08 0.01 0.016 0.038 0.135 0.045 0.014 0.02 0.025
237 N 0.061 0.04 0.272 0.048 0.029 0.027 0.036 0.084 0.019 0.02 0.029 0.053 0.01 0.014 0.087 0.082 0.05 0.004 0.012 0.026
238 K 0.045 0.088 0.081 0.083 0.008 0.04 0.064 0.036 0.041 0.028 0.034 0.231 0.012 0.014 0.019 0.073 0.056 0.004 0.015 0.028
239 P 0.051 0.071 0.054 0.051 0.008 0.044 0.086 0.032 0.023 0.038 0.044 0.128 0.012 0.015 0.178 0.063 0.039 0.004 0.021 0.037
240 L 0.038 0.063 0.026 0.036 0.011 0.019 0.025 0.022 0.011 0.129 0.218 0.062 0.07 0.079 0.013 0.036 0.033 0.006 0.021 0.081
241 N 0.055 0.087 0.19 0.044 0.009 0.034 0.06 0.061 0.018 0.03 0.034 0.084 0.011 0.015 0.028 0.097 0.09 0.004 0.013 0.034
242 K 0.042 0.091 0.041 0.043 0.009 0.049 0.039 0.051 0.014 0.066 0.126 0.163 0.035 0.039 0.016 0.041 0.043 0.013 0.017 0.064
243 K 0.043 0.128 0.028 0.027 0.008 0.041 0.043 0.045 0.015 0.06 0.074 0.213 0.024 0.031 0.018 0.038 0.044 0.054 0.02 0.046
244 W 0.063 0.065 0.04 0.034 0.009 0.075 0.088 0.102 0.017 0.03 0.055 0.065 0.014 0.033 0.017 0.051 0.05 0.112 0.036 0.043
245 R 0.045 0.199 0.037 0.028 0.009 0.043 0.044 0.031 0.018 0.044 0.054 0.164 0.015 0.024 0.019 0.046 0.064 0.015 0.045 0.057
246 L 0.039 0.045 0.027 0.019 0.016 0.018 0.024 0.023 0.015 0.12 0.141 0.063 0.025 0.082 0.013 0.038 0.046 0.069 0.088 0.087
247 I 0.06 0.027 0.014 0.015 0.017 0.014 0.019 0.022 0.01 0.179 0.169 0.036 0.028 0.119 0.012 0.037 0.03 0.022 0.034 0.138
248 L 0.03 0.019 0.013 0.013 0.009 0.014 0.018 0.02 0.019 0.062 0.191 0.02 0.026 0.091 0.01 0.02 0.022 0.174 0.18 0.048
249 A 0.147 0.02 0.017 0.018 0.042 0.015 0.022 0.092 0.014 0.085 0.14 0.025 0.025 0.07 0.025 0.039 0.036 0.018 0.086 0.064
250 L 0.096 0.02 0.019 0.019 0.042 0.015 0.022 0.054 0.011 0.091 0.178 0.025 0.033 0.105 0.014 0.077 0.049 0.022 0.032 0.077
251 L 0.063 0.019 0.014 0.016 0.013 0.014 0.019 0.022 0.008 0.171 0.303 0.022 0.03 0.039 0.033 0.053 0.032 0.005 0.017 0.107
252 I 0.04 0.016 0.013 0.015 0.012 0.012 0.017 0.018 0.007 0.306 0.132 0.021 0.034 0.03 0.092 0.022 0.031 0.004 0.015 0.161
253 P 0.045 0.019 0.016 0.021 0.009 0.015 0.025 0.026 0.01 0.054 0.092 0.028 0.014 0.052 0.446 0.031 0.028 0.003 0.016 0.051
254 L 0.111 0.018 0.014 0.016 0.013 0.013 0.019 0.031 0.009 0.156 0.224 0.022 0.033 0.095 0.014 0.031 0.049 0.006 0.023 0.104
255 G 0.139 0.021 0.028 0.026 0.039 0.017 0.025 0.339 0.011 0.026 0.036 0.03 0.016 0.03 0.017 0.107 0.034 0.004 0.013 0.041
256 Y 0.033 0.021 0.016 0.014 0.018 0.016 0.021 0.029 0.031 0.05 0.072 0.023 0.022 0.117 0.012 0.024 0.023 0.019 0.385 0.054
257 L 0.08 0.018 0.013 0.015 0.016 0.013 0.018 0.022 0.008 0.178 0.221 0.021 0.031 0.063 0.013 0.035 0.032 0.005 0.019 0.181
258 L 0.066 0.017 0.014 0.015 0.027 0.013 0.017 0.022 0.009 0.191 0.208 0.021 0.046 0.104 0.012 0.034 0.036 0.006 0.024 0.117
259 Y 0.064 0.022 0.027 0.018 0.009 0.016 0.023 0.036 0.041 0.037 0.07 0.025 0.015 0.144 0.033 0.052 0.026 0.035 0.261 0.044
260 F 0.042 0.022 0.016 0.016 0.01 0.012 0.018 0.032 0.013 0.085 0.141 0.02 0.027 0.299 0.021 0.045 0.035 0.01 0.075 0.061
261 L 0.092 0.021 0.019 0.019 0.013 0.016 0.022 0.058 0.01 0.09 0.234 0.026 0.047 0.073 0.015 0.067 0.071 0.006 0.028 0.074
262 A 0.201 0.035 0.04 0.039 0.02 0.029 0.046 0.072 0.017 0.036 0.051 0.049 0.017 0.021 0.03 0.153 0.066 0.005 0.017 0.055
263 G 0.048 0.045 0.117 0.034 0.008 0.022 0.034 0.299 0.08 0.027 0.042 0.061 0.016 0.016 0.016 0.05 0.038 0.004 0.015 0.025
264 I 0.056 0.019 0.017 0.017 0.012 0.02 0.02 0.033 0.01 0.186 0.155 0.023 0.042 0.094 0.013 0.048 0.074 0.006 0.03 0.123
265 D 0.052 0.028 0.152 0.175 0.008 0.023 0.051 0.095 0.018 0.023 0.031 0.043 0.01 0.038 0.017 0.104 0.049 0.005 0.048 0.029
266 P 0.057 0.024 0.019 0.024 0.014 0.018 0.029 0.029 0.011 0.082 0.145 0.033 0.025 0.029 0.256 0.036 0.039 0.004 0.017 0.108
267 I 0.064 0.027 0.026 0.026 0.016 0.022 0.029 0.034 0.013 0.17 0.143 0.034 0.064 0.039 0.019 0.078 0.05 0.006 0.021 0.121
268 D 0.064 0.031 0.046 0.126 0.013 0.025 0.05 0.045 0.017 0.042 0.062 0.041 0.017 0.112 0.022 0.098 0.098 0.008 0.034 0.048
269 L 0.037 0.017 0.013 0.014 0.012 0.012 0.017 0.019 0.009 0.146 0.247 0.02 0.039 0.126 0.051 0.023 0.037 0.017 0.027 0.118
270 L 0.04 0.02 0.045 0.029 0.012 0.015 0.025 0.023 0.02 0.134 0.25 0.024 0.033 0.089 0.013 0.046 0.045 0.006 0.031 0.102
271 F 0.078 0.027 0.036 0.084 0.013 0.021 0.039 0.111 0.015 0.049 0.068 0.035 0.018 0.129 0.02 0.077 0.072 0.008 0.035 0.063
272 L 0.068 0.025 0.022 0.022 0.015 0.019 0.026 0.032 0.014 0.105 0.164 0.03 0.062 0.143 0.016 0.051 0.054 0.009 0.039 0.085
273 L 0.08 0.023 0.016 0.017 0.016 0.016 0.022 0.029 0.011 0.117 0.251 0.026 0.037 0.089 0.016 0.033 0.037 0.008 0.029 0.127
274 Q 0.056 0.073 0.044 0.047 0.009 0.215 0.103 0.041 0.029 0.026 0.047 0.091 0.021 0.015 0.023 0.056 0.041 0.006 0.021 0.035
275 L 0.07 0.037 0.033 0.043 0.011 0.039 0.046 0.076 0.013 0.073 0.108 0.06 0.038 0.053 0.016 0.086 0.071 0.005 0.025 0.097
276 N 0.053 0.039 0.194 0.184 0.01 0.032 0.063 0.059 0.025 0.023 0.032 0.05 0.011 0.017 0.022 0.09 0.05 0.004 0.014 0.028
277 F 0.046 0.025 0.072 0.031 0.013 0.018 0.027 0.033 0.016 0.126 0.109 0.03 0.026 0.153 0.016 0.043 0.072 0.009 0.042 0.093
278 L 0.095 0.029 0.083 0.039 0.011 0.021 0.036 0.055 0.03 0.069 0.105 0.042 0.051 0.055 0.016 0.087 0.066 0.006 0.032 0.072
279 L 0.04 0.018 0.014 0.015 0.013 0.013 0.017 0.019 0.008 0.229 0.263 0.021 0.03 0.043 0.022 0.036 0.058 0.005 0.017 0.119
280 S 0.11 0.04 0.054 0.049 0.018 0.033 0.053 0.066 0.019 0.03 0.042 0.054 0.016 0.021 0.03 0.218 0.082 0.005 0.018 0.042
281 P 0.051 0.023 0.051 0.074 0.008 0.025 0.041 0.042 0.02 0.02 0.028 0.034 0.008 0.011 0.448 0.049 0.03 0.002 0.011 0.024
282 I 0.036 0.016 0.012 0.015 0.012 0.018 0.023 0.017 0.008 0.352 0.173 0.02 0.029 0.052 0.012 0.02 0.03 0.005 0.026 0.125
283 V 0.07 0.022 0.016 0.018 0.019 0.016 0.023 0.025 0.008 0.165 0.13 0.026 0.032 0.036 0.016 0.033 0.049 0.006 0.021 0.269
284 N 0.043 0.045 0.317 0.083 0.009 0.034 0.049 0.065 0.032 0.022 0.032 0.054 0.011 0.018 0.02 0.07 0.049 0.004 0.016 0.027
285 S 0.11 0.04 0.054 0.049 0.018 0.033 0.052 0.066 0.019 0.03 0.042 0.054 0.016 0.021 0.03 0.22 0.082 0.005 0.018 0.042
286 F 0.034 0.019 0.017 0.017 0.011 0.011 0.019 0.025 0.017 0.063 0.114 0.019 0.025 0.387 0.011 0.025 0.025 0.017 0.089 0.055
287 Y 0.04 0.028 0.022 0.019 0.009 0.022 0.028 0.025 0.047 0.044 0.068 0.031 0.019 0.131 0.016 0.031 0.028 0.028 0.318 0.047
288 P 0.044 0.022 0.03 0.056 0.008 0.02 0.067 0.05 0.011 0.02 0.028 0.035 0.008 0.011 0.481 0.037 0.035 0.002 0.01 0.024
289 Y 0.045 0.021 0.021 0.035 0.009 0.028 0.025 0.094 0.027 0.043 0.09 0.025 0.025 0.152 0.023 0.046 0.025 0.023 0.199 0.045
290 I 0.043 0.016 0.02 0.015 0.012 0.011 0.016 0.029 0.008 0.27 0.184 0.019 0.039 0.101 0.011 0.022 0.029 0.006 0.023 0.126
291 Q 0.064 0.066 0.041 0.035 0.008 0.223 0.078 0.164 0.019 0.02 0.033 0.057 0.013 0.012 0.018 0.073 0.033 0.004 0.014 0.026
292 D 0.084 0.031 0.101 0.152 0.009 0.036 0.149 0.047 0.016 0.03 0.052 0.053 0.018 0.016 0.018 0.069 0.047 0.004 0.012 0.054
293 K 0.043 0.118 0.032 0.031 0.007 0.041 0.054 0.033 0.016 0.021 0.034 0.411 0.012 0.012 0.021 0.041 0.03 0.004 0.013 0.025
294 L 0.044 0.017 0.012 0.013 0.013 0.012 0.016 0.018 0.008 0.232 0.281 0.02 0.046 0.055 0.011 0.021 0.029 0.006 0.026 0.123
295 E 0.104 0.041 0.057 0.123 0.009 0.049 0.176 0.045 0.016 0.047 0.051 0.062 0.018 0.016 0.019 0.058 0.032 0.014 0.014 0.048
296 L 0.11 0.029 0.034 0.029 0.013 0.017 0.024 0.05 0.01 0.128 0.159 0.028 0.056 0.042 0.015 0.055 0.072 0.005 0.017 0.108
297 Y 0.031 0.022 0.017 0.014 0.007 0.017 0.022 0.019 0.036 0.034 0.053 0.024 0.014 0.101 0.012 0.024 0.022 0.022 0.471 0.036
298 Q 0.053 0.069 0.039 0.065 0.008 0.174 0.143 0.041 0.023 0.04 0.062 0.096 0.015 0.015 0.018 0.044 0.037 0.004 0.015 0.04
299 E 0.088 0.064 0.041 0.054 0.009 0.084 0.156 0.044 0.017 0.036 0.059 0.093 0.023 0.034 0.019 0.063 0.056 0.005 0.016 0.04
300 L 0.126 0.021 0.016 0.026 0.013 0.016 0.029 0.071 0.01 0.093 0.293 0.025 0.06 0.033 0.015 0.033 0.031 0.005 0.016 0.069
301 Q 0.069 0.101 0.029 0.031 0.01 0.117 0.076 0.032 0.016 0.05 0.063 0.089 0.037 0.018 0.019 0.053 0.109 0.005 0.015 0.064
302 E 0.061 0.05 0.04 0.146 0.007 0.06 0.263 0.032 0.018 0.024 0.031 0.1 0.011 0.013 0.02 0.046 0.03 0.004 0.013 0.03
303 S 0.056 0.05 0.045 0.041 0.011 0.048 0.053 0.036 0.017 0.045 0.08 0.118 0.04 0.028 0.019 0.146 0.062 0.006 0.057 0.041
304 E 0.055 0.05 0.041 0.09 0.007 0.065 0.295 0.035 0.026 0.022 0.037 0.076 0.013 0.017 0.026 0.055 0.037 0.006 0.017 0.031
305 G 0.078 0.02 0.039 0.029 0.009 0.017 0.034 0.514 0.011 0.017 0.025 0.029 0.008 0.013 0.016 0.061 0.041 0.004 0.009 0.023
306 D 0.048 0.034 0.026 0.121 0.01 0.026 0.049 0.05 0.013 0.103 0.104 0.058 0.036 0.081 0.015 0.033 0.047 0.006 0.037 0.102
307 G 0.078 0.023 0.039 0.034 0.011 0.019 0.026 0.509 0.014 0.019 0.028 0.034 0.009 0.016 0.019 0.051 0.03 0.005 0.011 0.024
308 D 0.041 0.03 0.069 0.396 0.008 0.03 0.092 0.047 0.019 0.022 0.028 0.045 0.009 0.015 0.022 0.052 0.035 0.004 0.011 0.024
309 L 0.099 0.028 0.049 0.034 0.012 0.037 0.063 0.064 0.014 0.074 0.121 0.042 0.078 0.056 0.017 0.073 0.036 0.005 0.019 0.081
310 N 0.043 0.045 0.315 0.083 0.009 0.034 0.05 0.065 0.032 0.023 0.032 0.054 0.011 0.018 0.02 0.07 0.05 0.005 0.016 0.027
311 G 0.087 0.05 0.05 0.055 0.012 0.042 0.053 0.154 0.016 0.051 0.054 0.124 0.016 0.019 0.021 0.05 0.038 0.005 0.015 0.089
312 G 0.06 0.024 0.052 0.093 0.01 0.02 0.043 0.14 0.03 0.047 0.059 0.037 0.031 0.083 0.015 0.074 0.057 0.042 0.031 0.05
313 D 0.078 0.035 0.08 0.164 0.01 0.025 0.088 0.053 0.014 0.037 0.047 0.038 0.012 0.016 0.024 0.098 0.096 0.004 0.012 0.067
314 E 0.09 0.048 0.042 0.107 0.009 0.039 0.173 0.052 0.02 0.024 0.038 0.082 0.012 0.024 0.02 0.097 0.067 0.005 0.022 0.031
315 I 0.047 0.016 0.013 0.014 0.013 0.012 0.016 0.018 0.007 0.297 0.165 0.02 0.033 0.041 0.012 0.024 0.051 0.005 0.017 0.177
316 N 0.036 0.034 0.416 0.087 0.007 0.027 0.054 0.049 0.023 0.018 0.025 0.042 0.009 0.014 0.016 0.067 0.038 0.004 0.012 0.021
317 V 0.048 0.018 0.014 0.015 0.013 0.013 0.019 0.02 0.007 0.158 0.153 0.026 0.025 0.037 0.063 0.028 0.039 0.004 0.016 0.282
318 F 0.028 0.016 0.013 0.013 0.009 0.009 0.016 0.02 0.013 0.066 0.12 0.023 0.021 0.445 0.009 0.02 0.021 0.012 0.072 0.054
319 N 0.049 0.04 0.353 0.073 0.008 0.025 0.038 0.098 0.021 0.018 0.026 0.041 0.009 0.014 0.017 0.093 0.039 0.004 0.012 0.023
320 P 0.107 0.02 0.024 0.019 0.012 0.015 0.023 0.029 0.012 0.09 0.133 0.026 0.019 0.047 0.155 0.041 0.05 0.036 0.049 0.093
