#Seq2Logo.py -f /work3/idamei/ssn-clusterings/clustering/2205161002/clusters/0011_77/sequences.afa -o /work3/idamei/ssn-clusterings/clustering/2205161002/clusters/0011_77/sequences.logo
#Position Specific Frequency Matrix
A R N D C Q E G H I L K M F P S T W Y V
0 L 0.05 0.031 0.019 0.019 0.016 0.027 0.027 0.027 0.016 0.097 0.19 0.035 0.189 0.047 0.016 0.035 0.039 0.008 0.023 0.089
1 K 0.081 0.069 0.067 0.038 0.011 0.038 0.051 0.043 0.018 0.069 0.097 0.179 0.021 0.024 0.023 0.051 0.04 0.005 0.017 0.058
2 I 0.058 0.027 0.085 0.037 0.015 0.021 0.031 0.038 0.015 0.179 0.114 0.035 0.027 0.034 0.019 0.075 0.05 0.005 0.019 0.118
3 S 0.079 0.058 0.118 0.055 0.013 0.038 0.056 0.06 0.022 0.027 0.039 0.111 0.014 0.019 0.027 0.144 0.063 0.005 0.017 0.036
4 R 0.129 0.133 0.026 0.026 0.015 0.029 0.037 0.044 0.016 0.114 0.091 0.062 0.023 0.028 0.021 0.051 0.041 0.006 0.018 0.092
5 I 0.068 0.025 0.028 0.028 0.017 0.02 0.029 0.036 0.012 0.194 0.125 0.034 0.03 0.036 0.02 0.092 0.054 0.006 0.019 0.131
6 N 0.076 0.042 0.187 0.066 0.013 0.033 0.051 0.065 0.025 0.026 0.037 0.054 0.013 0.019 0.025 0.147 0.065 0.005 0.017 0.034
7 V 0.063 0.047 0.03 0.032 0.014 0.118 0.063 0.033 0.019 0.095 0.088 0.058 0.026 0.025 0.02 0.044 0.045 0.006 0.02 0.154
8 F 0.071 0.029 0.035 0.033 0.014 0.022 0.036 0.046 0.018 0.046 0.078 0.036 0.02 0.205 0.02 0.125 0.053 0.011 0.053 0.048
9 A 0.29 0.031 0.026 0.03 0.022 0.026 0.04 0.078 0.015 0.043 0.059 0.045 0.018 0.022 0.03 0.085 0.05 0.005 0.018 0.069
10 C 0.048 0.105 0.034 0.116 0.13 0.026 0.045 0.033 0.015 0.051 0.13 0.052 0.022 0.027 0.018 0.04 0.035 0.005 0.016 0.052
11 K 0.049 0.125 0.092 0.042 0.01 0.04 0.052 0.04 0.021 0.076 0.066 0.154 0.019 0.022 0.022 0.049 0.04 0.005 0.017 0.059
12 C 0.065 0.016 0.016 0.016 0.484 0.012 0.016 0.032 0.008 0.045 0.065 0.02 0.016 0.02 0.016 0.041 0.037 0.004 0.012 0.057
13 K 0.057 0.107 0.042 0.042 0.009 0.054 0.071 0.043 0.021 0.028 0.043 0.278 0.016 0.016 0.028 0.054 0.04 0.005 0.017 0.033
14 D 0.041 0.03 0.069 0.397 0.008 0.03 0.091 0.047 0.019 0.022 0.028 0.045 0.009 0.015 0.022 0.052 0.035 0.004 0.011 0.024
15 F 0.034 0.019 0.017 0.017 0.011 0.011 0.019 0.025 0.017 0.063 0.114 0.019 0.025 0.387 0.011 0.025 0.025 0.017 0.089 0.055
16 L 0.108 0.043 0.028 0.028 0.016 0.028 0.038 0.042 0.013 0.08 0.136 0.085 0.026 0.03 0.023 0.057 0.085 0.006 0.019 0.109
17 R 0.048 0.189 0.036 0.032 0.008 0.045 0.054 0.035 0.027 0.029 0.049 0.169 0.016 0.039 0.022 0.045 0.035 0.01 0.079 0.034
18 W 0.046 0.024 0.02 0.019 0.012 0.017 0.024 0.027 0.02 0.073 0.117 0.027 0.024 0.105 0.014 0.034 0.058 0.128 0.112 0.098
19 F 0.049 0.022 0.021 0.021 0.07 0.015 0.022 0.028 0.012 0.117 0.139 0.026 0.027 0.149 0.016 0.041 0.087 0.009 0.039 0.089
20 L 0.091 0.027 0.028 0.027 0.016 0.02 0.03 0.04 0.014 0.11 0.128 0.034 0.026 0.104 0.02 0.09 0.073 0.008 0.031 0.085
21 L 0.049 0.025 0.026 0.051 0.011 0.019 0.029 0.14 0.023 0.059 0.169 0.03 0.026 0.067 0.016 0.034 0.03 0.013 0.129 0.055
22 V 0.079 0.028 0.031 0.03 0.017 0.022 0.033 0.039 0.012 0.117 0.093 0.036 0.024 0.029 0.021 0.112 0.083 0.005 0.019 0.166
23 L 0.053 0.022 0.018 0.019 0.016 0.016 0.022 0.025 0.011 0.133 0.182 0.026 0.033 0.11 0.015 0.034 0.065 0.008 0.033 0.161
24 L 0.046 0.023 0.014 0.015 0.016 0.016 0.02 0.021 0.01 0.117 0.365 0.025 0.046 0.051 0.014 0.024 0.034 0.007 0.021 0.116
25 L 0.107 0.024 0.017 0.018 0.017 0.017 0.024 0.034 0.011 0.095 0.254 0.028 0.036 0.084 0.017 0.038 0.037 0.007 0.028 0.105
26 F 0.033 0.018 0.016 0.016 0.01 0.01 0.018 0.025 0.016 0.061 0.11 0.018 0.025 0.408 0.01 0.025 0.025 0.016 0.086 0.053
27 L 0.05 0.023 0.02 0.02 0.07 0.017 0.023 0.029 0.013 0.075 0.194 0.026 0.049 0.167 0.015 0.053 0.036 0.01 0.042 0.068
28 F 0.041 0.021 0.02 0.02 0.011 0.013 0.022 0.029 0.017 0.057 0.102 0.022 0.023 0.363 0.012 0.05 0.031 0.015 0.078 0.052
29 I 0.055 0.019 0.015 0.017 0.017 0.014 0.019 0.022 0.008 0.238 0.147 0.024 0.033 0.039 0.015 0.027 0.042 0.006 0.02 0.223
30 F 0.035 0.021 0.018 0.017 0.01 0.014 0.021 0.024 0.026 0.055 0.095 0.022 0.022 0.31 0.012 0.026 0.025 0.02 0.174 0.05
31 A 0.231 0.032 0.066 0.037 0.018 0.026 0.04 0.125 0.017 0.035 0.049 0.044 0.015 0.02 0.026 0.096 0.049 0.005 0.016 0.054
32 F 0.036 0.018 0.016 0.017 0.011 0.011 0.018 0.023 0.015 0.115 0.122 0.019 0.027 0.323 0.011 0.024 0.028 0.014 0.071 0.08
33 P 0.056 0.114 0.03 0.032 0.01 0.031 0.044 0.037 0.016 0.025 0.038 0.089 0.012 0.014 0.304 0.059 0.038 0.004 0.014 0.031
34 L 0.044 0.021 0.014 0.016 0.016 0.014 0.018 0.02 0.009 0.189 0.297 0.024 0.043 0.049 0.014 0.024 0.035 0.006 0.021 0.126
35 P 0.047 0.023 0.02 0.024 0.011 0.017 0.028 0.03 0.017 0.067 0.071 0.032 0.017 0.12 0.281 0.035 0.032 0.009 0.068 0.053
36 G 0.065 0.032 0.027 0.027 0.014 0.022 0.03 0.145 0.012 0.122 0.123 0.061 0.025 0.03 0.019 0.06 0.042 0.005 0.017 0.12
37 L 0.042 0.02 0.015 0.016 0.014 0.013 0.019 0.023 0.012 0.117 0.217 0.022 0.035 0.2 0.013 0.025 0.031 0.011 0.048 0.108
38 L 0.053 0.03 0.023 0.023 0.013 0.019 0.026 0.141 0.013 0.097 0.157 0.057 0.027 0.105 0.016 0.034 0.033 0.008 0.03 0.094
39 N 0.045 0.041 0.272 0.07 0.009 0.031 0.046 0.113 0.068 0.021 0.031 0.049 0.011 0.019 0.019 0.062 0.043 0.005 0.019 0.025
40 S 0.102 0.038 0.051 0.046 0.017 0.031 0.049 0.062 0.018 0.031 0.043 0.051 0.016 0.021 0.028 0.228 0.101 0.005 0.017 0.044
41 G 0.132 0.03 0.039 0.078 0.016 0.025 0.043 0.146 0.015 0.047 0.053 0.041 0.016 0.021 0.024 0.105 0.076 0.005 0.015 0.074
42 Y 0.04 0.033 0.032 0.025 0.008 0.027 0.036 0.029 0.16 0.035 0.056 0.035 0.017 0.093 0.016 0.034 0.027 0.02 0.242 0.037
43 L 0.05 0.021 0.014 0.016 0.016 0.015 0.019 0.021 0.009 0.186 0.253 0.024 0.04 0.045 0.014 0.026 0.038 0.006 0.021 0.166
44 A 0.19 0.029 0.031 0.031 0.018 0.024 0.037 0.115 0.014 0.069 0.066 0.04 0.019 0.023 0.025 0.106 0.052 0.005 0.017 0.09
45 F 0.054 0.027 0.027 0.025 0.014 0.02 0.028 0.032 0.02 0.084 0.122 0.032 0.025 0.137 0.018 0.066 0.091 0.012 0.096 0.072
46 V 0.064 0.024 0.023 0.023 0.017 0.018 0.026 0.03 0.011 0.147 0.114 0.029 0.028 0.076 0.018 0.061 0.073 0.007 0.027 0.187
47 L 0.042 0.02 0.014 0.016 0.015 0.013 0.018 0.021 0.01 0.187 0.233 0.023 0.038 0.116 0.013 0.024 0.034 0.008 0.033 0.121
48 A 0.17 0.033 0.037 0.036 0.019 0.027 0.042 0.061 0.015 0.051 0.059 0.045 0.018 0.022 0.027 0.147 0.087 0.005 0.017 0.082
49 F 0.068 0.021 0.016 0.017 0.013 0.014 0.021 0.029 0.014 0.074 0.192 0.023 0.031 0.254 0.013 0.031 0.03 0.012 0.058 0.067
50 L 0.073 0.02 0.016 0.018 0.015 0.014 0.02 0.028 0.011 0.17 0.192 0.024 0.034 0.127 0.015 0.031 0.035 0.008 0.035 0.114
51 L 0.049 0.023 0.019 0.019 0.015 0.017 0.023 0.026 0.014 0.133 0.243 0.027 0.036 0.093 0.015 0.05 0.038 0.009 0.053 0.097
52 L 0.045 0.022 0.014 0.015 0.015 0.015 0.019 0.021 0.01 0.132 0.305 0.024 0.042 0.09 0.014 0.025 0.034 0.008 0.029 0.12
53 L 0.041 0.021 0.014 0.016 0.014 0.014 0.019 0.021 0.011 0.135 0.285 0.023 0.04 0.133 0.013 0.024 0.032 0.009 0.036 0.099
54 L 0.081 0.022 0.018 0.019 0.127 0.015 0.022 0.032 0.011 0.077 0.157 0.026 0.027 0.119 0.016 0.04 0.053 0.008 0.033 0.093
55 S 0.079 0.039 0.142 0.1 0.013 0.032 0.054 0.062 0.022 0.026 0.036 0.051 0.013 0.019 0.025 0.169 0.064 0.005 0.016 0.034
56 Q 0.056 0.089 0.034 0.034 0.067 0.103 0.06 0.038 0.02 0.049 0.056 0.091 0.018 0.023 0.02 0.067 0.041 0.063 0.023 0.046
57 K 0.059 0.125 0.076 0.049 0.01 0.045 0.086 0.044 0.021 0.028 0.043 0.153 0.015 0.017 0.024 0.079 0.07 0.005 0.017 0.036
58 A 0.146 0.083 0.029 0.03 0.015 0.031 0.042 0.105 0.015 0.066 0.065 0.107 0.018 0.022 0.023 0.057 0.041 0.005 0.017 0.084
59 R 0.046 0.172 0.029 0.025 0.012 0.033 0.038 0.028 0.058 0.067 0.151 0.067 0.044 0.032 0.017 0.036 0.035 0.006 0.023 0.081
60 N 0.053 0.046 0.178 0.056 0.011 0.032 0.047 0.051 0.064 0.057 0.051 0.076 0.016 0.022 0.021 0.08 0.064 0.005 0.021 0.048
61 L 0.05 0.024 0.052 0.023 0.071 0.017 0.023 0.027 0.011 0.124 0.237 0.027 0.035 0.04 0.015 0.032 0.038 0.006 0.019 0.128
62 L 0.106 0.025 0.02 0.021 0.015 0.017 0.026 0.037 0.013 0.073 0.192 0.029 0.03 0.151 0.018 0.045 0.061 0.009 0.04 0.072
63 L 0.082 0.035 0.026 0.025 0.014 0.023 0.033 0.036 0.017 0.068 0.115 0.063 0.024 0.112 0.02 0.051 0.09 0.01 0.068 0.087
64 S 0.104 0.069 0.036 0.033 0.016 0.027 0.038 0.103 0.015 0.077 0.068 0.049 0.019 0.024 0.023 0.113 0.078 0.005 0.017 0.088
65 L 0.072 0.022 0.016 0.017 0.015 0.015 0.021 0.028 0.012 0.113 0.264 0.025 0.038 0.13 0.015 0.031 0.033 0.009 0.036 0.09
66 L 0.046 0.021 0.017 0.018 0.015 0.015 0.021 0.023 0.01 0.177 0.226 0.025 0.037 0.086 0.015 0.032 0.062 0.007 0.028 0.118
67 K 0.064 0.121 0.042 0.04 0.01 0.047 0.063 0.045 0.02 0.027 0.042 0.233 0.015 0.016 0.026 0.088 0.046 0.005 0.017 0.033
68 N 0.055 0.051 0.145 0.059 0.011 0.06 0.085 0.048 0.023 0.032 0.044 0.085 0.015 0.018 0.024 0.069 0.113 0.005 0.017 0.041
69 K 0.081 0.13 0.037 0.035 0.01 0.042 0.056 0.042 0.06 0.027 0.043 0.177 0.015 0.017 0.08 0.051 0.037 0.005 0.021 0.034
70 I 0.045 0.024 0.018 0.02 0.013 0.039 0.028 0.024 0.013 0.168 0.127 0.029 0.029 0.165 0.014 0.029 0.035 0.009 0.043 0.128
71 F 0.054 0.023 0.023 0.022 0.015 0.017 0.025 0.03 0.013 0.128 0.144 0.028 0.029 0.15 0.016 0.058 0.066 0.009 0.04 0.113
72 L 0.04 0.021 0.015 0.016 0.013 0.014 0.02 0.023 0.015 0.148 0.182 0.023 0.032 0.127 0.013 0.025 0.031 0.069 0.075 0.099
73 L 0.055 0.024 0.022 0.022 0.071 0.017 0.024 0.03 0.011 0.117 0.2 0.028 0.032 0.081 0.017 0.059 0.066 0.007 0.026 0.09
74 L 0.11 0.027 0.025 0.025 0.017 0.021 0.03 0.041 0.012 0.121 0.195 0.034 0.032 0.037 0.02 0.086 0.048 0.006 0.019 0.094
75 L 0.072 0.022 0.016 0.018 0.014 0.016 0.022 0.028 0.015 0.128 0.21 0.026 0.034 0.124 0.015 0.031 0.033 0.011 0.07 0.095
76 L 0.091 0.027 0.024 0.024 0.016 0.02 0.029 0.038 0.013 0.084 0.211 0.032 0.032 0.08 0.019 0.083 0.046 0.007 0.027 0.096
77 L 0.093 0.027 0.027 0.027 0.016 0.02 0.031 0.041 0.013 0.115 0.161 0.034 0.029 0.078 0.02 0.099 0.049 0.007 0.027 0.087
78 Y 0.042 0.029 0.021 0.02 0.011 0.043 0.032 0.025 0.029 0.085 0.144 0.034 0.027 0.122 0.015 0.03 0.031 0.017 0.176 0.068
79 L 0.101 0.023 0.016 0.018 0.017 0.017 0.024 0.032 0.01 0.13 0.242 0.028 0.037 0.041 0.017 0.037 0.04 0.006 0.02 0.143
80 F 0.083 0.023 0.023 0.023 0.051 0.017 0.025 0.093 0.014 0.06 0.149 0.028 0.026 0.161 0.017 0.061 0.037 0.009 0.041 0.059
81 L 0.043 0.021 0.015 0.016 0.015 0.015 0.019 0.021 0.011 0.168 0.267 0.024 0.052 0.09 0.014 0.025 0.034 0.008 0.029 0.115
82 L 0.046 0.02 0.015 0.016 0.015 0.014 0.019 0.021 0.01 0.196 0.224 0.023 0.038 0.087 0.014 0.025 0.036 0.007 0.028 0.147
83 L 0.051 0.023 0.022 0.022 0.014 0.017 0.024 0.029 0.013 0.122 0.175 0.028 0.031 0.152 0.016 0.057 0.064 0.009 0.04 0.09
84 F 0.039 0.022 0.018 0.017 0.011 0.015 0.022 0.024 0.025 0.066 0.097 0.023 0.023 0.267 0.013 0.027 0.028 0.019 0.166 0.078
85 S 0.092 0.034 0.045 0.041 0.016 0.028 0.042 0.11 0.016 0.061 0.056 0.046 0.017 0.023 0.026 0.18 0.091 0.005 0.017 0.057
86 L 0.053 0.022 0.02 0.02 0.108 0.016 0.022 0.029 0.012 0.118 0.147 0.026 0.046 0.121 0.015 0.054 0.039 0.008 0.034 0.088
87 I 0.078 0.021 0.016 0.018 0.016 0.015 0.021 0.028 0.011 0.159 0.157 0.025 0.031 0.124 0.015 0.033 0.038 0.008 0.035 0.151
88 S 0.076 0.035 0.109 0.047 0.015 0.027 0.041 0.052 0.018 0.076 0.065 0.045 0.019 0.024 0.023 0.137 0.086 0.005 0.017 0.085
89 T 0.093 0.03 0.032 0.029 0.017 0.023 0.033 0.04 0.012 0.074 0.134 0.038 0.026 0.03 0.023 0.069 0.174 0.006 0.018 0.099
90 L 0.059 0.026 0.026 0.025 0.016 0.02 0.028 0.031 0.015 0.126 0.165 0.032 0.03 0.047 0.019 0.066 0.095 0.008 0.056 0.109
91 L 0.046 0.02 0.014 0.016 0.015 0.014 0.019 0.021 0.01 0.175 0.251 0.023 0.039 0.088 0.014 0.025 0.035 0.007 0.028 0.138
92 N 0.05 0.037 0.165 0.052 0.011 0.029 0.042 0.047 0.104 0.086 0.064 0.044 0.018 0.026 0.019 0.072 0.044 0.005 0.026 0.06
93 G 0.057 0.038 0.145 0.051 0.009 0.051 0.044 0.253 0.063 0.021 0.032 0.047 0.012 0.018 0.019 0.055 0.036 0.005 0.018 0.025
94 S 0.107 0.041 0.043 0.046 0.015 0.057 0.082 0.052 0.018 0.036 0.049 0.055 0.017 0.02 0.027 0.135 0.125 0.005 0.017 0.05
95 Y 0.044 0.029 0.03 0.073 0.009 0.027 0.068 0.066 0.037 0.036 0.055 0.037 0.016 0.092 0.017 0.037 0.029 0.02 0.24 0.039
96 D 0.04 0.029 0.067 0.418 0.007 0.029 0.088 0.045 0.018 0.022 0.027 0.043 0.009 0.014 0.022 0.05 0.034 0.004 0.011 0.023
97 F 0.04 0.02 0.016 0.017 0.012 0.013 0.02 0.024 0.017 0.101 0.135 0.021 0.028 0.263 0.012 0.026 0.03 0.014 0.095 0.097
98 S 0.086 0.034 0.042 0.038 0.016 0.028 0.042 0.05 0.019 0.051 0.058 0.045 0.018 0.035 0.025 0.16 0.114 0.008 0.055 0.077
99 I 0.047 0.02 0.015 0.018 0.016 0.016 0.019 0.022 0.01 0.25 0.169 0.026 0.071 0.044 0.015 0.027 0.039 0.006 0.021 0.152
100 L 0.045 0.024 0.054 0.025 0.013 0.017 0.023 0.083 0.014 0.12 0.176 0.028 0.048 0.121 0.014 0.033 0.034 0.008 0.034 0.085
101 R 0.082 0.166 0.035 0.033 0.01 0.04 0.05 0.095 0.019 0.026 0.042 0.153 0.014 0.016 0.077 0.051 0.036 0.005 0.016 0.034
102 T 0.068 0.032 0.037 0.033 0.016 0.025 0.036 0.039 0.013 0.06 0.066 0.041 0.019 0.023 0.079 0.078 0.223 0.005 0.017 0.089
103 L 0.041 0.023 0.015 0.015 0.014 0.016 0.021 0.023 0.011 0.112 0.272 0.025 0.055 0.052 0.012 0.024 0.031 0.119 0.031 0.087
104 I 0.078 0.021 0.019 0.02 0.015 0.015 0.023 0.03 0.011 0.174 0.123 0.027 0.029 0.119 0.016 0.039 0.064 0.008 0.034 0.135
105 N 0.041 0.043 0.343 0.08 0.009 0.032 0.047 0.063 0.03 0.022 0.03 0.052 0.011 0.017 0.019 0.067 0.047 0.004 0.015 0.026
106 N 0.045 0.039 0.278 0.112 0.009 0.03 0.049 0.113 0.027 0.021 0.03 0.049 0.01 0.017 0.02 0.063 0.044 0.004 0.014 0.025
107 L 0.074 0.021 0.016 0.017 0.015 0.015 0.021 0.028 0.011 0.139 0.214 0.025 0.034 0.124 0.015 0.031 0.035 0.008 0.035 0.121
108 L 0.072 0.022 0.016 0.017 0.015 0.015 0.021 0.027 0.011 0.134 0.244 0.025 0.036 0.126 0.015 0.03 0.034 0.008 0.035 0.098
109 S 0.153 0.037 0.046 0.043 0.018 0.03 0.048 0.066 0.018 0.031 0.044 0.05 0.015 0.02 0.029 0.213 0.072 0.005 0.017 0.046
110 L 0.049 0.023 0.018 0.018 0.015 0.016 0.022 0.024 0.011 0.104 0.237 0.025 0.035 0.125 0.015 0.033 0.061 0.008 0.035 0.126
111 L 0.044 0.021 0.015 0.016 0.014 0.013 0.02 0.023 0.012 0.099 0.21 0.022 0.034 0.208 0.013 0.026 0.032 0.011 0.049 0.12
112 G 0.114 0.03 0.04 0.037 0.069 0.024 0.037 0.216 0.015 0.028 0.04 0.041 0.013 0.019 0.024 0.141 0.054 0.005 0.014 0.039
113 C 0.132 0.027 0.03 0.029 0.18 0.021 0.033 0.051 0.013 0.066 0.065 0.036 0.018 0.023 0.023 0.117 0.053 0.005 0.015 0.065
114 L 0.09 0.025 0.021 0.021 0.017 0.019 0.027 0.033 0.011 0.129 0.18 0.031 0.05 0.038 0.018 0.059 0.046 0.006 0.02 0.16
115 I 0.134 0.022 0.018 0.021 0.017 0.017 0.025 0.039 0.011 0.166 0.147 0.029 0.029 0.077 0.018 0.043 0.039 0.007 0.026 0.114
116 L 0.046 0.021 0.015 0.016 0.015 0.014 0.02 0.022 0.011 0.131 0.248 0.023 0.037 0.127 0.013 0.026 0.035 0.008 0.035 0.138
117 V 0.12 0.024 0.021 0.023 0.018 0.019 0.027 0.038 0.011 0.165 0.113 0.031 0.027 0.032 0.02 0.064 0.048 0.005 0.019 0.175
118 S 0.114 0.032 0.04 0.037 0.071 0.026 0.04 0.054 0.015 0.064 0.061 0.043 0.018 0.023 0.025 0.165 0.088 0.005 0.017 0.062
119 L 0.052 0.026 0.022 0.021 0.069 0.019 0.026 0.028 0.052 0.084 0.282 0.029 0.037 0.043 0.016 0.052 0.037 0.006 0.024 0.075
120 L 0.043 0.022 0.015 0.016 0.014 0.015 0.02 0.022 0.015 0.118 0.241 0.024 0.036 0.137 0.013 0.025 0.032 0.011 0.071 0.11
121 F 0.038 0.02 0.017 0.017 0.012 0.014 0.02 0.023 0.02 0.115 0.144 0.023 0.028 0.226 0.013 0.025 0.029 0.015 0.121 0.082
122 S 0.074 0.037 0.037 0.04 0.014 0.054 0.076 0.042 0.02 0.06 0.065 0.049 0.019 0.034 0.023 0.115 0.079 0.008 0.054 0.099
123 W 0.041 0.033 0.027 0.025 0.009 0.048 0.038 0.032 0.066 0.036 0.059 0.036 0.018 0.097 0.014 0.038 0.057 0.199 0.09 0.039
124 F 0.097 0.027 0.085 0.036 0.012 0.02 0.03 0.142 0.018 0.042 0.069 0.034 0.018 0.169 0.018 0.051 0.035 0.01 0.044 0.045
125 G 0.094 0.031 0.047 0.041 0.014 0.026 0.039 0.289 0.016 0.024 0.035 0.044 0.013 0.019 0.024 0.136 0.056 0.005 0.014 0.033
126 G 0.065 0.079 0.076 0.041 0.011 0.056 0.048 0.106 0.024 0.027 0.041 0.058 0.014 0.03 0.083 0.097 0.046 0.008 0.056 0.034
127 K 0.058 0.103 0.108 0.048 0.009 0.041 0.055 0.102 0.022 0.024 0.038 0.17 0.013 0.016 0.023 0.076 0.043 0.005 0.016 0.03
128 K 0.051 0.095 0.041 0.12 0.009 0.06 0.065 0.038 0.019 0.039 0.048 0.141 0.015 0.017 0.077 0.047 0.038 0.005 0.016 0.059
129 N 0.055 0.076 0.177 0.056 0.01 0.032 0.045 0.106 0.063 0.025 0.037 0.055 0.013 0.019 0.021 0.082 0.07 0.005 0.02 0.032
130 I 0.051 0.019 0.015 0.017 0.016 0.014 0.019 0.022 0.009 0.226 0.144 0.023 0.032 0.081 0.014 0.027 0.04 0.007 0.027 0.199
131 F 0.047 0.026 0.023 0.034 0.011 0.025 0.088 0.081 0.019 0.104 0.123 0.035 0.024 0.126 0.016 0.034 0.032 0.01 0.069 0.074
132 D 0.047 0.065 0.084 0.171 0.008 0.04 0.071 0.044 0.06 0.024 0.035 0.161 0.012 0.017 0.023 0.052 0.036 0.005 0.019 0.027
133 L 0.041 0.025 0.02 0.018 0.013 0.018 0.024 0.023 0.059 0.101 0.226 0.027 0.033 0.105 0.014 0.027 0.03 0.012 0.104 0.078
134 L 0.04 0.023 0.016 0.016 0.013 0.016 0.021 0.024 0.014 0.086 0.224 0.024 0.07 0.21 0.013 0.026 0.03 0.011 0.05 0.074
135 F 0.06 0.023 0.023 0.022 0.069 0.016 0.025 0.031 0.012 0.087 0.097 0.027 0.024 0.155 0.017 0.061 0.067 0.009 0.04 0.135
136 L 0.08 0.029 0.028 0.026 0.014 0.023 0.032 0.035 0.097 0.108 0.151 0.034 0.027 0.046 0.018 0.06 0.038 0.009 0.063 0.08
137 I 0.05 0.019 0.014 0.017 0.016 0.014 0.018 0.021 0.008 0.247 0.18 0.023 0.036 0.042 0.014 0.026 0.04 0.006 0.02 0.19
138 L 0.072 0.024 0.015 0.016 0.016 0.016 0.021 0.027 0.011 0.098 0.329 0.026 0.042 0.089 0.015 0.03 0.033 0.008 0.028 0.085
139 L 0.043 0.022 0.015 0.016 0.014 0.015 0.02 0.023 0.012 0.119 0.223 0.023 0.053 0.168 0.013 0.026 0.033 0.01 0.043 0.11
140 L 0.044 0.021 0.014 0.016 0.016 0.014 0.018 0.02 0.009 0.195 0.294 0.024 0.042 0.048 0.014 0.024 0.035 0.006 0.021 0.127
141 Q 0.054 0.071 0.042 0.045 0.008 0.245 0.099 0.04 0.028 0.025 0.045 0.088 0.02 0.014 0.023 0.054 0.04 0.006 0.02 0.034
142 S 0.117 0.036 0.046 0.041 0.017 0.029 0.045 0.058 0.016 0.038 0.05 0.048 0.017 0.021 0.028 0.178 0.141 0.005 0.017 0.052
143 F 0.04 0.019 0.015 0.016 0.013 0.012 0.019 0.023 0.013 0.13 0.155 0.021 0.03 0.247 0.012 0.025 0.031 0.012 0.056 0.11
144 F 0.077 0.024 0.021 0.021 0.014 0.017 0.025 0.033 0.017 0.091 0.161 0.028 0.028 0.172 0.016 0.056 0.037 0.012 0.077 0.074
145 I 0.045 0.017 0.014 0.017 0.016 0.013 0.017 0.02 0.008 0.299 0.161 0.023 0.035 0.042 0.014 0.024 0.038 0.006 0.02 0.17
146 L 0.043 0.022 0.015 0.016 0.015 0.015 0.019 0.021 0.011 0.166 0.265 0.024 0.057 0.088 0.014 0.025 0.034 0.008 0.028 0.113
147 L 0.105 0.023 0.016 0.019 0.017 0.017 0.023 0.032 0.01 0.158 0.244 0.028 0.037 0.042 0.017 0.037 0.038 0.006 0.02 0.112
148 L 0.08 0.031 0.02 0.02 0.016 0.027 0.028 0.032 0.015 0.09 0.175 0.036 0.173 0.044 0.017 0.04 0.04 0.007 0.022 0.086
149 L 0.046 0.024 0.016 0.017 0.016 0.019 0.021 0.023 0.011 0.148 0.277 0.027 0.093 0.048 0.014 0.027 0.036 0.007 0.022 0.108
150 L 0.044 0.021 0.015 0.016 0.015 0.014 0.019 0.022 0.011 0.147 0.252 0.023 0.038 0.128 0.013 0.025 0.033 0.008 0.035 0.124
151 F 0.059 0.026 0.029 0.027 0.013 0.019 0.03 0.038 0.017 0.054 0.095 0.031 0.04 0.24 0.017 0.101 0.044 0.012 0.056 0.053
152 P 0.06 0.026 0.026 0.032 0.011 0.021 0.037 0.038 0.013 0.025 0.035 0.041 0.01 0.013 0.459 0.065 0.04 0.003 0.013 0.031
153 D 0.059 0.039 0.085 0.188 0.009 0.041 0.154 0.047 0.022 0.023 0.033 0.056 0.012 0.016 0.024 0.097 0.046 0.005 0.014 0.03
154 I 0.043 0.019 0.015 0.017 0.014 0.013 0.018 0.022 0.011 0.183 0.167 0.022 0.033 0.165 0.013 0.025 0.034 0.009 0.042 0.136
155 R 0.053 0.186 0.141 0.049 0.009 0.037 0.047 0.101 0.024 0.022 0.037 0.078 0.013 0.017 0.02 0.075 0.043 0.005 0.015 0.029
156 E 0.084 0.04 0.079 0.149 0.01 0.044 0.179 0.047 0.022 0.024 0.036 0.058 0.012 0.017 0.024 0.079 0.043 0.005 0.015 0.033
157 F 0.047 0.023 0.019 0.018 0.014 0.016 0.023 0.025 0.016 0.091 0.168 0.025 0.03 0.173 0.015 0.034 0.059 0.012 0.078 0.117
158 I 0.05 0.019 0.014 0.017 0.016 0.014 0.018 0.021 0.008 0.247 0.18 0.023 0.036 0.042 0.014 0.026 0.04 0.006 0.02 0.19
159 Q 0.054 0.071 0.042 0.045 0.008 0.245 0.099 0.04 0.028 0.025 0.045 0.088 0.02 0.014 0.023 0.054 0.04 0.006 0.02 0.034
160 S 0.129 0.038 0.049 0.045 0.017 0.031 0.049 0.065 0.018 0.03 0.042 0.051 0.015 0.02 0.029 0.231 0.075 0.005 0.017 0.043
161 L 0.044 0.024 0.053 0.024 0.013 0.017 0.024 0.027 0.02 0.127 0.169 0.028 0.03 0.1 0.015 0.031 0.035 0.012 0.099 0.11
162 I 0.05 0.019 0.014 0.017 0.016 0.014 0.018 0.021 0.008 0.247 0.18 0.023 0.036 0.042 0.014 0.026 0.04 0.006 0.02 0.19
163 R 0.043 0.37 0.037 0.03 0.007 0.047 0.05 0.032 0.022 0.022 0.045 0.116 0.015 0.017 0.019 0.043 0.034 0.006 0.017 0.03
164 T 0.071 0.036 0.076 0.042 0.016 0.028 0.04 0.047 0.016 0.045 0.057 0.045 0.018 0.022 0.026 0.105 0.228 0.005 0.017 0.06
165 D 0.047 0.054 0.052 0.22 0.008 0.065 0.137 0.041 0.021 0.023 0.034 0.113 0.012 0.015 0.023 0.052 0.036 0.004 0.014 0.028
166 S 0.132 0.035 0.048 0.13 0.014 0.033 0.087 0.059 0.018 0.029 0.041 0.05 0.014 0.019 0.027 0.146 0.057 0.005 0.015 0.041
167 E 0.053 0.055 0.04 0.073 0.008 0.123 0.249 0.036 0.026 0.023 0.039 0.078 0.015 0.015 0.024 0.053 0.037 0.005 0.017 0.031
168 L 0.078 0.024 0.019 0.02 0.016 0.018 0.024 0.029 0.011 0.158 0.221 0.029 0.053 0.042 0.017 0.039 0.064 0.006 0.02 0.112
169 E 0.052 0.046 0.042 0.124 0.007 0.058 0.297 0.035 0.024 0.021 0.034 0.069 0.012 0.016 0.024 0.053 0.035 0.005 0.015 0.029
170 R 0.039 0.215 0.028 0.024 0.009 0.032 0.037 0.028 0.023 0.037 0.069 0.074 0.018 0.16 0.015 0.035 0.03 0.012 0.076 0.039
171 M 0.05 0.031 0.019 0.019 0.015 0.027 0.027 0.027 0.015 0.097 0.189 0.035 0.193 0.046 0.015 0.035 0.039 0.008 0.023 0.089
172 A 0.247 0.033 0.034 0.035 0.019 0.027 0.043 0.071 0.016 0.037 0.052 0.046 0.016 0.021 0.029 0.138 0.058 0.005 0.017 0.058
173 A 0.133 0.049 0.132 0.052 0.013 0.095 0.063 0.061 0.025 0.03 0.045 0.062 0.016 0.018 0.024 0.069 0.046 0.005 0.018 0.043
174 T 0.07 0.031 0.038 0.034 0.017 0.024 0.035 0.094 0.013 0.059 0.066 0.04 0.019 0.023 0.024 0.078 0.223 0.006 0.017 0.089
175 Y 0.039 0.027 0.021 0.018 0.009 0.021 0.027 0.024 0.045 0.042 0.066 0.03 0.018 0.126 0.015 0.03 0.027 0.027 0.344 0.045
176 G 0.068 0.027 0.106 0.043 0.01 0.021 0.03 0.425 0.017 0.019 0.028 0.037 0.009 0.016 0.018 0.053 0.033 0.005 0.011 0.024
177 G 0.068 0.027 0.106 0.043 0.01 0.021 0.03 0.425 0.017 0.019 0.028 0.037 0.009 0.016 0.018 0.053 0.033 0.005 0.011 0.024
178 V 0.06 0.02 0.015 0.017 0.017 0.015 0.021 0.022 0.008 0.205 0.137 0.024 0.032 0.037 0.015 0.029 0.044 0.005 0.02 0.255
179 R 0.043 0.37 0.037 0.03 0.007 0.047 0.05 0.032 0.022 0.022 0.045 0.116 0.015 0.017 0.019 0.043 0.034 0.006 0.017 0.03
180 G 0.075 0.022 0.038 0.032 0.01 0.018 0.025 0.529 0.013 0.018 0.027 0.032 0.009 0.016 0.018 0.049 0.029 0.005 0.01 0.023
181 L 0.041 0.022 0.014 0.015 0.014 0.014 0.019 0.021 0.011 0.121 0.309 0.023 0.041 0.131 0.013 0.024 0.031 0.009 0.035 0.092
182 G 0.102 0.023 0.036 0.032 0.012 0.019 0.026 0.479 0.013 0.021 0.031 0.034 0.01 0.016 0.019 0.053 0.031 0.005 0.011 0.028
183 I 0.052 0.019 0.015 0.017 0.017 0.014 0.019 0.021 0.008 0.231 0.176 0.024 0.035 0.041 0.015 0.026 0.041 0.006 0.02 0.204
184 S 0.153 0.037 0.046 0.043 0.018 0.03 0.048 0.066 0.018 0.031 0.044 0.05 0.015 0.02 0.029 0.213 0.072 0.005 0.017 0.046
185 G 0.075 0.022 0.038 0.032 0.01 0.018 0.025 0.529 0.013 0.018 0.027 0.032 0.009 0.016 0.018 0.049 0.029 0.005 0.01 0.023
186 S 0.106 0.039 0.052 0.047 0.017 0.032 0.05 0.064 0.018 0.029 0.04 0.052 0.015 0.02 0.029 0.25 0.079 0.005 0.017 0.04
187 V 0.058 0.021 0.016 0.017 0.017 0.016 0.021 0.023 0.009 0.198 0.144 0.025 0.05 0.038 0.015 0.029 0.043 0.006 0.02 0.232
188 A 0.317 0.03 0.025 0.029 0.021 0.025 0.039 0.075 0.014 0.042 0.057 0.043 0.017 0.021 0.029 0.082 0.048 0.005 0.017 0.066
189 F 0.032 0.018 0.016 0.016 0.01 0.01 0.018 0.024 0.016 0.061 0.11 0.018 0.024 0.41 0.01 0.024 0.024 0.016 0.085 0.053
190 G 0.075 0.022 0.038 0.032 0.01 0.018 0.025 0.529 0.013 0.018 0.027 0.032 0.009 0.016 0.018 0.049 0.029 0.005 0.01 0.023
191 L 0.043 0.023 0.014 0.015 0.016 0.016 0.019 0.02 0.01 0.111 0.4 0.024 0.048 0.053 0.014 0.023 0.032 0.007 0.021 0.092
192 A 0.247 0.033 0.034 0.035 0.019 0.027 0.043 0.071 0.016 0.037 0.052 0.046 0.016 0.021 0.029 0.138 0.058 0.005 0.017 0.058
193 I 0.081 0.022 0.021 0.023 0.016 0.017 0.024 0.031 0.01 0.215 0.128 0.03 0.03 0.036 0.018 0.045 0.092 0.006 0.019 0.136
194 T 0.095 0.03 0.034 0.031 0.018 0.024 0.034 0.041 0.012 0.09 0.08 0.039 0.022 0.026 0.024 0.075 0.199 0.006 0.018 0.105
195 M 0.05 0.031 0.019 0.019 0.015 0.027 0.027 0.027 0.015 0.097 0.189 0.035 0.193 0.046 0.015 0.035 0.039 0.008 0.023 0.089
196 G 0.085 0.028 0.042 0.037 0.013 0.023 0.033 0.374 0.015 0.022 0.032 0.039 0.011 0.017 0.022 0.116 0.045 0.005 0.013 0.029
197 F 0.041 0.02 0.015 0.016 0.067 0.012 0.018 0.023 0.012 0.102 0.207 0.021 0.032 0.207 0.012 0.026 0.03 0.011 0.049 0.079
198 L 0.043 0.023 0.014 0.015 0.016 0.016 0.019 0.02 0.01 0.111 0.4 0.024 0.048 0.053 0.014 0.023 0.032 0.007 0.021 0.092
199 G 0.102 0.024 0.035 0.032 0.013 0.02 0.028 0.37 0.013 0.053 0.047 0.035 0.014 0.02 0.02 0.072 0.037 0.005 0.013 0.046
200 F 0.035 0.021 0.017 0.016 0.011 0.013 0.02 0.024 0.022 0.062 0.132 0.022 0.026 0.307 0.012 0.026 0.026 0.018 0.136 0.056
201 L 0.043 0.02 0.015 0.016 0.069 0.013 0.018 0.022 0.011 0.134 0.245 0.022 0.036 0.126 0.013 0.026 0.032 0.008 0.034 0.097
202 L 0.061 0.028 0.027 0.025 0.015 0.02 0.029 0.034 0.016 0.078 0.183 0.033 0.029 0.088 0.018 0.083 0.07 0.009 0.063 0.091
203 L 0.046 0.03 0.029 0.025 0.013 0.023 0.032 0.028 0.133 0.116 0.188 0.033 0.031 0.039 0.017 0.036 0.058 0.007 0.032 0.084
204 Y 0.048 0.023 0.018 0.017 0.013 0.017 0.023 0.023 0.025 0.111 0.101 0.026 0.025 0.118 0.015 0.029 0.035 0.016 0.171 0.144
205 W 0.03 0.024 0.019 0.017 0.007 0.017 0.025 0.03 0.055 0.028 0.049 0.024 0.015 0.055 0.009 0.024 0.022 0.456 0.064 0.028
206 F 0.042 0.019 0.016 0.016 0.067 0.012 0.018 0.024 0.013 0.102 0.144 0.02 0.028 0.245 0.012 0.027 0.031 0.011 0.056 0.098
207 A 0.174 0.032 0.099 0.041 0.015 0.025 0.038 0.116 0.018 0.035 0.052 0.042 0.015 0.063 0.023 0.087 0.047 0.006 0.023 0.048
208 F 0.055 0.039 0.07 0.084 0.012 0.03 0.075 0.04 0.018 0.05 0.065 0.07 0.018 0.107 0.02 0.071 0.067 0.007 0.031 0.069
209 Y 0.054 0.076 0.032 0.042 0.009 0.036 0.107 0.034 0.03 0.031 0.049 0.056 0.015 0.058 0.082 0.066 0.038 0.013 0.138 0.037
210 K 0.068 0.06 0.098 0.112 0.011 0.038 0.063 0.054 0.021 0.026 0.037 0.133 0.013 0.017 0.025 0.118 0.053 0.005 0.016 0.033
211 C 0.094 0.045 0.032 0.036 0.177 0.031 0.07 0.043 0.015 0.036 0.052 0.098 0.016 0.019 0.023 0.077 0.069 0.005 0.015 0.048
212 N 0.051 0.056 0.211 0.063 0.009 0.037 0.053 0.055 0.066 0.024 0.035 0.107 0.013 0.018 0.022 0.081 0.046 0.005 0.02 0.028
213 L 0.053 0.025 0.055 0.027 0.015 0.018 0.026 0.03 0.012 0.16 0.209 0.03 0.034 0.04 0.016 0.055 0.043 0.006 0.019 0.128
214 N 0.066 0.046 0.144 0.054 0.011 0.033 0.05 0.055 0.062 0.025 0.036 0.078 0.013 0.019 0.078 0.121 0.053 0.005 0.02 0.031
215 S 0.076 0.03 0.036 0.033 0.015 0.023 0.036 0.045 0.016 0.075 0.109 0.038 0.023 0.113 0.021 0.15 0.057 0.008 0.033 0.063
216 L 0.047 0.021 0.018 0.018 0.013 0.015 0.02 0.078 0.015 0.129 0.173 0.024 0.03 0.132 0.014 0.028 0.033 0.011 0.07 0.111
217 L 0.051 0.024 0.02 0.02 0.014 0.018 0.024 0.027 0.019 0.107 0.196 0.028 0.032 0.102 0.016 0.051 0.038 0.012 0.099 0.103
218 K 0.055 0.107 0.074 0.043 0.01 0.065 0.061 0.043 0.021 0.031 0.046 0.174 0.016 0.017 0.024 0.061 0.092 0.005 0.017 0.039
219 F 0.042 0.021 0.016 0.016 0.013 0.015 0.021 0.023 0.019 0.105 0.172 0.023 0.03 0.185 0.013 0.026 0.031 0.014 0.114 0.1
220 F 0.074 0.021 0.019 0.02 0.015 0.015 0.022 0.03 0.012 0.143 0.148 0.026 0.029 0.162 0.016 0.038 0.06 0.009 0.041 0.099
221 I 0.042 0.019 0.014 0.016 0.014 0.013 0.018 0.021 0.01 0.204 0.203 0.022 0.036 0.127 0.013 0.024 0.034 0.008 0.035 0.127
222 F 0.037 0.018 0.016 0.017 0.012 0.011 0.018 0.023 0.014 0.14 0.127 0.02 0.028 0.288 0.012 0.024 0.029 0.013 0.064 0.092
223 F 0.072 0.02 0.016 0.018 0.014 0.014 0.021 0.029 0.013 0.128 0.149 0.023 0.029 0.204 0.014 0.031 0.034 0.01 0.049 0.112
224 L 0.045 0.023 0.017 0.018 0.015 0.016 0.021 0.023 0.011 0.141 0.277 0.025 0.039 0.087 0.015 0.031 0.06 0.007 0.028 0.103
225 C 0.063 0.019 0.019 0.019 0.341 0.015 0.02 0.032 0.009 0.077 0.108 0.024 0.021 0.026 0.017 0.059 0.04 0.005 0.014 0.07
226 L 0.074 0.022 0.016 0.017 0.015 0.015 0.021 0.028 0.011 0.118 0.24 0.025 0.036 0.125 0.015 0.031 0.035 0.008 0.035 0.112
227 F 0.038 0.019 0.015 0.016 0.013 0.012 0.018 0.023 0.013 0.125 0.186 0.021 0.032 0.249 0.012 0.024 0.029 0.012 0.057 0.088
228 A 0.294 0.031 0.028 0.031 0.02 0.025 0.04 0.074 0.015 0.04 0.055 0.044 0.017 0.021 0.029 0.1 0.051 0.005 0.017 0.063
229 S 0.153 0.037 0.046 0.043 0.018 0.03 0.048 0.066 0.018 0.031 0.044 0.05 0.015 0.02 0.029 0.213 0.072 0.005 0.017 0.046
230 L 0.044 0.021 0.014 0.015 0.016 0.015 0.019 0.02 0.009 0.174 0.32 0.024 0.044 0.049 0.014 0.024 0.034 0.006 0.021 0.118
231 S 0.106 0.039 0.052 0.047 0.017 0.032 0.05 0.064 0.018 0.029 0.04 0.052 0.015 0.02 0.029 0.25 0.079 0.005 0.017 0.04
232 A 0.317 0.03 0.025 0.029 0.021 0.025 0.039 0.075 0.014 0.042 0.057 0.043 0.017 0.021 0.029 0.082 0.048 0.005 0.017 0.066
233 G 0.075 0.022 0.038 0.032 0.01 0.018 0.025 0.529 0.013 0.018 0.027 0.032 0.009 0.016 0.018 0.049 0.029 0.005 0.01 0.023
234 R 0.043 0.37 0.037 0.03 0.007 0.047 0.05 0.032 0.022 0.022 0.045 0.116 0.015 0.017 0.019 0.043 0.034 0.006 0.017 0.03
235 T 0.098 0.034 0.04 0.035 0.018 0.026 0.038 0.045 0.013 0.05 0.062 0.044 0.019 0.023 0.027 0.088 0.25 0.006 0.017 0.068
236 A 0.27 0.032 0.031 0.033 0.02 0.026 0.041 0.073 0.015 0.039 0.053 0.045 0.016 0.021 0.029 0.119 0.055 0.005 0.017 0.06
237 V 0.054 0.02 0.016 0.017 0.016 0.015 0.021 0.023 0.01 0.188 0.143 0.025 0.049 0.08 0.015 0.029 0.041 0.007 0.027 0.204
238 L 0.043 0.023 0.014 0.015 0.016 0.016 0.019 0.02 0.01 0.111 0.4 0.024 0.048 0.053 0.014 0.023 0.032 0.007 0.021 0.092
239 G 0.075 0.022 0.038 0.032 0.01 0.018 0.025 0.529 0.013 0.018 0.027 0.032 0.009 0.016 0.018 0.049 0.029 0.005 0.01 0.023
240 F 0.034 0.02 0.017 0.017 0.01 0.013 0.02 0.024 0.023 0.057 0.1 0.021 0.023 0.347 0.011 0.026 0.025 0.019 0.143 0.051
241 V 0.093 0.023 0.021 0.022 0.017 0.018 0.026 0.034 0.011 0.136 0.111 0.029 0.027 0.074 0.018 0.06 0.047 0.007 0.026 0.202
242 L 0.048 0.022 0.014 0.015 0.07 0.015 0.019 0.022 0.009 0.13 0.305 0.024 0.041 0.046 0.014 0.026 0.035 0.006 0.02 0.12
243 G 0.075 0.022 0.038 0.032 0.01 0.018 0.025 0.529 0.013 0.018 0.027 0.032 0.009 0.016 0.018 0.049 0.029 0.005 0.01 0.023
244 L 0.046 0.021 0.017 0.018 0.014 0.014 0.02 0.079 0.012 0.11 0.205 0.023 0.032 0.165 0.013 0.028 0.032 0.009 0.041 0.103
245 V 0.084 0.021 0.016 0.018 0.017 0.015 0.022 0.028 0.01 0.161 0.154 0.026 0.031 0.078 0.016 0.034 0.041 0.007 0.027 0.193
246 F 0.036 0.021 0.018 0.017 0.01 0.014 0.021 0.024 0.025 0.081 0.101 0.023 0.023 0.275 0.012 0.026 0.027 0.019 0.164 0.063
247 L 0.049 0.025 0.021 0.02 0.013 0.018 0.025 0.028 0.024 0.073 0.154 0.028 0.027 0.151 0.015 0.052 0.036 0.015 0.142 0.085
248 F 0.042 0.023 0.019 0.019 0.012 0.016 0.022 0.025 0.02 0.093 0.165 0.026 0.029 0.184 0.014 0.033 0.056 0.014 0.114 0.075
249 F 0.041 0.02 0.016 0.018 0.012 0.013 0.021 0.025 0.013 0.1 0.141 0.023 0.027 0.244 0.068 0.027 0.031 0.011 0.056 0.095
250 S 0.075 0.033 0.072 0.04 0.068 0.027 0.04 0.049 0.024 0.035 0.05 0.043 0.016 0.044 0.023 0.139 0.081 0.01 0.089 0.044
251 S 0.072 0.04 0.035 0.032 0.015 0.029 0.04 0.042 0.019 0.062 0.088 0.07 0.057 0.039 0.022 0.113 0.078 0.008 0.055 0.082
252 G 0.067 0.041 0.081 0.09 0.013 0.029 0.048 0.108 0.018 0.062 0.054 0.075 0.016 0.021 0.023 0.104 0.077 0.005 0.015 0.053
253 S 0.11 0.04 0.054 0.049 0.018 0.033 0.052 0.066 0.019 0.03 0.042 0.054 0.016 0.021 0.03 0.22 0.082 0.005 0.018 0.042
254 F 0.038 0.021 0.017 0.017 0.011 0.014 0.022 0.025 0.017 0.062 0.154 0.024 0.026 0.216 0.067 0.026 0.027 0.069 0.09 0.056
255 K 0.083 0.053 0.065 0.036 0.012 0.031 0.044 0.043 0.017 0.071 0.103 0.126 0.022 0.068 0.022 0.069 0.043 0.006 0.025 0.06
256 K 0.065 0.061 0.075 0.044 0.011 0.059 0.056 0.1 0.02 0.031 0.044 0.137 0.015 0.017 0.025 0.084 0.096 0.005 0.016 0.039
257 L 0.059 0.056 0.032 0.031 0.013 0.032 0.044 0.037 0.015 0.085 0.148 0.134 0.026 0.03 0.022 0.07 0.071 0.006 0.018 0.07
258 F 0.043 0.02 0.018 0.019 0.014 0.014 0.02 0.024 0.012 0.155 0.16 0.024 0.031 0.179 0.014 0.032 0.062 0.01 0.044 0.104
259 K 0.056 0.087 0.032 0.03 0.011 0.03 0.041 0.097 0.02 0.065 0.067 0.11 0.018 0.083 0.02 0.065 0.038 0.009 0.066 0.053
260 N 0.062 0.082 0.108 0.046 0.011 0.034 0.046 0.102 0.061 0.032 0.053 0.082 0.033 0.022 0.021 0.095 0.046 0.005 0.021 0.036
261 T 0.105 0.032 0.038 0.035 0.017 0.025 0.038 0.049 0.015 0.056 0.067 0.041 0.019 0.066 0.024 0.128 0.131 0.007 0.025 0.082
262 L 0.041 0.022 0.014 0.015 0.014 0.014 0.019 0.021 0.011 0.121 0.309 0.023 0.041 0.131 0.013 0.024 0.031 0.009 0.035 0.092
263 K 0.055 0.081 0.035 0.035 0.01 0.065 0.061 0.037 0.018 0.05 0.091 0.219 0.021 0.021 0.023 0.046 0.039 0.005 0.018 0.068
264 Y 0.044 0.039 0.026 0.026 0.01 0.093 0.048 0.028 0.028 0.075 0.112 0.046 0.025 0.103 0.017 0.036 0.033 0.014 0.135 0.061
265 L 0.063 0.028 0.026 0.024 0.016 0.02 0.029 0.033 0.012 0.091 0.252 0.033 0.035 0.04 0.019 0.082 0.071 0.006 0.02 0.101
266 V 0.053 0.02 0.015 0.017 0.016 0.014 0.02 0.022 0.009 0.189 0.166 0.023 0.033 0.081 0.014 0.027 0.04 0.007 0.027 0.205
267 Y 0.045 0.024 0.02 0.019 0.013 0.018 0.024 0.024 0.025 0.136 0.134 0.028 0.027 0.078 0.016 0.034 0.059 0.015 0.164 0.094
268 I 0.06 0.022 0.025 0.024 0.069 0.017 0.025 0.086 0.012 0.113 0.096 0.028 0.023 0.113 0.017 0.062 0.066 0.008 0.032 0.103
269 L 0.057 0.025 0.023 0.023 0.014 0.019 0.026 0.085 0.012 0.097 0.159 0.031 0.045 0.037 0.071 0.056 0.039 0.062 0.023 0.096
270 L 0.072 0.023 0.015 0.017 0.016 0.016 0.021 0.027 0.011 0.119 0.303 0.026 0.04 0.088 0.015 0.03 0.034 0.008 0.028 0.094
271 I 0.047 0.021 0.019 0.02 0.014 0.014 0.021 0.026 0.012 0.169 0.157 0.025 0.031 0.164 0.014 0.049 0.037 0.009 0.042 0.108
272 L 0.068 0.026 0.029 0.027 0.015 0.02 0.029 0.09 0.013 0.102 0.121 0.033 0.025 0.073 0.019 0.086 0.072 0.007 0.025 0.12
273 I 0.057 0.023 0.023 0.022 0.069 0.017 0.025 0.03 0.015 0.142 0.106 0.029 0.025 0.084 0.017 0.06 0.067 0.009 0.062 0.119
274 L 0.108 0.028 0.024 0.024 0.017 0.021 0.03 0.041 0.013 0.082 0.251 0.034 0.036 0.041 0.02 0.078 0.046 0.006 0.02 0.079
275 L 0.06 0.023 0.019 0.019 0.071 0.017 0.023 0.028 0.01 0.131 0.204 0.027 0.033 0.038 0.016 0.053 0.043 0.006 0.019 0.159
276 F 0.046 0.024 0.022 0.021 0.012 0.017 0.024 0.081 0.024 0.081 0.119 0.028 0.024 0.148 0.015 0.036 0.056 0.015 0.141 0.066
277 I 0.043 0.02 0.015 0.016 0.013 0.015 0.02 0.023 0.014 0.174 0.149 0.024 0.03 0.055 0.013 0.025 0.034 0.121 0.066 0.13
278 Y 0.046 0.061 0.02 0.019 0.013 0.02 0.025 0.024 0.023 0.125 0.103 0.035 0.025 0.106 0.015 0.03 0.034 0.014 0.135 0.128
279 L 0.045 0.02 0.014 0.016 0.015 0.014 0.019 0.021 0.01 0.173 0.257 0.023 0.039 0.087 0.014 0.025 0.035 0.007 0.028 0.137
280 I 0.048 0.021 0.016 0.017 0.015 0.016 0.021 0.023 0.014 0.169 0.167 0.025 0.05 0.092 0.014 0.028 0.037 0.009 0.064 0.154
281 S 0.096 0.045 0.107 0.052 0.013 0.035 0.077 0.054 0.021 0.037 0.079 0.078 0.018 0.022 0.024 0.121 0.054 0.005 0.017 0.044
282 D 0.042 0.036 0.181 0.187 0.009 0.032 0.088 0.049 0.023 0.052 0.044 0.048 0.013 0.019 0.02 0.055 0.041 0.004 0.014 0.042
283 E 0.06 0.048 0.073 0.064 0.01 0.046 0.17 0.042 0.022 0.026 0.039 0.087 0.013 0.017 0.079 0.079 0.068 0.005 0.016 0.035
284 L 0.053 0.038 0.031 0.034 0.011 0.028 0.066 0.088 0.056 0.051 0.133 0.066 0.023 0.114 0.018 0.06 0.036 0.008 0.037 0.049
285 L 0.05 0.023 0.018 0.018 0.016 0.016 0.022 0.024 0.01 0.13 0.243 0.026 0.037 0.084 0.015 0.033 0.062 0.007 0.028 0.139
286 F 0.034 0.019 0.017 0.017 0.011 0.011 0.019 0.025 0.017 0.064 0.115 0.019 0.025 0.385 0.011 0.025 0.025 0.017 0.089 0.055
287 Y 0.081 0.069 0.028 0.031 0.012 0.03 0.065 0.037 0.024 0.05 0.089 0.048 0.056 0.092 0.019 0.065 0.039 0.012 0.098 0.054
288 E 0.087 0.041 0.076 0.107 0.011 0.044 0.173 0.047 0.021 0.028 0.04 0.058 0.013 0.018 0.025 0.083 0.069 0.005 0.016 0.038
289 I 0.047 0.018 0.014 0.017 0.016 0.013 0.018 0.02 0.009 0.262 0.184 0.023 0.036 0.043 0.014 0.025 0.039 0.006 0.02 0.175
290 L 0.105 0.022 0.017 0.019 0.016 0.016 0.023 0.034 0.012 0.131 0.176 0.027 0.031 0.121 0.017 0.038 0.037 0.008 0.034 0.118
291 F 0.057 0.04 0.036 0.085 0.011 0.033 0.106 0.037 0.018 0.05 0.065 0.072 0.018 0.107 0.021 0.07 0.066 0.008 0.032 0.07
292 K 0.05 0.071 0.065 0.036 0.011 0.039 0.05 0.038 0.018 0.053 0.136 0.185 0.042 0.027 0.022 0.045 0.038 0.006 0.018 0.051
293 Y 0.039 0.027 0.021 0.018 0.009 0.021 0.027 0.024 0.045 0.042 0.066 0.03 0.018 0.126 0.015 0.03 0.027 0.027 0.344 0.045
294 S 0.1 0.038 0.048 0.044 0.017 0.031 0.048 0.06 0.018 0.036 0.057 0.05 0.035 0.023 0.027 0.226 0.074 0.005 0.018 0.046
295 R 0.104 0.148 0.073 0.086 0.01 0.039 0.082 0.047 0.061 0.026 0.042 0.072 0.014 0.019 0.022 0.056 0.038 0.005 0.02 0.036
296 Y 0.039 0.027 0.021 0.018 0.009 0.021 0.027 0.024 0.045 0.042 0.066 0.03 0.018 0.126 0.015 0.03 0.027 0.027 0.344 0.045
297 A 0.183 0.027 0.024 0.026 0.019 0.022 0.033 0.051 0.012 0.092 0.086 0.036 0.023 0.027 0.023 0.078 0.051 0.005 0.018 0.166
298 F 0.032 0.018 0.016 0.016 0.01 0.01 0.018 0.024 0.016 0.061 0.11 0.018 0.024 0.41 0.01 0.024 0.024 0.016 0.085 0.053
299 Q 0.051 0.137 0.041 0.042 0.008 0.201 0.088 0.038 0.027 0.025 0.045 0.094 0.019 0.015 0.022 0.051 0.038 0.006 0.019 0.033
300 F 0.05 0.028 0.059 0.03 0.012 0.021 0.031 0.036 0.017 0.053 0.094 0.034 0.056 0.154 0.126 0.06 0.039 0.009 0.04 0.051
301 I 0.051 0.019 0.015 0.017 0.016 0.014 0.019 0.022 0.009 0.205 0.17 0.023 0.034 0.082 0.014 0.027 0.039 0.007 0.027 0.191
302 Y 0.039 0.025 0.019 0.017 0.01 0.019 0.025 0.025 0.031 0.074 0.087 0.028 0.039 0.093 0.013 0.028 0.028 0.13 0.21 0.06
303 N 0.041 0.042 0.243 0.063 0.008 0.032 0.046 0.053 0.11 0.024 0.036 0.048 0.012 0.032 0.019 0.057 0.04 0.007 0.061 0.027
304 Y 0.038 0.026 0.02 0.018 0.009 0.02 0.026 0.024 0.042 0.044 0.071 0.029 0.019 0.157 0.014 0.029 0.027 0.026 0.315 0.046
305 L 0.044 0.024 0.015 0.016 0.015 0.017 0.021 0.022 0.012 0.123 0.294 0.026 0.076 0.09 0.014 0.026 0.033 0.008 0.029 0.096
306 D 0.052 0.038 0.086 0.23 0.008 0.041 0.158 0.045 0.022 0.022 0.032 0.055 0.011 0.016 0.023 0.075 0.041 0.004 0.014 0.028
307 T 0.072 0.037 0.045 0.038 0.014 0.03 0.044 0.046 0.1 0.036 0.05 0.045 0.017 0.035 0.024 0.125 0.127 0.008 0.062 0.046
308 G 0.079 0.024 0.039 0.034 0.011 0.02 0.027 0.477 0.014 0.019 0.029 0.035 0.01 0.016 0.019 0.072 0.034 0.005 0.011 0.025
309 S 0.087 0.05 0.082 0.05 0.014 0.058 0.057 0.058 0.021 0.027 0.04 0.084 0.015 0.019 0.027 0.186 0.066 0.005 0.017 0.037
310 F 0.04 0.02 0.015 0.016 0.013 0.013 0.019 0.023 0.013 0.088 0.208 0.021 0.033 0.249 0.012 0.025 0.03 0.012 0.057 0.093
311 S 0.108 0.049 0.044 0.047 0.014 0.06 0.085 0.054 0.019 0.031 0.045 0.085 0.016 0.019 0.027 0.148 0.084 0.005 0.017 0.043
312 V 0.069 0.027 0.027 0.026 0.018 0.021 0.029 0.032 0.01 0.111 0.097 0.033 0.025 0.029 0.021 0.057 0.149 0.005 0.019 0.195
313 T 0.076 0.038 0.112 0.049 0.015 0.03 0.044 0.054 0.019 0.037 0.048 0.048 0.016 0.021 0.026 0.138 0.159 0.005 0.017 0.05
314 S 0.106 0.039 0.052 0.047 0.017 0.032 0.05 0.064 0.018 0.029 0.04 0.052 0.015 0.02 0.029 0.25 0.079 0.005 0.017 0.04
315 L 0.058 0.029 0.029 0.027 0.016 0.022 0.03 0.032 0.012 0.078 0.212 0.035 0.032 0.036 0.021 0.06 0.167 0.006 0.019 0.079
316 T 0.062 0.043 0.042 0.09 0.013 0.037 0.109 0.04 0.017 0.064 0.059 0.078 0.017 0.021 0.024 0.083 0.121 0.005 0.016 0.059
317 A 0.146 0.059 0.037 0.042 0.013 0.04 0.083 0.054 0.058 0.031 0.045 0.135 0.015 0.019 0.026 0.083 0.044 0.005 0.021 0.043
318 L 0.043 0.023 0.014 0.015 0.016 0.016 0.019 0.02 0.01 0.111 0.4 0.024 0.048 0.053 0.014 0.023 0.032 0.007 0.021 0.092
319 E 0.054 0.044 0.045 0.139 0.009 0.086 0.157 0.04 0.022 0.027 0.045 0.061 0.015 0.059 0.022 0.071 0.04 0.006 0.023 0.033
320 N 0.067 0.047 0.179 0.06 0.012 0.034 0.05 0.058 0.023 0.028 0.038 0.079 0.014 0.019 0.024 0.129 0.082 0.005 0.016 0.036
