#Seq2Logo.py -f /work3/idamei/ssn-clusterings/clustering/2205171701/clusters/0010_227/sequences.afa -o /work3/idamei/ssn-clusterings/clustering/2205171701/clusters/0010_227/sequences.logo
#Position Specific Frequency Matrix
A R N D C Q E G H I L K M F P S T W Y V
0 L 0.05 0.031 0.019 0.019 0.016 0.027 0.027 0.027 0.016 0.097 0.19 0.035 0.189 0.047 0.016 0.035 0.039 0.008 0.023 0.089
1 F 0.054 0.078 0.029 0.027 0.013 0.026 0.035 0.034 0.016 0.082 0.121 0.075 0.025 0.123 0.019 0.066 0.068 0.008 0.035 0.068
2 L 0.051 0.029 0.067 0.029 0.014 0.021 0.029 0.034 0.019 0.077 0.245 0.033 0.034 0.054 0.017 0.062 0.041 0.009 0.065 0.069
3 R 0.169 0.19 0.032 0.03 0.015 0.037 0.046 0.055 0.019 0.033 0.053 0.082 0.016 0.019 0.024 0.064 0.042 0.006 0.017 0.05
4 S 0.11 0.04 0.054 0.049 0.018 0.033 0.052 0.066 0.019 0.03 0.042 0.054 0.016 0.021 0.03 0.22 0.082 0.005 0.018 0.042
5 Y 0.044 0.023 0.018 0.018 0.013 0.017 0.023 0.023 0.028 0.159 0.118 0.027 0.028 0.087 0.015 0.028 0.034 0.017 0.171 0.111
6 F 0.034 0.019 0.017 0.017 0.011 0.011 0.019 0.025 0.017 0.063 0.114 0.019 0.025 0.39 0.011 0.025 0.025 0.017 0.088 0.055
7 I 0.092 0.078 0.024 0.024 0.014 0.021 0.028 0.116 0.014 0.12 0.095 0.043 0.023 0.09 0.018 0.042 0.036 0.007 0.029 0.087
8 K 0.098 0.123 0.038 0.036 0.012 0.043 0.056 0.046 0.019 0.033 0.049 0.182 0.016 0.018 0.026 0.062 0.077 0.005 0.017 0.044
9 K 0.047 0.128 0.104 0.121 0.008 0.043 0.065 0.045 0.022 0.024 0.038 0.16 0.013 0.016 0.023 0.053 0.039 0.005 0.015 0.029
10 P 0.063 0.028 0.029 0.038 0.011 0.026 0.069 0.098 0.014 0.058 0.051 0.043 0.014 0.018 0.266 0.068 0.04 0.004 0.014 0.048
11 R 0.047 0.226 0.036 0.032 0.008 0.045 0.054 0.035 0.024 0.027 0.046 0.175 0.015 0.03 0.021 0.045 0.035 0.008 0.057 0.032
12 F 0.045 0.034 0.023 0.022 0.012 0.021 0.029 0.028 0.022 0.087 0.127 0.061 0.025 0.15 0.016 0.037 0.061 0.014 0.116 0.07
13 L 0.046 0.02 0.015 0.018 0.015 0.015 0.02 0.022 0.009 0.193 0.234 0.026 0.037 0.043 0.076 0.026 0.036 0.006 0.02 0.124
14 W 0.032 0.02 0.015 0.015 0.009 0.013 0.02 0.027 0.014 0.071 0.08 0.021 0.02 0.144 0.009 0.023 0.025 0.323 0.065 0.053
15 L 0.047 0.023 0.017 0.017 0.015 0.016 0.02 0.084 0.01 0.1 0.35 0.025 0.043 0.048 0.014 0.027 0.032 0.007 0.02 0.084
16 L 0.085 0.025 0.02 0.021 0.016 0.018 0.026 0.033 0.011 0.115 0.28 0.03 0.038 0.044 0.018 0.059 0.041 0.006 0.02 0.093
17 L 0.087 0.024 0.024 0.023 0.014 0.017 0.026 0.097 0.013 0.091 0.163 0.03 0.028 0.128 0.017 0.062 0.039 0.008 0.035 0.074
18 F 0.035 0.024 0.022 0.019 0.01 0.016 0.025 0.026 0.069 0.052 0.09 0.025 0.022 0.29 0.012 0.028 0.025 0.018 0.146 0.047
19 L 0.05 0.021 0.014 0.016 0.016 0.015 0.019 0.021 0.009 0.192 0.241 0.024 0.039 0.044 0.014 0.026 0.038 0.006 0.021 0.172
20 L 0.046 0.019 0.015 0.016 0.015 0.014 0.019 0.021 0.01 0.203 0.21 0.023 0.037 0.09 0.014 0.025 0.036 0.007 0.029 0.152
21 L 0.083 0.027 0.027 0.027 0.017 0.021 0.03 0.038 0.012 0.133 0.172 0.034 0.03 0.036 0.02 0.098 0.051 0.006 0.019 0.119
22 N 0.041 0.043 0.34 0.08 0.009 0.033 0.048 0.063 0.03 0.022 0.03 0.052 0.011 0.017 0.02 0.067 0.048 0.004 0.015 0.026
23 I 0.049 0.02 0.015 0.017 0.016 0.015 0.019 0.021 0.009 0.231 0.19 0.025 0.056 0.043 0.015 0.026 0.039 0.006 0.021 0.166
24 I 0.049 0.023 0.02 0.02 0.014 0.018 0.024 0.025 0.023 0.153 0.109 0.028 0.026 0.071 0.016 0.036 0.065 0.014 0.14 0.126
25 A 0.159 0.031 0.03 0.029 0.015 0.025 0.037 0.053 0.027 0.039 0.056 0.04 0.017 0.06 0.024 0.104 0.048 0.013 0.138 0.052
26 C 0.094 0.026 0.028 0.027 0.137 0.019 0.029 0.042 0.013 0.048 0.071 0.032 0.019 0.118 0.02 0.079 0.099 0.008 0.033 0.058
27 F 0.046 0.021 0.019 0.019 0.014 0.014 0.021 0.025 0.012 0.137 0.155 0.024 0.03 0.177 0.014 0.033 0.063 0.01 0.044 0.12
28 L 0.043 0.024 0.02 0.019 0.014 0.018 0.024 0.023 0.06 0.161 0.222 0.027 0.035 0.055 0.015 0.027 0.033 0.009 0.065 0.107
29 I 0.044 0.022 0.017 0.018 0.014 0.017 0.021 0.023 0.016 0.185 0.151 0.026 0.07 0.1 0.014 0.028 0.035 0.01 0.069 0.12
30 L 0.041 0.02 0.015 0.016 0.013 0.014 0.019 0.022 0.015 0.159 0.196 0.023 0.034 0.147 0.013 0.025 0.032 0.011 0.077 0.106
31 S 0.062 0.036 0.078 0.088 0.013 0.052 0.051 0.045 0.019 0.067 0.065 0.047 0.019 0.07 0.022 0.1 0.077 0.006 0.025 0.057
32 T 0.066 0.042 0.118 0.05 0.014 0.056 0.05 0.05 0.02 0.038 0.05 0.052 0.017 0.02 0.025 0.099 0.163 0.005 0.017 0.05
33 G 0.06 0.081 0.114 0.045 0.009 0.03 0.039 0.288 0.019 0.021 0.032 0.082 0.011 0.016 0.02 0.053 0.035 0.005 0.013 0.026
34 E 0.055 0.086 0.058 0.051 0.01 0.067 0.12 0.039 0.066 0.036 0.061 0.066 0.037 0.023 0.022 0.066 0.068 0.006 0.023 0.042
35 L 0.042 0.023 0.014 0.015 0.015 0.015 0.019 0.021 0.011 0.105 0.361 0.024 0.045 0.097 0.013 0.024 0.031 0.008 0.03 0.088
36 L 0.044 0.022 0.016 0.017 0.014 0.016 0.021 0.022 0.019 0.14 0.186 0.025 0.032 0.111 0.014 0.026 0.033 0.013 0.109 0.121
37 G 0.076 0.022 0.038 0.033 0.01 0.018 0.025 0.527 0.013 0.018 0.027 0.033 0.009 0.016 0.018 0.05 0.029 0.005 0.01 0.023
38 E 0.048 0.041 0.049 0.211 0.007 0.05 0.233 0.038 0.022 0.021 0.032 0.062 0.011 0.015 0.024 0.052 0.035 0.005 0.014 0.028
39 V 0.066 0.027 0.027 0.025 0.017 0.02 0.029 0.033 0.012 0.098 0.131 0.032 0.027 0.079 0.019 0.071 0.103 0.007 0.027 0.151
40 K 0.064 0.061 0.118 0.058 0.01 0.067 0.094 0.051 0.024 0.025 0.038 0.122 0.014 0.017 0.025 0.105 0.051 0.005 0.017 0.033
41 G 0.063 0.031 0.037 0.079 0.012 0.048 0.043 0.219 0.015 0.053 0.092 0.04 0.019 0.023 0.019 0.05 0.064 0.005 0.015 0.073
42 V 0.059 0.022 0.019 0.019 0.016 0.016 0.023 0.026 0.011 0.121 0.114 0.026 0.028 0.126 0.016 0.037 0.07 0.008 0.036 0.205
43 P 0.058 0.036 0.069 0.044 0.011 0.054 0.079 0.04 0.019 0.046 0.057 0.049 0.017 0.067 0.143 0.07 0.043 0.006 0.025 0.067
44 I 0.045 0.02 0.017 0.019 0.013 0.015 0.022 0.024 0.015 0.154 0.117 0.025 0.027 0.14 0.076 0.028 0.034 0.011 0.076 0.123
45 N 0.059 0.046 0.151 0.06 0.01 0.035 0.08 0.111 0.023 0.023 0.034 0.082 0.012 0.016 0.083 0.081 0.045 0.005 0.015 0.029
46 D 0.06 0.04 0.125 0.158 0.01 0.039 0.127 0.051 0.023 0.023 0.033 0.055 0.012 0.017 0.024 0.104 0.049 0.005 0.015 0.03
47 G 0.092 0.04 0.038 0.088 0.011 0.032 0.082 0.106 0.021 0.028 0.041 0.077 0.013 0.03 0.084 0.076 0.041 0.007 0.055 0.036
48 E 0.056 0.035 0.035 0.05 0.011 0.036 0.138 0.095 0.022 0.036 0.055 0.048 0.016 0.08 0.021 0.055 0.091 0.009 0.065 0.044
49 P 0.09 0.026 0.025 0.026 0.016 0.02 0.031 0.037 0.012 0.095 0.117 0.035 0.024 0.028 0.143 0.053 0.098 0.005 0.017 0.103
50 L 0.092 0.026 0.024 0.024 0.017 0.02 0.028 0.036 0.011 0.114 0.205 0.033 0.033 0.037 0.019 0.068 0.073 0.006 0.019 0.115
51 L 0.044 0.022 0.018 0.018 0.013 0.015 0.02 0.086 0.013 0.102 0.188 0.024 0.05 0.179 0.013 0.029 0.031 0.01 0.044 0.079
52 L 0.04 0.065 0.019 0.018 0.012 0.019 0.025 0.024 0.022 0.093 0.169 0.036 0.029 0.154 0.014 0.028 0.03 0.014 0.117 0.073
53 I 0.068 0.026 0.028 0.028 0.016 0.02 0.03 0.037 0.012 0.173 0.146 0.034 0.029 0.036 0.02 0.107 0.053 0.006 0.019 0.112
54 L 0.075 0.026 0.056 0.025 0.015 0.018 0.025 0.033 0.014 0.085 0.273 0.029 0.036 0.089 0.016 0.036 0.035 0.008 0.028 0.076
55 L 0.081 0.022 0.016 0.018 0.017 0.016 0.021 0.028 0.01 0.178 0.232 0.026 0.037 0.043 0.016 0.032 0.039 0.006 0.02 0.144
56 L 0.043 0.023 0.014 0.015 0.016 0.015 0.019 0.02 0.01 0.135 0.367 0.024 0.046 0.052 0.014 0.024 0.033 0.007 0.021 0.103
57 L 0.047 0.02 0.014 0.016 0.016 0.014 0.019 0.021 0.009 0.21 0.246 0.024 0.04 0.045 0.014 0.025 0.037 0.006 0.021 0.157
58 L 0.086 0.021 0.016 0.018 0.078 0.016 0.022 0.029 0.009 0.152 0.186 0.026 0.033 0.038 0.017 0.035 0.04 0.006 0.019 0.155
59 I 0.08 0.021 0.02 0.021 0.014 0.016 0.022 0.092 0.013 0.146 0.123 0.027 0.046 0.128 0.016 0.036 0.035 0.008 0.035 0.1
60 F 0.074 0.031 0.038 0.034 0.014 0.023 0.037 0.046 0.017 0.044 0.069 0.039 0.019 0.166 0.022 0.144 0.083 0.009 0.043 0.049
61 Y 0.038 0.026 0.02 0.018 0.009 0.02 0.026 0.024 0.042 0.045 0.072 0.029 0.019 0.162 0.014 0.029 0.027 0.026 0.309 0.046
62 V 0.052 0.02 0.015 0.016 0.076 0.014 0.02 0.025 0.01 0.127 0.145 0.023 0.029 0.086 0.014 0.029 0.037 0.07 0.033 0.16
63 F 0.043 0.021 0.017 0.017 0.012 0.014 0.022 0.024 0.021 0.081 0.103 0.023 0.024 0.244 0.013 0.028 0.031 0.016 0.133 0.111
64 F 0.074 0.021 0.017 0.018 0.013 0.013 0.022 0.03 0.014 0.077 0.141 0.023 0.027 0.268 0.014 0.033 0.031 0.012 0.061 0.09
65 L 0.047 0.04 0.063 0.032 0.013 0.077 0.045 0.032 0.018 0.075 0.211 0.046 0.072 0.037 0.017 0.039 0.038 0.006 0.021 0.069
66 L 0.054 0.022 0.021 0.021 0.014 0.016 0.023 0.089 0.011 0.111 0.133 0.027 0.026 0.084 0.015 0.037 0.064 0.07 0.033 0.128
67 F 0.044 0.02 0.017 0.02 0.012 0.014 0.022 0.026 0.012 0.132 0.109 0.026 0.025 0.171 0.137 0.029 0.033 0.009 0.043 0.099
68 L 0.043 0.022 0.015 0.016 0.014 0.015 0.02 0.022 0.011 0.124 0.255 0.023 0.037 0.094 0.013 0.025 0.033 0.071 0.035 0.115
69 F 0.033 0.019 0.017 0.017 0.01 0.012 0.019 0.024 0.02 0.059 0.105 0.02 0.024 0.372 0.011 0.025 0.025 0.018 0.118 0.052
70 N 0.052 0.121 0.15 0.057 0.01 0.037 0.079 0.046 0.024 0.057 0.052 0.067 0.016 0.021 0.02 0.076 0.045 0.005 0.016 0.047
71 F 0.088 0.027 0.026 0.025 0.013 0.02 0.031 0.041 0.019 0.051 0.109 0.033 0.022 0.139 0.018 0.087 0.042 0.074 0.081 0.053
72 L 0.093 0.025 0.021 0.022 0.017 0.018 0.027 0.035 0.012 0.104 0.172 0.03 0.031 0.082 0.018 0.062 0.045 0.007 0.028 0.153
73 V 0.054 0.078 0.033 0.075 0.012 0.027 0.043 0.034 0.02 0.082 0.077 0.076 0.02 0.085 0.019 0.063 0.04 0.009 0.066 0.086
74 R 0.055 0.187 0.042 0.037 0.009 0.046 0.057 0.04 0.065 0.025 0.042 0.169 0.015 0.018 0.023 0.071 0.04 0.006 0.022 0.031
75 I 0.047 0.018 0.015 0.017 0.015 0.013 0.018 0.021 0.009 0.249 0.151 0.023 0.034 0.087 0.014 0.025 0.038 0.007 0.028 0.171
76 R 0.046 0.184 0.038 0.033 0.008 0.043 0.053 0.035 0.065 0.029 0.051 0.165 0.016 0.067 0.021 0.044 0.033 0.007 0.03 0.033
77 V 0.056 0.022 0.02 0.021 0.016 0.016 0.024 0.027 0.01 0.151 0.114 0.028 0.027 0.079 0.078 0.038 0.069 0.006 0.027 0.172
78 N 0.046 0.049 0.111 0.09 0.009 0.031 0.05 0.042 0.023 0.06 0.054 0.106 0.016 0.033 0.082 0.048 0.038 0.007 0.056 0.048
79 K 0.071 0.056 0.038 0.037 0.073 0.034 0.048 0.106 0.016 0.028 0.041 0.138 0.014 0.017 0.085 0.097 0.047 0.005 0.015 0.036
80 L 0.045 0.024 0.055 0.024 0.014 0.017 0.023 0.027 0.013 0.123 0.252 0.027 0.037 0.089 0.014 0.03 0.036 0.007 0.028 0.114
81 R 0.046 0.134 0.03 0.029 0.01 0.06 0.049 0.031 0.019 0.074 0.111 0.124 0.023 0.073 0.019 0.039 0.035 0.007 0.027 0.059
82 F 0.057 0.027 0.032 0.081 0.012 0.024 0.07 0.095 0.015 0.083 0.08 0.036 0.02 0.12 0.018 0.063 0.039 0.008 0.033 0.086
83 N 0.063 0.047 0.19 0.059 0.012 0.033 0.048 0.056 0.023 0.041 0.046 0.08 0.015 0.02 0.022 0.106 0.054 0.005 0.016 0.064
84 D 0.046 0.07 0.042 0.173 0.01 0.027 0.054 0.036 0.02 0.04 0.086 0.048 0.017 0.034 0.081 0.048 0.063 0.007 0.055 0.042
85 D 0.041 0.03 0.069 0.396 0.008 0.03 0.092 0.047 0.019 0.022 0.028 0.045 0.009 0.015 0.022 0.052 0.035 0.004 0.011 0.024
86 C 0.061 0.038 0.071 0.051 0.133 0.059 0.113 0.042 0.019 0.029 0.044 0.052 0.014 0.017 0.083 0.074 0.043 0.005 0.015 0.038
87 N 0.05 0.09 0.111 0.045 0.01 0.06 0.053 0.042 0.066 0.041 0.049 0.09 0.016 0.02 0.082 0.05 0.039 0.005 0.021 0.062
88 L 0.051 0.064 0.018 0.02 0.015 0.019 0.025 0.024 0.011 0.147 0.181 0.038 0.032 0.036 0.077 0.031 0.038 0.005 0.019 0.147
89 N 0.049 0.075 0.182 0.062 0.009 0.043 0.06 0.054 0.026 0.025 0.037 0.168 0.013 0.017 0.024 0.061 0.044 0.005 0.016 0.03
90 W 0.03 0.023 0.015 0.015 0.008 0.015 0.023 0.03 0.015 0.03 0.053 0.023 0.015 0.06 0.008 0.023 0.023 0.496 0.068 0.03
91 C 0.053 0.03 0.169 0.049 0.248 0.023 0.033 0.048 0.02 0.033 0.048 0.037 0.014 0.019 0.018 0.055 0.043 0.004 0.014 0.042
92 R 0.05 0.228 0.04 0.036 0.008 0.051 0.061 0.038 0.022 0.025 0.045 0.201 0.015 0.016 0.023 0.049 0.037 0.005 0.017 0.032
93 A 0.12 0.032 0.066 0.041 0.014 0.028 0.07 0.048 0.018 0.076 0.085 0.042 0.04 0.074 0.021 0.077 0.045 0.007 0.026 0.068
94 E 0.055 0.05 0.04 0.09 0.007 0.064 0.296 0.035 0.026 0.022 0.037 0.076 0.013 0.017 0.026 0.055 0.037 0.006 0.017 0.031
95 D 0.056 0.048 0.045 0.145 0.01 0.065 0.132 0.04 0.02 0.058 0.052 0.087 0.016 0.019 0.023 0.073 0.042 0.005 0.016 0.048
96 D 0.047 0.044 0.038 0.125 0.01 0.028 0.05 0.096 0.02 0.041 0.092 0.1 0.018 0.083 0.019 0.041 0.032 0.009 0.064 0.041
97 R 0.044 0.195 0.03 0.025 0.01 0.031 0.037 0.03 0.018 0.047 0.107 0.071 0.022 0.12 0.017 0.042 0.061 0.008 0.035 0.048
98 I 0.042 0.02 0.015 0.016 0.013 0.014 0.019 0.023 0.011 0.16 0.153 0.023 0.03 0.093 0.012 0.025 0.033 0.133 0.04 0.126
99 G 0.079 0.024 0.04 0.034 0.011 0.02 0.028 0.469 0.014 0.02 0.029 0.035 0.01 0.016 0.02 0.074 0.035 0.005 0.011 0.026
100 W 0.042 0.04 0.021 0.022 0.011 0.023 0.031 0.028 0.014 0.133 0.098 0.092 0.024 0.085 0.015 0.031 0.033 0.133 0.039 0.086
101 L 0.047 0.022 0.018 0.018 0.015 0.015 0.022 0.025 0.011 0.12 0.22 0.025 0.035 0.134 0.015 0.033 0.063 0.009 0.037 0.115
102 L 0.046 0.02 0.015 0.016 0.015 0.014 0.019 0.021 0.01 0.18 0.239 0.023 0.038 0.091 0.014 0.025 0.036 0.007 0.029 0.142
103 L 0.109 0.022 0.017 0.019 0.016 0.016 0.024 0.035 0.012 0.128 0.182 0.027 0.031 0.131 0.017 0.039 0.036 0.009 0.036 0.096
104 F 0.047 0.019 0.016 0.017 0.014 0.013 0.02 0.024 0.012 0.127 0.123 0.021 0.028 0.222 0.013 0.027 0.035 0.011 0.053 0.158
105 L 0.045 0.024 0.015 0.016 0.016 0.018 0.021 0.022 0.011 0.154 0.286 0.027 0.08 0.049 0.014 0.026 0.035 0.007 0.022 0.111
106 Q 0.054 0.071 0.043 0.046 0.009 0.241 0.099 0.04 0.028 0.026 0.046 0.088 0.02 0.014 0.023 0.054 0.04 0.006 0.02 0.034
107 I 0.085 0.021 0.019 0.021 0.017 0.016 0.023 0.03 0.01 0.216 0.132 0.028 0.031 0.036 0.018 0.041 0.07 0.006 0.019 0.16
108 L 0.062 0.025 0.026 0.024 0.075 0.019 0.025 0.155 0.012 0.067 0.192 0.031 0.048 0.035 0.017 0.061 0.038 0.006 0.017 0.064
109 F 0.033 0.018 0.016 0.016 0.01 0.01 0.018 0.025 0.016 0.061 0.11 0.018 0.025 0.408 0.01 0.025 0.025 0.016 0.086 0.053
110 L 0.083 0.022 0.017 0.018 0.016 0.017 0.023 0.029 0.011 0.153 0.166 0.027 0.051 0.085 0.016 0.035 0.04 0.007 0.028 0.154
111 L 0.109 0.022 0.017 0.019 0.016 0.016 0.024 0.035 0.012 0.128 0.182 0.027 0.031 0.131 0.017 0.039 0.036 0.009 0.036 0.096
112 Y 0.037 0.024 0.019 0.017 0.009 0.017 0.024 0.024 0.034 0.049 0.083 0.026 0.02 0.232 0.013 0.028 0.026 0.023 0.245 0.048
113 F 0.049 0.031 0.142 0.044 0.012 0.022 0.034 0.044 0.021 0.055 0.074 0.036 0.019 0.166 0.017 0.069 0.043 0.009 0.042 0.071
114 L 0.056 0.024 0.023 0.022 0.076 0.018 0.025 0.03 0.012 0.102 0.204 0.029 0.032 0.084 0.017 0.062 0.068 0.007 0.027 0.083
115 F 0.046 0.022 0.019 0.018 0.013 0.015 0.021 0.086 0.017 0.078 0.168 0.024 0.028 0.188 0.013 0.029 0.03 0.013 0.084 0.088
116 T 0.096 0.036 0.075 0.046 0.014 0.032 0.075 0.048 0.022 0.039 0.052 0.048 0.016 0.034 0.025 0.093 0.132 0.008 0.057 0.052
117 G 0.071 0.025 0.076 0.039 0.01 0.02 0.028 0.469 0.015 0.019 0.028 0.035 0.009 0.016 0.018 0.052 0.031 0.005 0.011 0.024
118 V 0.083 0.031 0.036 0.033 0.018 0.025 0.037 0.043 0.013 0.083 0.078 0.04 0.022 0.026 0.023 0.127 0.116 0.005 0.018 0.142
119 F 0.038 0.072 0.141 0.042 0.009 0.025 0.034 0.04 0.026 0.039 0.067 0.045 0.017 0.177 0.015 0.044 0.035 0.012 0.083 0.039
120 V 0.095 0.022 0.022 0.022 0.016 0.017 0.024 0.155 0.01 0.12 0.131 0.029 0.026 0.031 0.018 0.041 0.04 0.006 0.017 0.157
121 A 0.314 0.03 0.025 0.029 0.021 0.025 0.039 0.076 0.014 0.042 0.057 0.043 0.017 0.021 0.029 0.082 0.048 0.005 0.017 0.066
122 G 0.067 0.027 0.113 0.044 0.01 0.022 0.03 0.411 0.017 0.019 0.028 0.037 0.01 0.016 0.019 0.054 0.033 0.005 0.012 0.024
123 S 0.102 0.038 0.051 0.046 0.017 0.031 0.049 0.061 0.018 0.032 0.043 0.051 0.016 0.021 0.028 0.227 0.103 0.005 0.017 0.044
124 G 0.068 0.029 0.074 0.038 0.014 0.023 0.032 0.224 0.015 0.049 0.053 0.038 0.016 0.021 0.021 0.065 0.125 0.005 0.015 0.074
125 N 0.089 0.042 0.19 0.059 0.011 0.056 0.051 0.12 0.025 0.025 0.037 0.053 0.013 0.018 0.022 0.088 0.048 0.005 0.016 0.034
126 R 0.094 0.21 0.04 0.035 0.012 0.041 0.051 0.047 0.02 0.027 0.045 0.114 0.015 0.018 0.023 0.1 0.047 0.005 0.017 0.037
127 V 0.084 0.032 0.038 0.034 0.018 0.026 0.038 0.044 0.014 0.082 0.079 0.042 0.022 0.027 0.024 0.117 0.128 0.005 0.018 0.129
128 D 0.088 0.033 0.053 0.234 0.011 0.033 0.1 0.049 0.018 0.029 0.038 0.048 0.012 0.017 0.024 0.084 0.071 0.004 0.014 0.037
129 G 0.102 0.037 0.082 0.091 0.013 0.054 0.053 0.176 0.019 0.026 0.037 0.05 0.013 0.017 0.023 0.106 0.048 0.005 0.015 0.035
130 S 0.098 0.036 0.049 0.044 0.016 0.03 0.046 0.119 0.017 0.03 0.042 0.049 0.015 0.02 0.027 0.202 0.097 0.005 0.016 0.042
131 L 0.047 0.021 0.016 0.019 0.014 0.016 0.022 0.024 0.01 0.159 0.218 0.028 0.034 0.039 0.138 0.028 0.035 0.005 0.019 0.106
132 L 0.041 0.02 0.015 0.016 0.014 0.013 0.018 0.021 0.011 0.168 0.237 0.022 0.037 0.138 0.013 0.024 0.033 0.009 0.037 0.112
133 S 0.158 0.037 0.045 0.043 0.018 0.03 0.048 0.067 0.017 0.032 0.045 0.05 0.016 0.02 0.029 0.205 0.071 0.005 0.017 0.047
134 L 0.115 0.04 0.024 0.026 0.015 0.051 0.041 0.04 0.015 0.117 0.139 0.073 0.047 0.032 0.021 0.047 0.04 0.006 0.019 0.09
135 L 0.042 0.019 0.015 0.016 0.014 0.013 0.018 0.021 0.011 0.191 0.208 0.022 0.036 0.136 0.013 0.024 0.033 0.009 0.037 0.122
136 W 0.029 0.022 0.015 0.015 0.007 0.015 0.022 0.029 0.015 0.029 0.051 0.022 0.015 0.059 0.007 0.022 0.022 0.51 0.066 0.029
137 V 0.068 0.021 0.016 0.017 0.019 0.016 0.023 0.024 0.008 0.159 0.126 0.025 0.031 0.034 0.016 0.032 0.048 0.005 0.02 0.294
138 L 0.044 0.02 0.015 0.016 0.015 0.014 0.019 0.022 0.011 0.151 0.233 0.023 0.037 0.137 0.013 0.025 0.034 0.009 0.037 0.128
139 I 0.045 0.019 0.015 0.017 0.015 0.013 0.018 0.022 0.011 0.197 0.174 0.022 0.034 0.134 0.013 0.025 0.035 0.008 0.037 0.147
140 P 0.068 0.028 0.03 0.034 0.012 0.023 0.039 0.042 0.014 0.026 0.036 0.043 0.011 0.014 0.39 0.093 0.046 0.003 0.014 0.033
141 V 0.092 0.023 0.018 0.022 0.016 0.018 0.027 0.033 0.01 0.128 0.099 0.031 0.024 0.028 0.141 0.04 0.043 0.005 0.018 0.184
142 D 0.04 0.029 0.067 0.418 0.007 0.029 0.088 0.045 0.018 0.022 0.027 0.043 0.009 0.014 0.022 0.05 0.034 0.004 0.011 0.023
143 L 0.084 0.03 0.098 0.034 0.015 0.023 0.031 0.04 0.016 0.09 0.169 0.035 0.048 0.035 0.018 0.045 0.043 0.006 0.019 0.123
144 L 0.042 0.022 0.014 0.015 0.015 0.015 0.019 0.021 0.01 0.128 0.332 0.023 0.043 0.096 0.013 0.024 0.032 0.008 0.029 0.098
145 F 0.034 0.019 0.016 0.016 0.011 0.011 0.019 0.024 0.016 0.068 0.146 0.019 0.027 0.363 0.011 0.024 0.026 0.015 0.078 0.058
146 V 0.051 0.02 0.016 0.017 0.015 0.014 0.021 0.024 0.011 0.116 0.154 0.023 0.03 0.177 0.014 0.028 0.037 0.01 0.045 0.178
147 I 0.051 0.019 0.015 0.017 0.016 0.014 0.019 0.021 0.009 0.238 0.182 0.024 0.036 0.042 0.015 0.026 0.04 0.006 0.02 0.192
148 Y 0.038 0.026 0.02 0.018 0.009 0.02 0.026 0.024 0.042 0.045 0.072 0.029 0.019 0.162 0.014 0.029 0.027 0.026 0.309 0.046
149 Y 0.039 0.027 0.021 0.018 0.009 0.021 0.027 0.024 0.045 0.042 0.066 0.03 0.018 0.126 0.015 0.03 0.027 0.027 0.341 0.045
150 G 0.135 0.026 0.032 0.031 0.075 0.021 0.032 0.233 0.013 0.029 0.042 0.037 0.013 0.018 0.083 0.08 0.042 0.005 0.013 0.041
151 F 0.08 0.023 0.02 0.02 0.015 0.016 0.024 0.032 0.013 0.105 0.142 0.027 0.028 0.175 0.016 0.041 0.064 0.01 0.044 0.106
152 F 0.04 0.022 0.019 0.017 0.071 0.016 0.022 0.025 0.03 0.049 0.082 0.024 0.02 0.219 0.013 0.029 0.027 0.02 0.204 0.049
153 R 0.043 0.367 0.037 0.03 0.008 0.047 0.051 0.032 0.023 0.023 0.045 0.116 0.015 0.017 0.019 0.043 0.034 0.006 0.017 0.03
154 D 0.046 0.095 0.048 0.178 0.008 0.062 0.072 0.039 0.024 0.026 0.04 0.121 0.014 0.029 0.022 0.048 0.035 0.007 0.055 0.03
155 S 0.093 0.041 0.049 0.057 0.014 0.04 0.118 0.056 0.02 0.027 0.039 0.057 0.014 0.019 0.028 0.198 0.068 0.005 0.017 0.038
156 K 0.055 0.159 0.039 0.037 0.008 0.046 0.058 0.1 0.02 0.025 0.041 0.222 0.014 0.016 0.024 0.049 0.036 0.005 0.016 0.03
157 Y 0.041 0.026 0.018 0.017 0.012 0.019 0.024 0.024 0.029 0.069 0.17 0.028 0.048 0.133 0.014 0.028 0.03 0.018 0.189 0.064
158 F 0.103 0.021 0.018 0.019 0.013 0.014 0.024 0.037 0.016 0.056 0.097 0.025 0.023 0.311 0.015 0.039 0.03 0.014 0.069 0.056
159 K 0.054 0.093 0.037 0.037 0.009 0.047 0.062 0.039 0.019 0.06 0.057 0.268 0.018 0.018 0.025 0.048 0.038 0.005 0.017 0.049
160 L 0.046 0.024 0.017 0.017 0.013 0.017 0.023 0.023 0.023 0.091 0.169 0.026 0.029 0.12 0.014 0.028 0.033 0.015 0.149 0.12
161 N 0.041 0.043 0.34 0.08 0.009 0.033 0.048 0.063 0.03 0.022 0.03 0.052 0.011 0.017 0.02 0.067 0.048 0.004 0.015 0.026
162 L 0.047 0.02 0.015 0.015 0.136 0.014 0.018 0.024 0.01 0.111 0.248 0.022 0.035 0.088 0.014 0.028 0.033 0.007 0.027 0.088
163 L 0.126 0.025 0.025 0.025 0.017 0.02 0.029 0.103 0.012 0.124 0.129 0.033 0.026 0.031 0.02 0.07 0.045 0.006 0.018 0.116
164 L 0.049 0.02 0.015 0.016 0.016 0.014 0.019 0.022 0.01 0.186 0.205 0.023 0.036 0.089 0.014 0.026 0.037 0.007 0.029 0.167
165 W 0.138 0.028 0.059 0.028 0.013 0.021 0.032 0.051 0.017 0.033 0.051 0.034 0.015 0.039 0.017 0.05 0.035 0.257 0.041 0.043
166 L 0.047 0.021 0.014 0.016 0.016 0.015 0.019 0.021 0.009 0.186 0.275 0.024 0.041 0.047 0.014 0.025 0.037 0.006 0.021 0.147
167 L 0.051 0.024 0.019 0.019 0.015 0.017 0.023 0.026 0.012 0.102 0.19 0.027 0.052 0.132 0.015 0.036 0.065 0.009 0.037 0.13
168 S 0.106 0.039 0.052 0.047 0.017 0.032 0.051 0.064 0.019 0.029 0.04 0.052 0.015 0.02 0.029 0.246 0.079 0.005 0.017 0.04
169 N 0.066 0.042 0.232 0.068 0.012 0.032 0.049 0.063 0.026 0.024 0.034 0.052 0.012 0.018 0.023 0.134 0.06 0.005 0.016 0.031
170 L 0.044 0.02 0.014 0.016 0.016 0.014 0.018 0.02 0.009 0.204 0.279 0.024 0.042 0.048 0.014 0.024 0.035 0.006 0.021 0.132
171 L 0.048 0.028 0.018 0.019 0.015 0.043 0.029 0.023 0.012 0.153 0.26 0.032 0.039 0.043 0.015 0.029 0.037 0.006 0.021 0.13
172 R 0.043 0.367 0.037 0.03 0.008 0.047 0.051 0.032 0.023 0.023 0.045 0.116 0.015 0.017 0.019 0.043 0.034 0.006 0.017 0.03
173 G 0.076 0.022 0.038 0.033 0.01 0.018 0.025 0.527 0.013 0.018 0.027 0.033 0.009 0.016 0.018 0.05 0.029 0.005 0.01 0.023
174 W 0.031 0.065 0.018 0.017 0.007 0.019 0.026 0.03 0.016 0.028 0.05 0.034 0.015 0.053 0.009 0.025 0.023 0.447 0.06 0.029
175 S 0.149 0.034 0.041 0.039 0.017 0.028 0.044 0.062 0.017 0.036 0.053 0.046 0.017 0.069 0.026 0.178 0.065 0.006 0.026 0.049
176 G 0.075 0.025 0.043 0.083 0.011 0.021 0.036 0.409 0.014 0.02 0.029 0.036 0.01 0.016 0.02 0.074 0.036 0.005 0.011 0.026
177 V 0.057 0.019 0.015 0.017 0.017 0.014 0.02 0.022 0.008 0.227 0.144 0.024 0.033 0.039 0.015 0.028 0.043 0.006 0.02 0.232
178 L 0.046 0.02 0.015 0.016 0.014 0.013 0.02 0.023 0.012 0.128 0.192 0.022 0.033 0.18 0.013 0.026 0.034 0.01 0.045 0.138
179 L 0.047 0.021 0.014 0.016 0.016 0.015 0.019 0.021 0.009 0.186 0.275 0.024 0.041 0.047 0.014 0.025 0.037 0.006 0.021 0.147
180 F 0.05 0.025 0.025 0.024 0.014 0.017 0.026 0.03 0.013 0.093 0.135 0.029 0.027 0.173 0.017 0.049 0.12 0.01 0.044 0.079
181 I 0.082 0.022 0.016 0.019 0.017 0.017 0.022 0.028 0.01 0.199 0.177 0.027 0.053 0.041 0.016 0.034 0.04 0.006 0.02 0.153
182 L 0.051 0.021 0.015 0.017 0.016 0.016 0.02 0.022 0.01 0.191 0.215 0.025 0.057 0.044 0.015 0.027 0.039 0.006 0.021 0.172
183 F 0.033 0.018 0.016 0.016 0.01 0.01 0.018 0.025 0.016 0.061 0.11 0.018 0.025 0.408 0.01 0.025 0.025 0.016 0.086 0.053
184 F 0.04 0.018 0.015 0.017 0.013 0.012 0.018 0.022 0.012 0.17 0.134 0.021 0.03 0.225 0.012 0.025 0.032 0.011 0.053 0.12
185 E 0.053 0.048 0.039 0.087 0.007 0.062 0.32 0.034 0.025 0.021 0.036 0.073 0.012 0.016 0.025 0.053 0.036 0.005 0.016 0.03
186 L 0.065 0.028 0.028 0.027 0.015 0.021 0.031 0.038 0.014 0.093 0.191 0.034 0.03 0.04 0.019 0.107 0.049 0.069 0.025 0.075
187 C 0.07 0.019 0.023 0.022 0.379 0.015 0.021 0.097 0.01 0.038 0.056 0.025 0.015 0.019 0.018 0.066 0.04 0.004 0.012 0.049
188 R 0.044 0.204 0.035 0.03 0.009 0.062 0.05 0.031 0.069 0.059 0.061 0.081 0.019 0.035 0.018 0.04 0.033 0.009 0.063 0.049
189 L 0.045 0.119 0.023 0.022 0.013 0.028 0.033 0.026 0.014 0.079 0.264 0.082 0.036 0.039 0.017 0.032 0.033 0.006 0.02 0.07
190 V 0.082 0.023 0.019 0.019 0.015 0.018 0.025 0.029 0.023 0.135 0.104 0.029 0.025 0.069 0.017 0.036 0.038 0.014 0.14 0.141
191 R 0.045 0.334 0.038 0.031 0.008 0.047 0.053 0.033 0.022 0.023 0.045 0.139 0.015 0.017 0.02 0.044 0.034 0.006 0.017 0.03
192 K 0.085 0.071 0.041 0.098 0.009 0.048 0.13 0.044 0.02 0.027 0.04 0.18 0.014 0.016 0.026 0.056 0.038 0.005 0.016 0.035
193 G 0.061 0.121 0.076 0.039 0.009 0.031 0.04 0.284 0.018 0.021 0.034 0.09 0.012 0.016 0.02 0.05 0.034 0.005 0.013 0.026
194 K 0.123 0.143 0.037 0.036 0.012 0.041 0.054 0.051 0.019 0.03 0.046 0.16 0.015 0.018 0.025 0.081 0.045 0.005 0.017 0.041
195 L 0.043 0.023 0.014 0.015 0.016 0.015 0.019 0.02 0.01 0.135 0.367 0.024 0.046 0.052 0.014 0.024 0.033 0.007 0.021 0.103
196 K 0.075 0.104 0.045 0.041 0.013 0.041 0.056 0.049 0.019 0.03 0.044 0.153 0.016 0.018 0.026 0.128 0.082 0.005 0.017 0.039
197 I 0.077 0.02 0.017 0.02 0.014 0.015 0.022 0.03 0.012 0.171 0.12 0.026 0.027 0.127 0.077 0.034 0.036 0.008 0.035 0.111
198 K 0.064 0.1 0.039 0.037 0.011 0.037 0.051 0.103 0.017 0.028 0.042 0.149 0.014 0.017 0.085 0.078 0.07 0.005 0.015 0.036
199 R 0.048 0.132 0.032 0.028 0.01 0.036 0.045 0.032 0.066 0.054 0.1 0.12 0.021 0.038 0.019 0.039 0.035 0.008 0.063 0.072
200 L 0.051 0.021 0.015 0.016 0.016 0.015 0.02 0.022 0.01 0.146 0.23 0.024 0.037 0.089 0.014 0.027 0.038 0.007 0.029 0.173
201 L 0.126 0.027 0.026 0.027 0.017 0.021 0.032 0.046 0.014 0.09 0.158 0.035 0.028 0.08 0.021 0.094 0.048 0.007 0.027 0.078
202 I 0.077 0.042 0.023 0.024 0.012 0.025 0.035 0.035 0.018 0.102 0.087 0.096 0.022 0.091 0.018 0.039 0.034 0.072 0.073 0.075
203 G 0.087 0.021 0.022 0.022 0.015 0.016 0.023 0.155 0.011 0.125 0.134 0.028 0.026 0.079 0.017 0.039 0.036 0.007 0.026 0.112
204 G 0.132 0.025 0.028 0.027 0.077 0.02 0.03 0.168 0.012 0.058 0.099 0.034 0.02 0.025 0.021 0.076 0.044 0.005 0.016 0.083
205 L 0.083 0.023 0.019 0.019 0.015 0.016 0.023 0.092 0.011 0.091 0.238 0.027 0.034 0.086 0.016 0.035 0.035 0.007 0.027 0.101
206 L 0.115 0.023 0.02 0.021 0.016 0.018 0.024 0.097 0.011 0.128 0.207 0.03 0.032 0.038 0.018 0.042 0.037 0.006 0.019 0.097
207 L 0.052 0.021 0.016 0.017 0.076 0.016 0.02 0.024 0.01 0.13 0.196 0.024 0.053 0.086 0.014 0.029 0.037 0.007 0.028 0.143
208 L 0.077 0.023 0.016 0.017 0.015 0.015 0.022 0.029 0.012 0.096 0.249 0.025 0.036 0.135 0.015 0.032 0.034 0.009 0.037 0.105
209 L 0.056 0.022 0.018 0.019 0.077 0.016 0.022 0.025 0.009 0.153 0.187 0.026 0.033 0.038 0.016 0.036 0.068 0.006 0.019 0.155
210 L 0.088 0.025 0.023 0.023 0.015 0.018 0.026 0.097 0.013 0.074 0.228 0.03 0.032 0.084 0.018 0.062 0.039 0.007 0.027 0.069
211 Y 0.039 0.027 0.021 0.018 0.009 0.021 0.027 0.024 0.045 0.042 0.066 0.03 0.018 0.126 0.015 0.03 0.027 0.027 0.341 0.045
212 P 0.055 0.025 0.023 0.03 0.01 0.02 0.035 0.035 0.012 0.025 0.035 0.04 0.01 0.012 0.511 0.042 0.035 0.003 0.012 0.03
213 L 0.079 0.022 0.017 0.018 0.015 0.015 0.022 0.03 0.012 0.096 0.179 0.025 0.031 0.177 0.015 0.033 0.035 0.01 0.045 0.125
214 L 0.047 0.02 0.014 0.016 0.016 0.014 0.019 0.021 0.009 0.21 0.246 0.024 0.04 0.045 0.014 0.025 0.037 0.006 0.021 0.157
215 L 0.049 0.026 0.023 0.021 0.014 0.019 0.026 0.027 0.019 0.102 0.201 0.031 0.032 0.062 0.017 0.042 0.092 0.011 0.1 0.085
216 F 0.144 0.023 0.019 0.021 0.016 0.017 0.027 0.043 0.014 0.095 0.099 0.029 0.024 0.17 0.018 0.047 0.038 0.009 0.043 0.103
217 L 0.091 0.024 0.024 0.024 0.015 0.018 0.026 0.097 0.012 0.103 0.165 0.03 0.028 0.081 0.018 0.063 0.041 0.007 0.027 0.104
218 K 0.055 0.103 0.04 0.04 0.008 0.052 0.068 0.042 0.02 0.027 0.042 0.303 0.015 0.015 0.027 0.052 0.038 0.005 0.017 0.032
219 L 0.038 0.023 0.016 0.016 0.011 0.016 0.022 0.024 0.02 0.09 0.163 0.024 0.028 0.116 0.012 0.025 0.028 0.139 0.12 0.07
220 F 0.091 0.024 0.024 0.024 0.015 0.017 0.027 0.098 0.014 0.074 0.089 0.029 0.022 0.169 0.017 0.064 0.041 0.009 0.043 0.11
221 I 0.049 0.018 0.015 0.017 0.016 0.013 0.019 0.021 0.009 0.232 0.147 0.023 0.033 0.086 0.014 0.026 0.039 0.007 0.028 0.187
222 R 0.043 0.367 0.037 0.03 0.008 0.047 0.051 0.032 0.023 0.023 0.045 0.116 0.015 0.017 0.019 0.043 0.034 0.006 0.017 0.03
223 D 0.082 0.028 0.035 0.122 0.012 0.023 0.045 0.04 0.023 0.046 0.099 0.036 0.02 0.098 0.019 0.067 0.038 0.012 0.106 0.049
224 Y 0.064 0.03 0.031 0.028 0.013 0.023 0.034 0.039 0.027 0.048 0.103 0.036 0.022 0.113 0.019 0.11 0.047 0.015 0.148 0.05
225 A 0.155 0.027 0.026 0.026 0.016 0.021 0.031 0.11 0.014 0.057 0.143 0.035 0.024 0.076 0.021 0.077 0.043 0.007 0.026 0.063
226 G 0.088 0.033 0.026 0.025 0.013 0.022 0.031 0.158 0.017 0.06 0.107 0.064 0.021 0.086 0.018 0.043 0.034 0.01 0.065 0.079
227 L 0.055 0.078 0.033 0.075 0.013 0.027 0.041 0.094 0.014 0.065 0.14 0.077 0.024 0.028 0.019 0.045 0.065 0.006 0.017 0.082
228 G 0.06 0.033 0.083 0.136 0.009 0.051 0.053 0.287 0.018 0.02 0.03 0.045 0.011 0.015 0.02 0.053 0.034 0.005 0.012 0.025
229 F 0.054 0.036 0.076 0.093 0.01 0.054 0.083 0.103 0.021 0.032 0.053 0.047 0.016 0.114 0.02 0.071 0.039 0.008 0.033 0.036
230 G 0.096 0.034 0.097 0.097 0.013 0.031 0.08 0.112 0.019 0.042 0.047 0.047 0.015 0.02 0.023 0.092 0.048 0.005 0.015 0.067
231 F 0.042 0.019 0.021 0.02 0.01 0.012 0.02 0.124 0.016 0.053 0.095 0.022 0.022 0.322 0.012 0.03 0.026 0.014 0.072 0.048
232 F 0.053 0.025 0.029 0.026 0.012 0.018 0.027 0.114 0.015 0.047 0.072 0.03 0.019 0.152 0.017 0.051 0.102 0.092 0.048 0.05
233 E 0.065 0.051 0.116 0.066 0.01 0.089 0.127 0.051 0.026 0.025 0.039 0.067 0.015 0.017 0.024 0.103 0.051 0.005 0.017 0.033
234 L 0.082 0.031 0.034 0.032 0.017 0.024 0.036 0.044 0.014 0.083 0.149 0.039 0.028 0.032 0.022 0.131 0.061 0.006 0.019 0.115
235 L 0.044 0.035 0.022 0.023 0.013 0.068 0.04 0.027 0.016 0.079 0.233 0.04 0.036 0.13 0.015 0.032 0.033 0.009 0.038 0.069
236 D 0.054 0.034 0.06 0.297 0.009 0.035 0.12 0.047 0.019 0.023 0.031 0.05 0.011 0.016 0.024 0.083 0.042 0.004 0.013 0.028
237 F 0.045 0.087 0.02 0.02 0.013 0.019 0.026 0.025 0.015 0.119 0.112 0.041 0.026 0.179 0.014 0.03 0.034 0.01 0.046 0.119
238 L 0.066 0.029 0.032 0.029 0.016 0.023 0.031 0.106 0.013 0.093 0.135 0.037 0.047 0.032 0.021 0.079 0.108 0.006 0.018 0.08
239 F 0.048 0.024 0.022 0.021 0.011 0.017 0.026 0.032 0.019 0.059 0.08 0.027 0.02 0.158 0.014 0.057 0.035 0.155 0.097 0.077
240 D 0.063 0.03 0.044 0.142 0.013 0.025 0.051 0.044 0.016 0.047 0.1 0.04 0.02 0.079 0.022 0.104 0.079 0.007 0.026 0.049
241 G 0.093 0.032 0.032 0.044 0.011 0.033 0.111 0.177 0.026 0.029 0.045 0.045 0.014 0.048 0.021 0.05 0.033 0.012 0.107 0.038
242 L 0.049 0.021 0.015 0.016 0.015 0.014 0.02 0.023 0.011 0.128 0.201 0.023 0.034 0.146 0.014 0.027 0.036 0.009 0.039 0.158
243 L 0.043 0.02 0.015 0.016 0.014 0.013 0.019 0.022 0.012 0.122 0.226 0.022 0.035 0.182 0.013 0.025 0.032 0.01 0.045 0.113
244 N 0.059 0.087 0.154 0.053 0.011 0.034 0.047 0.112 0.022 0.027 0.039 0.088 0.013 0.018 0.022 0.085 0.074 0.005 0.015 0.034
245 N 0.081 0.08 0.144 0.047 0.012 0.055 0.047 0.048 0.022 0.053 0.095 0.057 0.02 0.024 0.02 0.055 0.043 0.005 0.018 0.074
246 Y 0.041 0.034 0.105 0.044 0.009 0.029 0.07 0.036 0.072 0.043 0.097 0.041 0.02 0.099 0.017 0.042 0.033 0.012 0.111 0.043
247 G 0.066 0.039 0.076 0.054 0.011 0.06 0.114 0.164 0.02 0.039 0.046 0.054 0.015 0.019 0.022 0.076 0.043 0.005 0.016 0.063
248 E 0.068 0.034 0.04 0.094 0.013 0.033 0.112 0.101 0.017 0.051 0.091 0.047 0.019 0.024 0.022 0.094 0.047 0.005 0.016 0.072
249 L 0.048 0.027 0.024 0.07 0.014 0.044 0.038 0.026 0.012 0.165 0.185 0.034 0.033 0.037 0.016 0.032 0.038 0.006 0.019 0.131
250 G 0.061 0.028 0.054 0.227 0.01 0.025 0.06 0.228 0.016 0.021 0.029 0.04 0.01 0.016 0.021 0.075 0.038 0.004 0.011 0.026
251 Y 0.05 0.025 0.019 0.018 0.013 0.019 0.025 0.024 0.031 0.086 0.089 0.028 0.023 0.092 0.015 0.031 0.035 0.019 0.221 0.138
252 L 0.051 0.021 0.017 0.018 0.015 0.015 0.02 0.084 0.01 0.152 0.258 0.025 0.038 0.043 0.015 0.028 0.035 0.006 0.02 0.129
253 D 0.084 0.039 0.119 0.142 0.011 0.055 0.061 0.052 0.025 0.028 0.041 0.051 0.014 0.031 0.022 0.081 0.045 0.007 0.056 0.036
254 L 0.119 0.024 0.023 0.023 0.016 0.018 0.025 0.161 0.012 0.094 0.19 0.031 0.029 0.034 0.019 0.045 0.036 0.006 0.017 0.079
255 L 0.044 0.024 0.014 0.016 0.016 0.017 0.02 0.021 0.01 0.133 0.342 0.026 0.064 0.051 0.014 0.025 0.034 0.007 0.022 0.102
256 L 0.056 0.028 0.027 0.031 0.012 0.025 0.063 0.092 0.022 0.084 0.149 0.036 0.026 0.057 0.018 0.06 0.038 0.011 0.099 0.068
257 F 0.053 0.025 0.026 0.031 0.012 0.021 0.061 0.092 0.015 0.105 0.095 0.032 0.023 0.17 0.016 0.059 0.037 0.009 0.043 0.074
258 G 0.139 0.026 0.036 0.033 0.014 0.022 0.032 0.356 0.014 0.025 0.036 0.038 0.012 0.018 0.022 0.082 0.04 0.005 0.013 0.036
259 L 0.041 0.021 0.014 0.016 0.014 0.014 0.019 0.021 0.011 0.145 0.266 0.023 0.039 0.139 0.013 0.024 0.032 0.009 0.037 0.102
260 E 0.057 0.047 0.042 0.104 0.01 0.093 0.165 0.039 0.022 0.035 0.083 0.064 0.019 0.02 0.023 0.074 0.041 0.005 0.017 0.039
261 Q 0.049 0.061 0.046 0.042 0.008 0.165 0.081 0.039 0.159 0.024 0.042 0.072 0.018 0.02 0.021 0.049 0.035 0.006 0.033 0.03
262 I 0.078 0.02 0.016 0.018 0.015 0.014 0.021 0.029 0.011 0.165 0.161 0.025 0.031 0.131 0.015 0.032 0.037 0.008 0.036 0.134
263 F 0.046 0.019 0.018 0.019 0.013 0.013 0.019 0.086 0.013 0.127 0.115 0.022 0.026 0.221 0.013 0.028 0.031 0.011 0.052 0.109
264 G 0.07 0.031 0.086 0.139 0.011 0.026 0.05 0.233 0.018 0.022 0.031 0.043 0.011 0.017 0.022 0.101 0.045 0.005 0.013 0.028
265 R 0.043 0.367 0.037 0.03 0.008 0.047 0.051 0.032 0.023 0.023 0.045 0.116 0.015 0.017 0.019 0.043 0.034 0.006 0.017 0.03
266 L 0.044 0.021 0.014 0.016 0.016 0.015 0.019 0.02 0.009 0.181 0.309 0.024 0.043 0.049 0.014 0.024 0.035 0.006 0.021 0.122
267 Q 0.054 0.071 0.043 0.046 0.009 0.241 0.099 0.04 0.028 0.026 0.046 0.088 0.02 0.014 0.023 0.054 0.04 0.006 0.02 0.034
268 L 0.05 0.025 0.021 0.02 0.016 0.018 0.024 0.026 0.01 0.12 0.284 0.029 0.039 0.044 0.017 0.04 0.093 0.006 0.02 0.097
269 L 0.051 0.021 0.019 0.019 0.015 0.015 0.022 0.025 0.011 0.149 0.157 0.025 0.031 0.131 0.015 0.034 0.066 0.008 0.036 0.15
270 S 0.106 0.039 0.052 0.047 0.017 0.032 0.051 0.064 0.019 0.029 0.04 0.052 0.015 0.02 0.029 0.246 0.079 0.005 0.017 0.04
271 S 0.1 0.034 0.111 0.045 0.015 0.027 0.04 0.054 0.019 0.072 0.1 0.044 0.021 0.026 0.023 0.125 0.057 0.005 0.017 0.063
272 L 0.156 0.028 0.023 0.024 0.018 0.021 0.031 0.047 0.012 0.081 0.191 0.035 0.03 0.034 0.021 0.074 0.046 0.006 0.019 0.102
273 I 0.058 0.026 0.063 0.031 0.015 0.02 0.028 0.034 0.013 0.18 0.114 0.033 0.027 0.033 0.018 0.066 0.075 0.005 0.019 0.139
274 E 0.099 0.035 0.033 0.051 0.013 0.037 0.14 0.102 0.017 0.059 0.06 0.05 0.017 0.022 0.023 0.075 0.045 0.005 0.017 0.101
275 V 0.06 0.025 0.025 0.024 0.017 0.019 0.027 0.029 0.01 0.147 0.145 0.032 0.03 0.034 0.019 0.051 0.128 0.006 0.019 0.153
276 Y 0.074 0.024 0.019 0.019 0.012 0.018 0.025 0.03 0.029 0.108 0.095 0.028 0.023 0.127 0.016 0.034 0.032 0.018 0.188 0.08
277 S 0.066 0.087 0.078 0.05 0.012 0.088 0.093 0.045 0.022 0.042 0.051 0.068 0.017 0.019 0.023 0.1 0.05 0.005 0.018 0.066
278 L 0.043 0.023 0.015 0.016 0.015 0.016 0.02 0.022 0.011 0.126 0.306 0.025 0.061 0.095 0.014 0.025 0.033 0.008 0.03 0.097
279 K 0.099 0.111 0.041 0.039 0.012 0.043 0.058 0.05 0.019 0.029 0.044 0.184 0.015 0.017 0.026 0.103 0.049 0.005 0.017 0.038
280 D 0.054 0.044 0.091 0.187 0.01 0.033 0.065 0.048 0.064 0.027 0.037 0.078 0.013 0.019 0.023 0.081 0.071 0.005 0.019 0.032
281 E 0.087 0.051 0.035 0.053 0.011 0.068 0.153 0.04 0.02 0.04 0.089 0.09 0.02 0.022 0.024 0.058 0.067 0.006 0.018 0.048
282 L 0.042 0.022 0.014 0.015 0.015 0.015 0.019 0.021 0.01 0.128 0.332 0.023 0.043 0.096 0.013 0.024 0.032 0.008 0.029 0.098
283 G 0.101 0.043 0.038 0.044 0.013 0.083 0.088 0.108 0.019 0.038 0.086 0.057 0.02 0.022 0.024 0.101 0.048 0.006 0.017 0.045
284 F 0.046 0.078 0.073 0.049 0.009 0.036 0.108 0.036 0.066 0.035 0.058 0.055 0.017 0.117 0.019 0.05 0.062 0.008 0.039 0.039
285 L 0.078 0.028 0.065 0.077 0.013 0.022 0.036 0.038 0.02 0.07 0.126 0.034 0.043 0.09 0.018 0.043 0.038 0.01 0.067 0.086
286 Y 0.048 0.024 0.018 0.018 0.013 0.018 0.024 0.024 0.024 0.112 0.114 0.027 0.046 0.118 0.015 0.03 0.035 0.015 0.149 0.129
287 D 0.06 0.035 0.048 0.179 0.012 0.054 0.064 0.044 0.018 0.068 0.07 0.048 0.038 0.023 0.022 0.095 0.047 0.005 0.016 0.056
288 A 0.12 0.059 0.04 0.085 0.012 0.086 0.068 0.05 0.02 0.033 0.047 0.119 0.016 0.017 0.026 0.064 0.07 0.005 0.017 0.045
289 G 0.063 0.03 0.115 0.045 0.01 0.024 0.034 0.35 0.063 0.02 0.029 0.039 0.01 0.018 0.019 0.053 0.033 0.005 0.017 0.024
290 L 0.09 0.039 0.074 0.085 0.013 0.027 0.045 0.107 0.017 0.048 0.127 0.072 0.021 0.026 0.021 0.074 0.043 0.005 0.016 0.05
291 F 0.05 0.021 0.016 0.017 0.015 0.015 0.021 0.024 0.012 0.132 0.133 0.024 0.049 0.177 0.014 0.029 0.037 0.01 0.045 0.163
292 Y 0.08 0.035 0.066 0.032 0.012 0.051 0.041 0.039 0.029 0.047 0.099 0.043 0.021 0.063 0.02 0.051 0.065 0.014 0.139 0.053
293 P 0.068 0.028 0.03 0.034 0.012 0.023 0.039 0.042 0.014 0.026 0.036 0.043 0.011 0.014 0.39 0.093 0.046 0.003 0.014 0.033
294 F 0.033 0.019 0.017 0.017 0.01 0.012 0.019 0.024 0.02 0.059 0.105 0.02 0.024 0.372 0.011 0.025 0.025 0.018 0.118 0.052
295 W 0.029 0.022 0.015 0.015 0.007 0.015 0.022 0.029 0.015 0.029 0.051 0.022 0.015 0.059 0.007 0.022 0.022 0.51 0.066 0.029
296 L 0.08 0.044 0.064 0.033 0.013 0.054 0.043 0.039 0.022 0.06 0.153 0.075 0.046 0.043 0.019 0.046 0.038 0.009 0.059 0.06
297 E 0.053 0.048 0.039 0.087 0.007 0.062 0.32 0.034 0.025 0.021 0.036 0.073 0.012 0.016 0.025 0.053 0.036 0.005 0.016 0.03
298 G 0.076 0.022 0.038 0.033 0.01 0.018 0.025 0.527 0.013 0.018 0.027 0.033 0.009 0.016 0.018 0.05 0.029 0.005 0.01 0.023
299 L 0.044 0.02 0.014 0.016 0.016 0.014 0.018 0.02 0.009 0.204 0.279 0.024 0.042 0.048 0.014 0.024 0.035 0.006 0.021 0.132
300 H 0.039 0.037 0.04 0.03 0.008 0.03 0.041 0.032 0.249 0.032 0.053 0.037 0.017 0.101 0.017 0.036 0.026 0.013 0.131 0.032
301 G 0.079 0.024 0.04 0.034 0.011 0.02 0.028 0.469 0.014 0.02 0.029 0.035 0.01 0.016 0.02 0.074 0.035 0.005 0.011 0.026
302 L 0.044 0.02 0.014 0.016 0.016 0.014 0.018 0.02 0.009 0.204 0.279 0.024 0.042 0.048 0.014 0.024 0.035 0.006 0.021 0.132
303 I 0.144 0.023 0.018 0.021 0.017 0.017 0.026 0.041 0.012 0.148 0.146 0.03 0.029 0.081 0.019 0.046 0.04 0.007 0.027 0.107
304 F 0.037 0.02 0.016 0.016 0.011 0.014 0.02 0.024 0.017 0.139 0.109 0.022 0.025 0.148 0.012 0.024 0.029 0.137 0.088 0.09
305 D 0.042 0.033 0.097 0.334 0.007 0.034 0.112 0.046 0.02 0.022 0.029 0.048 0.01 0.015 0.022 0.053 0.036 0.004 0.012 0.025
306 R 0.046 0.253 0.036 0.032 0.009 0.067 0.055 0.033 0.021 0.058 0.059 0.124 0.018 0.019 0.02 0.043 0.036 0.006 0.018 0.048
307 L 0.05 0.021 0.014 0.016 0.016 0.015 0.02 0.021 0.009 0.169 0.27 0.024 0.04 0.046 0.014 0.026 0.038 0.006 0.021 0.163
308 F 0.045 0.021 0.02 0.02 0.012 0.014 0.022 0.028 0.015 0.093 0.144 0.024 0.028 0.269 0.013 0.052 0.034 0.012 0.061 0.071
309 G 0.074 0.028 0.043 0.083 0.011 0.023 0.039 0.288 0.019 0.024 0.035 0.039 0.012 0.03 0.021 0.096 0.042 0.008 0.053 0.03
310 N 0.058 0.034 0.113 0.097 0.012 0.03 0.078 0.105 0.019 0.05 0.089 0.044 0.018 0.024 0.02 0.074 0.044 0.005 0.016 0.07
311 P 0.057 0.03 0.029 0.045 0.009 0.03 0.105 0.096 0.016 0.023 0.034 0.047 0.01 0.014 0.328 0.046 0.034 0.004 0.013 0.029
312 K 0.058 0.099 0.041 0.037 0.01 0.064 0.057 0.04 0.068 0.031 0.048 0.122 0.016 0.032 0.023 0.076 0.069 0.008 0.063 0.038
313 K 0.091 0.052 0.076 0.041 0.013 0.034 0.048 0.048 0.063 0.064 0.059 0.108 0.018 0.023 0.024 0.082 0.074 0.005 0.022 0.057
314 L 0.047 0.069 0.059 0.026 0.013 0.023 0.029 0.029 0.019 0.108 0.177 0.041 0.049 0.049 0.016 0.035 0.037 0.009 0.06 0.105
315 N 0.063 0.037 0.157 0.102 0.012 0.03 0.051 0.055 0.022 0.028 0.037 0.048 0.013 0.018 0.084 0.11 0.08 0.004 0.015 0.035
316 L 0.111 0.024 0.017 0.018 0.017 0.018 0.024 0.034 0.011 0.117 0.283 0.029 0.039 0.044 0.018 0.038 0.037 0.006 0.02 0.096
317 G 0.076 0.022 0.038 0.033 0.01 0.018 0.025 0.527 0.013 0.018 0.027 0.033 0.009 0.016 0.018 0.05 0.029 0.005 0.01 0.023
318 V 0.061 0.042 0.032 0.044 0.013 0.085 0.118 0.033 0.018 0.078 0.075 0.055 0.022 0.023 0.021 0.05 0.071 0.005 0.019 0.135
319 A 0.218 0.027 0.022 0.024 0.019 0.022 0.033 0.056 0.017 0.071 0.076 0.037 0.02 0.037 0.024 0.063 0.045 0.008 0.058 0.121
320 F 0.037 0.019 0.015 0.016 0.012 0.012 0.018 0.023 0.014 0.103 0.188 0.02 0.032 0.273 0.012 0.024 0.028 0.013 0.061 0.078
