#Seq2Logo.py -f /work3/idamei/ssn-clusterings/clustering/2205171701/clusters/0019_113/sequences.afa -o /work3/idamei/ssn-clusterings/clustering/2205171701/clusters/0019_113/sequences.logo
#Position Specific Frequency Matrix
A R N D C Q E G H I L K M F P S T W Y V
0 M 0.049 0.03 0.019 0.019 0.015 0.027 0.027 0.027 0.015 0.095 0.186 0.034 0.208 0.045 0.015 0.034 0.038 0.008 0.023 0.087
1 E 0.055 0.05 0.041 0.091 0.007 0.065 0.294 0.035 0.026 0.022 0.037 0.076 0.013 0.017 0.026 0.055 0.037 0.006 0.017 0.031
2 S 0.11 0.04 0.054 0.049 0.018 0.033 0.053 0.067 0.019 0.03 0.042 0.054 0.016 0.021 0.03 0.217 0.082 0.005 0.018 0.042
3 R 0.045 0.343 0.039 0.031 0.008 0.049 0.052 0.033 0.023 0.023 0.047 0.121 0.016 0.017 0.019 0.045 0.035 0.006 0.017 0.031
4 F 0.034 0.019 0.017 0.017 0.011 0.011 0.019 0.025 0.017 0.064 0.115 0.019 0.025 0.385 0.011 0.025 0.025 0.017 0.089 0.055
5 G 0.079 0.023 0.039 0.034 0.011 0.019 0.026 0.508 0.014 0.019 0.028 0.034 0.009 0.016 0.019 0.051 0.03 0.005 0.011 0.024
6 Q 0.056 0.074 0.044 0.047 0.009 0.212 0.103 0.041 0.029 0.027 0.047 0.092 0.021 0.015 0.024 0.056 0.041 0.006 0.021 0.035
7 D 0.041 0.03 0.069 0.395 0.008 0.03 0.092 0.047 0.019 0.022 0.028 0.045 0.009 0.015 0.022 0.052 0.036 0.004 0.011 0.024
8 D 0.041 0.03 0.069 0.395 0.008 0.03 0.092 0.047 0.019 0.022 0.028 0.045 0.009 0.015 0.022 0.052 0.036 0.004 0.011 0.024
9 G 0.079 0.023 0.039 0.034 0.011 0.019 0.026 0.508 0.014 0.019 0.028 0.034 0.009 0.016 0.019 0.051 0.03 0.005 0.011 0.024
10 D 0.041 0.03 0.069 0.395 0.008 0.03 0.092 0.047 0.019 0.022 0.028 0.045 0.009 0.015 0.022 0.052 0.036 0.004 0.011 0.024
11 F 0.034 0.019 0.017 0.017 0.011 0.011 0.019 0.025 0.017 0.064 0.115 0.019 0.025 0.385 0.011 0.025 0.025 0.017 0.089 0.055
12 R 0.045 0.343 0.039 0.031 0.008 0.049 0.052 0.033 0.023 0.023 0.047 0.121 0.016 0.017 0.019 0.045 0.035 0.006 0.017 0.031
13 A 0.288 0.031 0.026 0.03 0.022 0.026 0.041 0.079 0.015 0.043 0.06 0.045 0.018 0.022 0.03 0.085 0.05 0.005 0.018 0.069
14 Y 0.041 0.028 0.022 0.019 0.009 0.022 0.028 0.025 0.047 0.044 0.069 0.031 0.019 0.131 0.016 0.031 0.028 0.028 0.316 0.047
15 P 0.057 0.026 0.023 0.031 0.01 0.021 0.036 0.036 0.013 0.026 0.036 0.041 0.01 0.013 0.492 0.044 0.036 0.003 0.013 0.031
16 V 0.07 0.022 0.017 0.018 0.019 0.017 0.023 0.025 0.008 0.165 0.131 0.026 0.032 0.036 0.017 0.033 0.05 0.006 0.021 0.266
17 W 0.03 0.023 0.015 0.015 0.008 0.015 0.023 0.03 0.015 0.03 0.053 0.023 0.015 0.061 0.008 0.023 0.023 0.491 0.068 0.03
18 R 0.045 0.343 0.039 0.031 0.008 0.049 0.052 0.033 0.023 0.023 0.047 0.121 0.016 0.017 0.019 0.045 0.035 0.006 0.017 0.031
19 Q 0.056 0.074 0.044 0.047 0.009 0.212 0.103 0.041 0.029 0.027 0.047 0.092 0.021 0.015 0.024 0.056 0.041 0.006 0.021 0.035
20 R 0.045 0.343 0.039 0.031 0.008 0.049 0.052 0.033 0.023 0.023 0.047 0.121 0.016 0.017 0.019 0.045 0.035 0.006 0.017 0.031
21 E 0.055 0.05 0.041 0.091 0.007 0.065 0.294 0.035 0.026 0.022 0.037 0.076 0.013 0.017 0.026 0.055 0.037 0.006 0.017 0.031
22 K 0.057 0.107 0.042 0.042 0.009 0.054 0.071 0.043 0.021 0.028 0.043 0.276 0.016 0.016 0.028 0.054 0.04 0.005 0.017 0.033
23 L 0.052 0.032 0.02 0.02 0.016 0.028 0.028 0.028 0.016 0.101 0.197 0.036 0.158 0.048 0.016 0.036 0.04 0.008 0.024 0.093
24 F 0.046 0.068 0.026 0.024 0.011 0.026 0.035 0.028 0.046 0.098 0.089 0.099 0.022 0.125 0.017 0.034 0.034 0.009 0.062 0.1
25 I 0.047 0.018 0.015 0.018 0.016 0.013 0.018 0.021 0.009 0.271 0.168 0.024 0.037 0.044 0.015 0.025 0.04 0.006 0.021 0.177
26 N 0.043 0.045 0.317 0.083 0.009 0.034 0.049 0.065 0.032 0.022 0.032 0.054 0.011 0.018 0.02 0.07 0.049 0.004 0.016 0.027
27 Q 0.056 0.074 0.044 0.047 0.009 0.215 0.103 0.041 0.029 0.026 0.047 0.091 0.021 0.015 0.024 0.056 0.041 0.006 0.021 0.035
28 V 0.07 0.022 0.016 0.018 0.019 0.016 0.023 0.025 0.008 0.165 0.13 0.026 0.032 0.036 0.016 0.033 0.049 0.006 0.021 0.269
29 L 0.045 0.024 0.014 0.015 0.016 0.016 0.02 0.021 0.01 0.115 0.375 0.025 0.05 0.055 0.014 0.024 0.033 0.007 0.022 0.096
30 A 0.29 0.031 0.026 0.03 0.022 0.026 0.04 0.078 0.015 0.043 0.059 0.045 0.018 0.022 0.03 0.085 0.05 0.005 0.018 0.069
31 C 0.065 0.016 0.016 0.016 0.484 0.012 0.016 0.032 0.008 0.045 0.065 0.02 0.016 0.02 0.016 0.041 0.037 0.004 0.012 0.057
32 R 0.045 0.345 0.039 0.031 0.008 0.048 0.052 0.033 0.023 0.023 0.047 0.12 0.016 0.017 0.019 0.045 0.035 0.006 0.017 0.031
33 R 0.045 0.345 0.039 0.031 0.008 0.048 0.052 0.033 0.023 0.023 0.047 0.12 0.016 0.017 0.019 0.045 0.035 0.006 0.017 0.031
34 G 0.078 0.023 0.039 0.034 0.011 0.019 0.026 0.51 0.014 0.019 0.028 0.034 0.009 0.016 0.019 0.051 0.03 0.005 0.011 0.024
35 N 0.043 0.045 0.317 0.083 0.009 0.034 0.049 0.065 0.032 0.022 0.032 0.054 0.011 0.018 0.02 0.07 0.049 0.004 0.016 0.027
36 C 0.065 0.016 0.016 0.016 0.484 0.012 0.016 0.032 0.008 0.045 0.065 0.02 0.016 0.02 0.016 0.041 0.037 0.004 0.012 0.057
37 Y 0.04 0.028 0.022 0.019 0.009 0.022 0.028 0.025 0.047 0.044 0.068 0.031 0.019 0.131 0.016 0.031 0.028 0.028 0.318 0.047
38 G 0.078 0.023 0.039 0.034 0.011 0.019 0.026 0.51 0.014 0.019 0.028 0.034 0.009 0.016 0.019 0.051 0.03 0.005 0.011 0.024
39 G 0.078 0.023 0.039 0.034 0.011 0.019 0.026 0.51 0.014 0.019 0.028 0.034 0.009 0.016 0.019 0.051 0.03 0.005 0.011 0.024
40 W 0.03 0.023 0.015 0.015 0.008 0.015 0.023 0.03 0.015 0.03 0.053 0.023 0.015 0.061 0.008 0.023 0.023 0.492 0.068 0.03
41 E 0.055 0.05 0.04 0.09 0.007 0.064 0.296 0.035 0.026 0.022 0.037 0.076 0.013 0.017 0.026 0.055 0.037 0.006 0.017 0.031
42 V 0.07 0.022 0.016 0.018 0.019 0.016 0.023 0.025 0.008 0.165 0.13 0.026 0.032 0.036 0.016 0.033 0.049 0.006 0.021 0.269
43 N 0.043 0.045 0.317 0.083 0.009 0.034 0.049 0.065 0.032 0.022 0.032 0.054 0.011 0.018 0.02 0.07 0.049 0.004 0.016 0.027
44 R 0.045 0.345 0.039 0.031 0.008 0.048 0.052 0.033 0.023 0.023 0.047 0.12 0.016 0.017 0.019 0.045 0.035 0.006 0.017 0.031
45 Y 0.04 0.028 0.022 0.019 0.009 0.022 0.028 0.025 0.047 0.044 0.068 0.031 0.019 0.131 0.016 0.031 0.028 0.028 0.318 0.047
46 A 0.29 0.031 0.026 0.03 0.022 0.026 0.04 0.078 0.015 0.043 0.059 0.045 0.018 0.022 0.03 0.085 0.05 0.005 0.018 0.069
47 V 0.07 0.022 0.016 0.018 0.019 0.016 0.023 0.025 0.008 0.165 0.13 0.026 0.032 0.036 0.016 0.033 0.049 0.006 0.021 0.269
48 P 0.057 0.026 0.023 0.031 0.01 0.021 0.036 0.036 0.013 0.026 0.036 0.041 0.01 0.013 0.494 0.044 0.036 0.003 0.013 0.031
49 L 0.045 0.024 0.014 0.015 0.016 0.016 0.02 0.021 0.01 0.115 0.375 0.025 0.05 0.055 0.014 0.024 0.033 0.007 0.022 0.096
50 P 0.057 0.026 0.023 0.031 0.01 0.021 0.036 0.036 0.013 0.026 0.036 0.041 0.01 0.013 0.494 0.044 0.036 0.003 0.013 0.031
51 F 0.034 0.019 0.017 0.017 0.011 0.011 0.019 0.025 0.017 0.063 0.114 0.019 0.025 0.387 0.011 0.025 0.025 0.017 0.089 0.055
52 S 0.11 0.04 0.054 0.049 0.018 0.033 0.052 0.066 0.019 0.03 0.042 0.054 0.016 0.021 0.03 0.22 0.082 0.005 0.018 0.042
53 L 0.045 0.024 0.014 0.015 0.016 0.016 0.02 0.021 0.01 0.115 0.375 0.025 0.05 0.055 0.014 0.024 0.033 0.007 0.022 0.096
54 K 0.078 0.083 0.06 0.037 0.011 0.035 0.047 0.043 0.02 0.054 0.054 0.139 0.016 0.028 0.064 0.07 0.062 0.007 0.044 0.049
55 E 0.061 0.051 0.096 0.055 0.011 0.039 0.1 0.045 0.021 0.077 0.063 0.099 0.018 0.023 0.023 0.087 0.048 0.005 0.017 0.061
56 N 0.056 0.057 0.127 0.047 0.012 0.034 0.047 0.044 0.02 0.071 0.068 0.121 0.019 0.023 0.021 0.052 0.046 0.005 0.018 0.112
57 Q 0.056 0.074 0.044 0.047 0.009 0.215 0.103 0.041 0.029 0.026 0.047 0.091 0.021 0.015 0.024 0.056 0.041 0.006 0.021 0.035
58 S 0.11 0.04 0.054 0.049 0.018 0.033 0.052 0.066 0.019 0.03 0.042 0.054 0.016 0.021 0.03 0.22 0.082 0.005 0.018 0.042
59 L 0.045 0.024 0.014 0.015 0.016 0.016 0.02 0.021 0.01 0.115 0.375 0.025 0.05 0.055 0.014 0.024 0.033 0.007 0.022 0.096
60 K 0.057 0.107 0.042 0.042 0.009 0.054 0.071 0.043 0.021 0.028 0.043 0.278 0.016 0.016 0.028 0.054 0.04 0.005 0.017 0.033
61 E 0.055 0.05 0.04 0.09 0.007 0.064 0.296 0.035 0.026 0.022 0.037 0.076 0.013 0.017 0.026 0.055 0.037 0.006 0.017 0.031
62 T 0.073 0.036 0.043 0.038 0.018 0.028 0.039 0.043 0.014 0.053 0.065 0.045 0.02 0.024 0.028 0.093 0.246 0.006 0.018 0.071
63 I 0.047 0.018 0.015 0.018 0.016 0.013 0.018 0.021 0.009 0.271 0.168 0.024 0.037 0.044 0.015 0.025 0.04 0.006 0.021 0.177
64 K 0.057 0.107 0.042 0.042 0.009 0.054 0.071 0.043 0.021 0.028 0.043 0.278 0.016 0.016 0.028 0.054 0.04 0.005 0.017 0.033
65 L 0.045 0.024 0.014 0.015 0.016 0.016 0.02 0.021 0.01 0.115 0.375 0.025 0.05 0.055 0.014 0.024 0.033 0.007 0.022 0.096
66 F 0.034 0.019 0.017 0.017 0.011 0.011 0.019 0.025 0.017 0.063 0.114 0.019 0.025 0.387 0.011 0.025 0.025 0.017 0.089 0.055
67 A 0.29 0.031 0.026 0.03 0.022 0.026 0.04 0.078 0.015 0.043 0.059 0.045 0.018 0.022 0.03 0.085 0.05 0.005 0.018 0.069
68 N 0.043 0.045 0.317 0.083 0.009 0.034 0.049 0.065 0.032 0.022 0.032 0.054 0.011 0.018 0.02 0.07 0.049 0.004 0.016 0.027
69 D 0.041 0.03 0.069 0.397 0.008 0.03 0.091 0.047 0.019 0.022 0.028 0.045 0.009 0.015 0.022 0.052 0.035 0.004 0.011 0.024
70 E 0.055 0.05 0.04 0.09 0.007 0.064 0.296 0.035 0.026 0.022 0.037 0.076 0.013 0.017 0.026 0.055 0.037 0.006 0.017 0.031
71 H 0.042 0.046 0.053 0.038 0.008 0.038 0.053 0.038 0.355 0.023 0.038 0.046 0.015 0.03 0.019 0.042 0.027 0.008 0.057 0.023
72 Y 0.04 0.028 0.022 0.019 0.009 0.022 0.028 0.025 0.047 0.044 0.068 0.031 0.019 0.131 0.016 0.031 0.028 0.028 0.318 0.047
73 H 0.042 0.046 0.053 0.038 0.008 0.038 0.053 0.038 0.355 0.023 0.038 0.046 0.015 0.03 0.019 0.042 0.027 0.008 0.057 0.023
74 H 0.042 0.046 0.053 0.038 0.008 0.038 0.053 0.038 0.355 0.023 0.038 0.046 0.015 0.03 0.019 0.042 0.027 0.008 0.057 0.023
75 L 0.045 0.024 0.014 0.015 0.016 0.016 0.02 0.021 0.01 0.115 0.375 0.025 0.05 0.055 0.014 0.024 0.033 0.007 0.022 0.096
76 N 0.047 0.125 0.157 0.056 0.008 0.08 0.063 0.048 0.027 0.024 0.039 0.121 0.014 0.016 0.022 0.057 0.042 0.005 0.017 0.03
77 I 0.057 0.031 0.05 0.028 0.015 0.021 0.03 0.033 0.013 0.168 0.157 0.054 0.03 0.035 0.018 0.069 0.045 0.005 0.019 0.122
78 T 0.061 0.032 0.036 0.031 0.015 0.025 0.035 0.037 0.024 0.049 0.065 0.04 0.019 0.058 0.023 0.071 0.182 0.013 0.121 0.062
79 D 0.044 0.024 0.041 0.211 0.012 0.021 0.054 0.033 0.014 0.151 0.097 0.034 0.023 0.029 0.018 0.038 0.037 0.005 0.016 0.099
80 K 0.057 0.111 0.081 0.042 0.01 0.056 0.056 0.044 0.052 0.027 0.042 0.136 0.015 0.026 0.023 0.088 0.05 0.007 0.045 0.033
81 R 0.045 0.188 0.033 0.028 0.011 0.035 0.041 0.03 0.074 0.107 0.085 0.075 0.022 0.028 0.018 0.037 0.035 0.006 0.025 0.078
82 K 0.055 0.084 0.084 0.039 0.01 0.052 0.051 0.04 0.051 0.035 0.075 0.134 0.018 0.059 0.021 0.057 0.038 0.008 0.051 0.038
83 K 0.057 0.053 0.084 0.048 0.011 0.054 0.094 0.041 0.02 0.059 0.104 0.112 0.021 0.024 0.022 0.08 0.044 0.005 0.017 0.051
84 T 0.068 0.044 0.041 0.07 0.014 0.032 0.069 0.043 0.016 0.055 0.08 0.087 0.019 0.023 0.024 0.109 0.13 0.005 0.017 0.056
85 L 0.042 0.047 0.016 0.017 0.014 0.016 0.021 0.022 0.011 0.162 0.206 0.029 0.034 0.13 0.013 0.025 0.033 0.008 0.035 0.119
86 I 0.065 0.019 0.015 0.017 0.015 0.014 0.019 0.025 0.01 0.203 0.178 0.023 0.033 0.109 0.014 0.028 0.036 0.008 0.031 0.138
87 L 0.038 0.02 0.015 0.015 0.013 0.013 0.018 0.022 0.012 0.102 0.252 0.021 0.035 0.222 0.012 0.023 0.028 0.011 0.05 0.079
88 F 0.039 0.019 0.017 0.017 0.012 0.013 0.019 0.062 0.016 0.102 0.153 0.021 0.027 0.252 0.012 0.026 0.028 0.013 0.08 0.073
89 S 0.11 0.04 0.054 0.049 0.018 0.033 0.052 0.066 0.019 0.03 0.042 0.054 0.016 0.021 0.03 0.22 0.082 0.005 0.018 0.042
90 L 0.045 0.021 0.019 0.019 0.013 0.015 0.021 0.063 0.014 0.112 0.174 0.024 0.029 0.163 0.014 0.031 0.05 0.011 0.065 0.097
91 L 0.056 0.023 0.02 0.02 0.015 0.017 0.023 0.066 0.012 0.122 0.18 0.027 0.044 0.097 0.015 0.053 0.04 0.007 0.029 0.134
92 C 0.065 0.016 0.016 0.016 0.482 0.012 0.016 0.033 0.008 0.045 0.065 0.02 0.016 0.02 0.016 0.041 0.037 0.004 0.012 0.057
93 G 0.165 0.026 0.029 0.028 0.015 0.021 0.031 0.205 0.013 0.033 0.047 0.036 0.014 0.025 0.021 0.062 0.075 0.085 0.022 0.047
94 L 0.049 0.02 0.017 0.018 0.053 0.014 0.02 0.049 0.01 0.178 0.188 0.024 0.032 0.068 0.015 0.031 0.054 0.006 0.023 0.128
95 L 0.095 0.023 0.019 0.02 0.016 0.017 0.024 0.07 0.01 0.141 0.197 0.028 0.032 0.037 0.017 0.04 0.057 0.006 0.019 0.131
96 L 0.042 0.023 0.013 0.014 0.015 0.015 0.019 0.02 0.01 0.109 0.411 0.024 0.047 0.052 0.013 0.023 0.032 0.007 0.021 0.091
97 I 0.055 0.02 0.019 0.02 0.016 0.015 0.022 0.026 0.01 0.245 0.136 0.026 0.031 0.047 0.016 0.056 0.044 0.006 0.021 0.17
98 L 0.045 0.02 0.014 0.015 0.091 0.014 0.018 0.023 0.01 0.11 0.269 0.022 0.036 0.101 0.013 0.026 0.032 0.007 0.029 0.102
99 I 0.094 0.022 0.02 0.021 0.016 0.017 0.024 0.032 0.01 0.186 0.164 0.029 0.031 0.046 0.018 0.05 0.06 0.006 0.021 0.133
100 A 0.275 0.03 0.028 0.03 0.02 0.025 0.039 0.068 0.014 0.048 0.059 0.042 0.017 0.021 0.027 0.105 0.052 0.005 0.017 0.08
101 G 0.073 0.023 0.037 0.032 0.011 0.018 0.025 0.5 0.013 0.02 0.029 0.033 0.01 0.016 0.018 0.051 0.048 0.005 0.011 0.026
102 F 0.037 0.02 0.015 0.015 0.012 0.012 0.018 0.022 0.013 0.082 0.248 0.021 0.034 0.251 0.012 0.023 0.027 0.012 0.055 0.07
103 R 0.045 0.317 0.037 0.032 0.008 0.047 0.053 0.033 0.021 0.023 0.043 0.161 0.015 0.016 0.02 0.044 0.034 0.005 0.016 0.03
104 P 0.055 0.034 0.026 0.031 0.01 0.041 0.041 0.035 0.014 0.03 0.04 0.064 0.012 0.014 0.394 0.046 0.055 0.003 0.014 0.04
105 P 0.05 0.021 0.017 0.02 0.014 0.016 0.023 0.025 0.01 0.168 0.154 0.028 0.028 0.033 0.17 0.03 0.037 0.005 0.017 0.135
106 G 0.071 0.025 0.037 0.04 0.01 0.024 0.072 0.46 0.015 0.018 0.028 0.038 0.009 0.015 0.019 0.049 0.029 0.005 0.011 0.024
107 L 0.04 0.02 0.015 0.016 0.013 0.014 0.019 0.021 0.016 0.15 0.21 0.023 0.033 0.145 0.013 0.024 0.031 0.012 0.087 0.098
108 D 0.038 0.027 0.058 0.368 0.008 0.025 0.076 0.041 0.017 0.027 0.039 0.039 0.011 0.077 0.019 0.045 0.032 0.005 0.022 0.027
109 R 0.088 0.282 0.035 0.031 0.009 0.059 0.053 0.039 0.021 0.025 0.046 0.116 0.015 0.017 0.021 0.049 0.036 0.005 0.017 0.035
110 D 0.039 0.028 0.065 0.432 0.007 0.028 0.086 0.044 0.018 0.021 0.026 0.042 0.009 0.014 0.021 0.049 0.033 0.003 0.011 0.023
111 S 0.118 0.037 0.048 0.044 0.017 0.03 0.048 0.062 0.017 0.031 0.042 0.05 0.015 0.02 0.028 0.236 0.091 0.005 0.017 0.044
112 L 0.047 0.026 0.022 0.026 0.013 0.021 0.049 0.027 0.042 0.122 0.19 0.031 0.03 0.089 0.055 0.047 0.035 0.008 0.038 0.083
113 N 0.05 0.037 0.18 0.051 0.012 0.044 0.042 0.046 0.021 0.068 0.085 0.045 0.019 0.024 0.02 0.061 0.1 0.005 0.017 0.073
114 Y 0.038 0.026 0.021 0.018 0.009 0.021 0.026 0.023 0.044 0.041 0.065 0.029 0.018 0.123 0.015 0.029 0.026 0.026 0.356 0.044
115 L 0.099 0.023 0.019 0.02 0.017 0.017 0.025 0.032 0.01 0.153 0.181 0.029 0.032 0.037 0.018 0.053 0.043 0.006 0.019 0.168
116 G 0.061 0.041 0.093 0.116 0.01 0.037 0.117 0.122 0.02 0.024 0.035 0.071 0.012 0.017 0.023 0.088 0.062 0.005 0.014 0.031
117 L 0.053 0.037 0.025 0.032 0.014 0.031 0.077 0.03 0.016 0.092 0.173 0.061 0.11 0.037 0.018 0.053 0.039 0.006 0.02 0.077
118 I 0.044 0.019 0.015 0.017 0.015 0.015 0.019 0.02 0.012 0.243 0.192 0.024 0.049 0.05 0.014 0.025 0.036 0.007 0.046 0.139
119 N 0.069 0.064 0.121 0.042 0.011 0.062 0.045 0.081 0.025 0.04 0.099 0.051 0.019 0.038 0.019 0.055 0.038 0.008 0.069 0.043
120 R 0.094 0.114 0.084 0.07 0.012 0.038 0.06 0.045 0.019 0.056 0.08 0.06 0.018 0.022 0.021 0.071 0.061 0.005 0.016 0.053
121 F 0.056 0.032 0.105 0.041 0.011 0.024 0.037 0.045 0.028 0.039 0.063 0.039 0.017 0.141 0.019 0.089 0.045 0.013 0.112 0.042
122 A 0.233 0.034 0.035 0.036 0.02 0.028 0.044 0.074 0.016 0.038 0.053 0.047 0.017 0.021 0.03 0.131 0.06 0.005 0.017 0.059
123 P 0.075 0.029 0.036 0.036 0.013 0.024 0.037 0.143 0.014 0.027 0.037 0.042 0.012 0.016 0.221 0.112 0.071 0.004 0.014 0.035
124 L 0.066 0.02 0.015 0.017 0.014 0.014 0.02 0.026 0.011 0.167 0.196 0.023 0.033 0.145 0.014 0.029 0.034 0.009 0.037 0.109
125 D 0.083 0.04 0.069 0.112 0.013 0.037 0.069 0.046 0.018 0.044 0.107 0.069 0.02 0.024 0.023 0.091 0.067 0.005 0.016 0.048
126 D 0.045 0.032 0.048 0.223 0.008 0.051 0.065 0.099 0.022 0.029 0.045 0.043 0.013 0.078 0.019 0.045 0.032 0.009 0.063 0.031
127 A 0.118 0.029 0.034 0.074 0.015 0.026 0.067 0.095 0.015 0.096 0.073 0.041 0.019 0.025 0.022 0.09 0.047 0.005 0.016 0.093
128 D 0.051 0.035 0.074 0.195 0.009 0.047 0.084 0.119 0.05 0.023 0.033 0.047 0.012 0.025 0.021 0.065 0.036 0.006 0.042 0.027
129 L 0.04 0.022 0.016 0.021 0.013 0.017 0.043 0.022 0.013 0.117 0.242 0.025 0.035 0.171 0.013 0.026 0.03 0.009 0.041 0.085
130 L 0.039 0.049 0.016 0.016 0.011 0.017 0.023 0.024 0.015 0.088 0.18 0.03 0.028 0.082 0.012 0.025 0.029 0.167 0.064 0.083
131 L 0.064 0.029 0.038 0.092 0.013 0.023 0.041 0.079 0.015 0.05 0.117 0.037 0.035 0.087 0.02 0.109 0.065 0.007 0.027 0.051
132 R 0.072 0.169 0.038 0.036 0.01 0.093 0.064 0.04 0.021 0.028 0.045 0.159 0.016 0.016 0.023 0.054 0.056 0.005 0.017 0.036
133 E 0.052 0.047 0.038 0.085 0.007 0.061 0.336 0.033 0.024 0.021 0.035 0.071 0.012 0.016 0.024 0.052 0.035 0.005 0.016 0.03
134 P 0.054 0.024 0.022 0.029 0.01 0.02 0.034 0.034 0.012 0.024 0.034 0.039 0.01 0.012 0.522 0.041 0.034 0.002 0.012 0.029
135 T 0.148 0.031 0.034 0.032 0.017 0.025 0.036 0.088 0.013 0.048 0.067 0.041 0.032 0.023 0.025 0.078 0.175 0.006 0.017 0.065
136 F 0.032 0.018 0.016 0.016 0.01 0.01 0.018 0.024 0.016 0.06 0.108 0.018 0.024 0.422 0.01 0.024 0.024 0.016 0.084 0.052
137 W 0.036 0.023 0.067 0.025 0.01 0.017 0.024 0.03 0.014 0.121 0.108 0.026 0.023 0.046 0.012 0.029 0.031 0.243 0.04 0.075
138 L 0.075 0.023 0.017 0.018 0.015 0.016 0.022 0.067 0.011 0.107 0.247 0.026 0.048 0.09 0.015 0.032 0.034 0.007 0.028 0.1
139 L 0.044 0.019 0.014 0.016 0.015 0.013 0.018 0.02 0.009 0.218 0.229 0.023 0.037 0.073 0.014 0.024 0.035 0.007 0.025 0.146
140 V 0.056 0.042 0.104 0.041 0.013 0.095 0.052 0.038 0.019 0.076 0.073 0.051 0.021 0.023 0.019 0.05 0.063 0.005 0.018 0.141
141 L 0.072 0.038 0.029 0.036 0.012 0.081 0.09 0.035 0.022 0.069 0.118 0.049 0.024 0.069 0.019 0.058 0.038 0.009 0.067 0.065
142 I 0.042 0.017 0.015 0.016 0.014 0.012 0.017 0.021 0.011 0.227 0.141 0.021 0.031 0.158 0.013 0.024 0.034 0.009 0.039 0.139
143 N 0.064 0.039 0.304 0.07 0.048 0.03 0.044 0.06 0.027 0.024 0.034 0.048 0.011 0.017 0.019 0.065 0.046 0.004 0.015 0.031
144 R 0.049 0.133 0.062 0.042 0.009 0.091 0.081 0.075 0.05 0.029 0.068 0.112 0.017 0.019 0.02 0.047 0.035 0.005 0.02 0.034
145 L 0.045 0.027 0.018 0.018 0.013 0.018 0.024 0.024 0.015 0.106 0.182 0.046 0.044 0.154 0.014 0.028 0.033 0.01 0.064 0.117
146 L 0.066 0.022 0.015 0.016 0.015 0.015 0.02 0.025 0.01 0.135 0.299 0.025 0.04 0.075 0.014 0.028 0.034 0.007 0.025 0.114
147 F 0.035 0.019 0.016 0.017 0.011 0.012 0.019 0.024 0.015 0.065 0.149 0.02 0.026 0.333 0.05 0.025 0.026 0.013 0.069 0.056
148 G 0.059 0.027 0.07 0.159 0.01 0.023 0.047 0.235 0.016 0.026 0.037 0.038 0.011 0.047 0.02 0.068 0.055 0.005 0.017 0.03
149 G 0.067 0.033 0.089 0.071 0.01 0.024 0.038 0.352 0.017 0.02 0.029 0.059 0.01 0.016 0.02 0.068 0.036 0.005 0.012 0.025
150 D 0.078 0.04 0.12 0.139 0.011 0.031 0.055 0.092 0.021 0.025 0.035 0.067 0.012 0.02 0.023 0.12 0.05 0.005 0.023 0.032
151 Y 0.047 0.028 0.027 0.061 0.011 0.025 0.077 0.028 0.033 0.078 0.079 0.035 0.02 0.114 0.017 0.038 0.052 0.013 0.124 0.093
152 T 0.077 0.098 0.037 0.039 0.012 0.102 0.079 0.039 0.02 0.055 0.058 0.068 0.019 0.02 0.023 0.062 0.115 0.005 0.018 0.055
153 T 0.103 0.028 0.031 0.029 0.016 0.022 0.032 0.042 0.013 0.106 0.08 0.037 0.021 0.029 0.022 0.08 0.157 0.045 0.021 0.085
154 F 0.035 0.018 0.016 0.016 0.011 0.01 0.018 0.024 0.015 0.067 0.109 0.018 0.024 0.392 0.01 0.025 0.026 0.015 0.079 0.072
155 F 0.033 0.018 0.016 0.016 0.01 0.01 0.018 0.024 0.015 0.064 0.131 0.018 0.026 0.393 0.01 0.024 0.025 0.015 0.079 0.055
156 L 0.04 0.022 0.014 0.015 0.014 0.014 0.019 0.021 0.011 0.11 0.338 0.023 0.046 0.117 0.013 0.023 0.031 0.008 0.032 0.088
157 I 0.092 0.021 0.018 0.02 0.016 0.016 0.023 0.031 0.01 0.22 0.15 0.027 0.031 0.057 0.017 0.051 0.041 0.006 0.022 0.13
158 F 0.035 0.022 0.018 0.017 0.009 0.016 0.022 0.024 0.031 0.05 0.085 0.024 0.021 0.261 0.013 0.027 0.025 0.022 0.231 0.048
159 A 0.33 0.029 0.024 0.028 0.02 0.024 0.038 0.074 0.014 0.041 0.056 0.042 0.017 0.02 0.028 0.08 0.047 0.005 0.017 0.065
160 L 0.103 0.023 0.016 0.018 0.016 0.017 0.023 0.032 0.01 0.152 0.242 0.028 0.049 0.041 0.017 0.036 0.037 0.006 0.02 0.112
161 L 0.046 0.022 0.014 0.015 0.016 0.015 0.019 0.02 0.009 0.147 0.328 0.024 0.042 0.047 0.014 0.024 0.035 0.006 0.021 0.136
162 G 0.076 0.023 0.038 0.033 0.011 0.019 0.026 0.501 0.013 0.019 0.028 0.033 0.009 0.016 0.019 0.065 0.032 0.005 0.011 0.024
163 V 0.061 0.021 0.016 0.017 0.017 0.016 0.022 0.023 0.008 0.175 0.133 0.025 0.044 0.036 0.015 0.03 0.045 0.005 0.02 0.271
164 G 0.099 0.029 0.038 0.034 0.015 0.023 0.034 0.238 0.014 0.04 0.047 0.039 0.015 0.02 0.023 0.108 0.103 0.005 0.014 0.062
165 L 0.047 0.021 0.017 0.018 0.015 0.015 0.02 0.023 0.01 0.199 0.244 0.025 0.037 0.063 0.015 0.042 0.038 0.006 0.023 0.122
166 K 0.053 0.097 0.063 0.042 0.008 0.049 0.065 0.042 0.02 0.026 0.04 0.298 0.014 0.015 0.026 0.052 0.038 0.005 0.016 0.031
167 I 0.047 0.02 0.016 0.017 0.016 0.015 0.019 0.022 0.009 0.223 0.219 0.024 0.037 0.042 0.015 0.029 0.056 0.006 0.02 0.149
168 L 0.043 0.028 0.019 0.019 0.013 0.019 0.025 0.023 0.042 0.165 0.207 0.047 0.033 0.077 0.015 0.027 0.033 0.008 0.053 0.103
169 A 0.312 0.029 0.025 0.029 0.033 0.024 0.038 0.072 0.014 0.04 0.055 0.042 0.016 0.02 0.028 0.089 0.048 0.005 0.016 0.063
170 I 0.044 0.017 0.014 0.017 0.015 0.013 0.017 0.019 0.008 0.312 0.158 0.022 0.035 0.042 0.014 0.024 0.038 0.006 0.019 0.167
171 K 0.051 0.09 0.11 0.045 0.009 0.055 0.055 0.043 0.024 0.032 0.069 0.158 0.017 0.027 0.022 0.066 0.041 0.007 0.043 0.036
172 R 0.05 0.223 0.036 0.033 0.009 0.045 0.055 0.035 0.02 0.035 0.049 0.194 0.016 0.017 0.022 0.046 0.043 0.005 0.017 0.053
173 L 0.053 0.023 0.02 0.02 0.015 0.018 0.023 0.027 0.011 0.174 0.239 0.028 0.05 0.042 0.016 0.061 0.041 0.006 0.02 0.112
174 S 0.09 0.036 0.058 0.095 0.015 0.03 0.053 0.058 0.018 0.027 0.037 0.049 0.014 0.018 0.065 0.214 0.068 0.005 0.015 0.036
175 P 0.083 0.035 0.033 0.066 0.013 0.028 0.064 0.042 0.015 0.046 0.124 0.063 0.02 0.024 0.138 0.094 0.045 0.005 0.016 0.048
176 Y 0.049 0.027 0.048 0.025 0.012 0.021 0.028 0.069 0.026 0.059 0.123 0.031 0.036 0.07 0.016 0.051 0.035 0.053 0.152 0.07
177 P 0.053 0.063 0.027 0.035 0.009 0.046 0.066 0.035 0.016 0.024 0.036 0.072 0.011 0.013 0.368 0.044 0.035 0.003 0.014 0.03
178 L 0.055 0.02 0.015 0.016 0.014 0.013 0.02 0.025 0.012 0.135 0.191 0.022 0.032 0.161 0.013 0.027 0.032 0.049 0.043 0.107
179 V 0.07 0.022 0.016 0.018 0.019 0.016 0.023 0.025 0.008 0.165 0.13 0.026 0.032 0.036 0.016 0.033 0.049 0.006 0.021 0.269
180 L 0.041 0.023 0.015 0.016 0.014 0.016 0.02 0.022 0.014 0.107 0.268 0.025 0.064 0.131 0.013 0.025 0.031 0.01 0.06 0.084
181 S 0.147 0.034 0.044 0.041 0.017 0.028 0.045 0.114 0.017 0.03 0.042 0.047 0.015 0.019 0.027 0.204 0.066 0.005 0.016 0.043
182 L 0.066 0.021 0.015 0.016 0.015 0.015 0.02 0.025 0.011 0.133 0.246 0.024 0.036 0.111 0.014 0.029 0.035 0.008 0.031 0.127
183 F 0.039 0.02 0.016 0.016 0.012 0.014 0.019 0.022 0.017 0.142 0.144 0.022 0.028 0.173 0.012 0.025 0.03 0.052 0.095 0.101
184 L 0.097 0.023 0.019 0.02 0.055 0.017 0.024 0.032 0.01 0.133 0.173 0.029 0.03 0.035 0.018 0.043 0.072 0.006 0.018 0.145
185 Y 0.038 0.026 0.02 0.018 0.009 0.02 0.026 0.024 0.042 0.043 0.068 0.029 0.018 0.146 0.014 0.029 0.026 0.026 0.335 0.045
186 I 0.074 0.02 0.015 0.017 0.017 0.015 0.02 0.025 0.009 0.214 0.164 0.025 0.033 0.038 0.016 0.031 0.041 0.006 0.019 0.203
187 C 0.097 0.022 0.021 0.021 0.168 0.016 0.024 0.037 0.012 0.056 0.123 0.027 0.023 0.117 0.018 0.06 0.056 0.007 0.031 0.061
188 L 0.039 0.021 0.014 0.015 0.014 0.013 0.019 0.021 0.011 0.109 0.298 0.022 0.039 0.165 0.012 0.023 0.03 0.009 0.04 0.085
189 Y 0.038 0.026 0.02 0.018 0.009 0.02 0.026 0.024 0.042 0.043 0.068 0.029 0.018 0.146 0.014 0.029 0.026 0.026 0.335 0.045
190 F 0.034 0.021 0.018 0.017 0.01 0.014 0.021 0.024 0.027 0.053 0.091 0.022 0.022 0.307 0.012 0.026 0.025 0.02 0.189 0.049
191 I 0.112 0.023 0.02 0.022 0.017 0.018 0.026 0.035 0.01 0.155 0.129 0.031 0.027 0.032 0.058 0.049 0.061 0.005 0.018 0.152
192 L 0.044 0.023 0.014 0.015 0.016 0.015 0.019 0.02 0.009 0.112 0.389 0.024 0.045 0.05 0.014 0.024 0.033 0.007 0.021 0.108
193 H 0.04 0.043 0.05 0.036 0.007 0.036 0.05 0.036 0.392 0.022 0.036 0.043 0.014 0.029 0.018 0.04 0.025 0.007 0.054 0.022
194 D 0.047 0.037 0.051 0.241 0.008 0.043 0.198 0.039 0.02 0.023 0.033 0.056 0.011 0.015 0.023 0.053 0.054 0.004 0.013 0.029
195 L 0.045 0.027 0.017 0.017 0.015 0.021 0.023 0.024 0.013 0.097 0.266 0.029 0.132 0.077 0.014 0.029 0.034 0.008 0.027 0.086
196 T 0.087 0.034 0.064 0.038 0.016 0.026 0.038 0.045 0.014 0.047 0.059 0.043 0.018 0.022 0.026 0.085 0.252 0.005 0.017 0.064
197 Q 0.053 0.069 0.042 0.044 0.008 0.259 0.097 0.039 0.028 0.025 0.044 0.086 0.019 0.014 0.022 0.053 0.039 0.006 0.019 0.033
198 I 0.045 0.017 0.014 0.017 0.015 0.013 0.017 0.02 0.008 0.308 0.157 0.022 0.035 0.041 0.014 0.024 0.038 0.006 0.019 0.17
199 R 0.042 0.382 0.037 0.029 0.007 0.046 0.049 0.031 0.022 0.022 0.044 0.113 0.015 0.016 0.018 0.042 0.033 0.005 0.016 0.029
200 A 0.186 0.024 0.019 0.022 0.019 0.019 0.029 0.046 0.011 0.114 0.095 0.032 0.024 0.028 0.021 0.053 0.046 0.005 0.018 0.186
201 G 0.076 0.023 0.038 0.033 0.011 0.019 0.026 0.501 0.013 0.019 0.028 0.033 0.009 0.016 0.019 0.065 0.032 0.005 0.011 0.024
202 V 0.064 0.02 0.015 0.017 0.018 0.015 0.022 0.023 0.008 0.167 0.126 0.024 0.03 0.034 0.015 0.03 0.046 0.005 0.019 0.299
203 A 0.301 0.03 0.028 0.03 0.02 0.025 0.04 0.072 0.014 0.039 0.054 0.043 0.016 0.02 0.028 0.104 0.051 0.005 0.017 0.062
204 S 0.127 0.031 0.039 0.036 0.093 0.026 0.04 0.056 0.015 0.054 0.055 0.043 0.017 0.021 0.025 0.183 0.063 0.005 0.016 0.055
205 G 0.172 0.025 0.032 0.03 0.014 0.02 0.03 0.359 0.013 0.027 0.038 0.036 0.012 0.017 0.022 0.061 0.035 0.005 0.013 0.039
206 L 0.042 0.021 0.014 0.015 0.014 0.014 0.019 0.021 0.011 0.132 0.28 0.022 0.038 0.134 0.013 0.024 0.032 0.009 0.035 0.11
207 F 0.035 0.019 0.016 0.016 0.011 0.011 0.018 0.024 0.015 0.071 0.132 0.019 0.026 0.363 0.011 0.024 0.026 0.014 0.074 0.075
208 L 0.041 0.023 0.014 0.014 0.015 0.015 0.019 0.02 0.01 0.105 0.388 0.023 0.045 0.08 0.013 0.023 0.031 0.007 0.026 0.088
209 L 0.041 0.023 0.013 0.014 0.015 0.015 0.019 0.021 0.01 0.103 0.383 0.024 0.044 0.052 0.013 0.023 0.031 0.046 0.024 0.086
210 A 0.243 0.033 0.034 0.035 0.019 0.027 0.043 0.07 0.016 0.036 0.05 0.045 0.016 0.02 0.028 0.151 0.059 0.005 0.017 0.055
211 I 0.044 0.018 0.014 0.016 0.015 0.013 0.017 0.02 0.009 0.265 0.217 0.023 0.038 0.044 0.014 0.023 0.036 0.006 0.02 0.149
212 P 0.049 0.069 0.054 0.033 0.01 0.046 0.044 0.035 0.022 0.032 0.049 0.09 0.015 0.063 0.174 0.046 0.054 0.008 0.073 0.036
213 D 0.04 0.029 0.049 0.278 0.008 0.028 0.087 0.037 0.026 0.027 0.039 0.041 0.012 0.048 0.019 0.043 0.031 0.011 0.117 0.03
214 I 0.045 0.074 0.017 0.018 0.014 0.018 0.022 0.022 0.011 0.224 0.177 0.037 0.033 0.039 0.015 0.027 0.037 0.006 0.019 0.145
215 V 0.098 0.024 0.025 0.083 0.015 0.019 0.035 0.035 0.013 0.095 0.109 0.031 0.023 0.035 0.057 0.041 0.041 0.006 0.043 0.169
216 N 0.052 0.046 0.188 0.116 0.01 0.032 0.052 0.089 0.022 0.033 0.039 0.087 0.013 0.018 0.021 0.072 0.044 0.004 0.015 0.049
217 R 0.061 0.157 0.067 0.07 0.01 0.039 0.054 0.083 0.02 0.024 0.038 0.13 0.013 0.017 0.023 0.098 0.045 0.005 0.015 0.031
218 N 0.044 0.134 0.209 0.058 0.008 0.039 0.052 0.05 0.026 0.023 0.036 0.127 0.012 0.016 0.02 0.057 0.041 0.005 0.016 0.028
219 F 0.049 0.045 0.078 0.035 0.011 0.028 0.039 0.037 0.046 0.056 0.117 0.098 0.022 0.118 0.018 0.057 0.038 0.008 0.036 0.066
220 K 0.053 0.134 0.035 0.034 0.01 0.042 0.054 0.036 0.018 0.059 0.058 0.215 0.018 0.019 0.023 0.048 0.057 0.005 0.017 0.065
221 G 0.125 0.043 0.062 0.068 0.013 0.046 0.049 0.128 0.017 0.05 0.049 0.087 0.015 0.019 0.023 0.089 0.045 0.005 0.015 0.048
222 F 0.085 0.023 0.021 0.021 0.012 0.016 0.025 0.034 0.022 0.063 0.087 0.027 0.021 0.241 0.015 0.052 0.033 0.015 0.128 0.057
223 L 0.067 0.022 0.015 0.016 0.016 0.015 0.021 0.025 0.01 0.127 0.297 0.025 0.039 0.074 0.015 0.029 0.035 0.007 0.025 0.122
224 L 0.046 0.02 0.017 0.018 0.064 0.014 0.02 0.024 0.011 0.165 0.179 0.024 0.032 0.114 0.015 0.032 0.058 0.008 0.032 0.109
225 K 0.048 0.071 0.029 0.03 0.01 0.037 0.048 0.033 0.016 0.054 0.16 0.205 0.025 0.057 0.021 0.04 0.035 0.006 0.023 0.051
226 V 0.062 0.033 0.054 0.032 0.015 0.057 0.04 0.035 0.015 0.115 0.089 0.042 0.024 0.027 0.02 0.067 0.102 0.005 0.018 0.147
227 L 0.075 0.022 0.02 0.02 0.053 0.016 0.023 0.069 0.011 0.105 0.189 0.027 0.03 0.095 0.016 0.05 0.038 0.007 0.028 0.107
228 L 0.102 0.024 0.018 0.019 0.015 0.018 0.024 0.046 0.012 0.114 0.208 0.028 0.059 0.099 0.016 0.037 0.035 0.008 0.029 0.089
229 A 0.273 0.029 0.028 0.03 0.019 0.024 0.037 0.144 0.014 0.036 0.05 0.041 0.015 0.02 0.026 0.089 0.046 0.005 0.016 0.056
230 T 0.088 0.027 0.027 0.026 0.016 0.021 0.03 0.036 0.012 0.111 0.115 0.034 0.039 0.061 0.02 0.069 0.119 0.006 0.023 0.119
231 L 0.09 0.023 0.016 0.017 0.092 0.016 0.022 0.031 0.011 0.1 0.25 0.026 0.048 0.06 0.016 0.035 0.035 0.006 0.022 0.085
232 F 0.032 0.018 0.016 0.016 0.01 0.01 0.018 0.024 0.016 0.06 0.108 0.018 0.024 0.422 0.01 0.024 0.024 0.016 0.084 0.052
233 H 0.04 0.043 0.05 0.036 0.007 0.036 0.05 0.036 0.392 0.022 0.036 0.043 0.014 0.029 0.018 0.04 0.025 0.007 0.054 0.022
234 Y 0.038 0.026 0.021 0.018 0.009 0.021 0.026 0.023 0.044 0.041 0.065 0.029 0.018 0.123 0.015 0.029 0.026 0.026 0.356 0.044
235 S 0.104 0.038 0.051 0.046 0.017 0.031 0.049 0.063 0.018 0.028 0.04 0.051 0.015 0.02 0.028 0.264 0.077 0.005 0.017 0.04
236 A 0.33 0.029 0.024 0.028 0.02 0.024 0.038 0.074 0.014 0.041 0.056 0.042 0.017 0.02 0.028 0.08 0.047 0.005 0.017 0.065
237 I 0.046 0.018 0.014 0.016 0.016 0.013 0.017 0.02 0.008 0.269 0.195 0.023 0.036 0.043 0.014 0.024 0.037 0.006 0.02 0.166
238 I 0.048 0.02 0.014 0.016 0.016 0.015 0.019 0.021 0.009 0.22 0.212 0.024 0.05 0.043 0.014 0.026 0.038 0.006 0.02 0.169
239 G 0.1 0.026 0.026 0.025 0.014 0.021 0.027 0.192 0.014 0.058 0.119 0.033 0.076 0.06 0.018 0.048 0.054 0.007 0.022 0.06
240 L 0.041 0.021 0.014 0.015 0.014 0.013 0.019 0.021 0.011 0.113 0.276 0.022 0.038 0.163 0.013 0.024 0.031 0.009 0.04 0.102
241 P 0.06 0.022 0.018 0.021 0.052 0.016 0.025 0.029 0.011 0.096 0.094 0.029 0.035 0.087 0.171 0.035 0.037 0.006 0.027 0.13
242 L 0.048 0.021 0.018 0.019 0.015 0.015 0.021 0.024 0.01 0.194 0.195 0.026 0.034 0.07 0.015 0.034 0.075 0.007 0.024 0.136
243 Y 0.037 0.024 0.018 0.017 0.01 0.017 0.023 0.023 0.032 0.056 0.128 0.026 0.024 0.181 0.013 0.027 0.027 0.021 0.242 0.053
244 L 0.039 0.02 0.015 0.015 0.051 0.012 0.018 0.023 0.012 0.098 0.232 0.021 0.033 0.21 0.012 0.025 0.029 0.01 0.048 0.077
245 L 0.044 0.02 0.014 0.016 0.015 0.014 0.019 0.021 0.01 0.153 0.246 0.022 0.037 0.122 0.013 0.025 0.034 0.008 0.033 0.134
246 S 0.075 0.092 0.143 0.053 0.013 0.034 0.049 0.057 0.022 0.025 0.037 0.061 0.013 0.018 0.024 0.169 0.061 0.005 0.016 0.034
247 L 0.097 0.063 0.053 0.03 0.055 0.025 0.035 0.041 0.015 0.05 0.114 0.065 0.021 0.057 0.062 0.054 0.079 0.006 0.022 0.056
248 K 0.048 0.126 0.113 0.046 0.008 0.044 0.058 0.044 0.051 0.024 0.038 0.204 0.014 0.017 0.023 0.052 0.038 0.005 0.019 0.029
249 K 0.05 0.108 0.086 0.043 0.008 0.045 0.059 0.042 0.023 0.026 0.041 0.24 0.014 0.023 0.023 0.051 0.038 0.007 0.042 0.031
250 I 0.048 0.02 0.017 0.018 0.015 0.015 0.02 0.023 0.009 0.238 0.214 0.025 0.036 0.043 0.015 0.042 0.039 0.006 0.02 0.137
251 F 0.034 0.019 0.017 0.017 0.011 0.011 0.019 0.025 0.017 0.064 0.115 0.019 0.025 0.385 0.011 0.025 0.025 0.017 0.089 0.055
252 R 0.045 0.343 0.039 0.031 0.008 0.049 0.052 0.033 0.023 0.023 0.047 0.121 0.016 0.017 0.019 0.045 0.035 0.006 0.017 0.031
253 N 0.045 0.041 0.286 0.1 0.009 0.032 0.05 0.058 0.056 0.022 0.031 0.05 0.011 0.018 0.02 0.078 0.046 0.004 0.018 0.026
254 K 0.048 0.116 0.031 0.031 0.01 0.054 0.051 0.033 0.018 0.078 0.093 0.178 0.021 0.053 0.02 0.041 0.035 0.006 0.023 0.058
255 F 0.043 0.043 0.05 0.027 0.011 0.025 0.034 0.031 0.019 0.076 0.132 0.099 0.039 0.136 0.016 0.035 0.033 0.024 0.064 0.061
256 L 0.04 0.026 0.016 0.017 0.026 0.015 0.022 0.023 0.012 0.13 0.206 0.044 0.033 0.178 0.013 0.026 0.031 0.01 0.043 0.089
257 Y 0.037 0.025 0.02 0.017 0.009 0.019 0.025 0.024 0.04 0.042 0.067 0.028 0.018 0.141 0.014 0.028 0.026 0.064 0.313 0.043
258 F 0.073 0.023 0.022 0.021 0.014 0.017 0.025 0.07 0.017 0.085 0.136 0.028 0.025 0.136 0.016 0.052 0.043 0.011 0.085 0.101
259 L 0.087 0.024 0.022 0.022 0.015 0.018 0.026 0.035 0.013 0.138 0.143 0.029 0.041 0.125 0.017 0.069 0.041 0.008 0.034 0.094
260 L 0.044 0.022 0.014 0.015 0.015 0.015 0.019 0.02 0.009 0.122 0.368 0.024 0.044 0.059 0.014 0.024 0.033 0.007 0.022 0.111
261 P 0.056 0.023 0.021 0.026 0.012 0.019 0.031 0.032 0.011 0.055 0.055 0.036 0.014 0.017 0.405 0.039 0.037 0.003 0.014 0.094
262 I 0.049 0.019 0.014 0.016 0.016 0.014 0.018 0.02 0.008 0.24 0.196 0.023 0.036 0.042 0.014 0.025 0.039 0.006 0.02 0.186
263 L 0.069 0.021 0.015 0.017 0.016 0.015 0.021 0.025 0.01 0.191 0.203 0.025 0.048 0.061 0.015 0.03 0.038 0.006 0.023 0.151
264 G 0.114 0.028 0.039 0.035 0.014 0.023 0.033 0.318 0.014 0.026 0.036 0.039 0.012 0.018 0.022 0.111 0.063 0.005 0.013 0.036
265 L 0.047 0.02 0.016 0.017 0.015 0.014 0.019 0.06 0.009 0.184 0.262 0.024 0.038 0.044 0.014 0.026 0.035 0.006 0.019 0.132
266 L 0.094 0.022 0.017 0.018 0.015 0.016 0.022 0.031 0.012 0.145 0.167 0.026 0.044 0.127 0.016 0.035 0.036 0.008 0.034 0.115
267 L 0.087 0.021 0.016 0.018 0.015 0.015 0.021 0.029 0.011 0.161 0.211 0.025 0.034 0.1 0.015 0.033 0.036 0.007 0.029 0.117
268 A 0.199 0.032 0.033 0.033 0.018 0.026 0.04 0.062 0.015 0.045 0.087 0.043 0.033 0.024 0.026 0.143 0.057 0.005 0.017 0.059
269 L 0.049 0.042 0.023 0.023 0.013 0.024 0.033 0.029 0.016 0.09 0.228 0.094 0.032 0.074 0.017 0.048 0.036 0.008 0.05 0.072
270 T 0.073 0.035 0.043 0.037 0.018 0.028 0.039 0.043 0.014 0.053 0.065 0.045 0.02 0.024 0.028 0.092 0.249 0.006 0.018 0.071
271 L 0.065 0.02 0.015 0.017 0.014 0.014 0.02 0.026 0.011 0.141 0.185 0.023 0.032 0.139 0.014 0.029 0.034 0.035 0.038 0.127
272 G 0.057 0.029 0.114 0.092 0.009 0.024 0.041 0.228 0.018 0.021 0.03 0.04 0.01 0.015 0.142 0.052 0.036 0.004 0.012 0.026
273 T 0.073 0.036 0.043 0.038 0.018 0.028 0.039 0.043 0.014 0.053 0.065 0.045 0.02 0.024 0.028 0.093 0.246 0.006 0.018 0.071
274 I 0.047 0.018 0.015 0.018 0.016 0.013 0.018 0.021 0.009 0.271 0.168 0.024 0.037 0.044 0.015 0.025 0.04 0.006 0.021 0.177
275 F 0.034 0.019 0.017 0.017 0.011 0.011 0.019 0.025 0.017 0.063 0.114 0.019 0.025 0.387 0.011 0.025 0.025 0.017 0.089 0.055
276 D 0.041 0.03 0.069 0.397 0.008 0.03 0.091 0.047 0.019 0.022 0.028 0.045 0.009 0.015 0.022 0.052 0.035 0.004 0.011 0.024
277 G 0.059 0.03 0.134 0.046 0.011 0.023 0.032 0.287 0.018 0.035 0.09 0.038 0.016 0.023 0.018 0.051 0.036 0.005 0.014 0.036
278 L 0.048 0.025 0.022 0.05 0.014 0.018 0.028 0.026 0.014 0.089 0.263 0.028 0.049 0.078 0.015 0.046 0.036 0.008 0.051 0.092
279 L 0.061 0.029 0.054 0.031 0.015 0.023 0.031 0.075 0.016 0.1 0.116 0.036 0.046 0.038 0.019 0.08 0.088 0.007 0.044 0.093
280 L 0.067 0.042 0.028 0.032 0.011 0.079 0.068 0.033 0.046 0.088 0.127 0.066 0.025 0.089 0.018 0.04 0.034 0.007 0.031 0.067
281 D 0.055 0.033 0.092 0.142 0.011 0.043 0.054 0.045 0.019 0.053 0.056 0.044 0.016 0.081 0.02 0.093 0.063 0.006 0.026 0.046
282 L 0.074 0.022 0.022 0.022 0.015 0.017 0.024 0.07 0.012 0.145 0.152 0.028 0.028 0.094 0.017 0.054 0.058 0.007 0.028 0.112
283 L 0.045 0.023 0.015 0.016 0.015 0.016 0.02 0.022 0.011 0.138 0.292 0.025 0.067 0.076 0.014 0.025 0.034 0.007 0.026 0.116
284 L 0.08 0.067 0.031 0.033 0.013 0.03 0.06 0.076 0.015 0.059 0.135 0.087 0.023 0.027 0.021 0.066 0.078 0.006 0.017 0.074
285 F 0.053 0.031 0.079 0.034 0.012 0.022 0.032 0.076 0.019 0.05 0.099 0.042 0.034 0.125 0.018 0.066 0.088 0.009 0.058 0.052
286 L 0.096 0.022 0.019 0.02 0.016 0.017 0.024 0.033 0.011 0.142 0.156 0.028 0.029 0.095 0.017 0.052 0.041 0.007 0.029 0.145
287 A 0.163 0.029 0.027 0.031 0.017 0.025 0.056 0.048 0.013 0.092 0.124 0.039 0.024 0.028 0.023 0.076 0.082 0.005 0.018 0.08
288 S 0.06 0.038 0.079 0.084 0.012 0.063 0.074 0.043 0.019 0.044 0.077 0.049 0.018 0.051 0.06 0.096 0.046 0.006 0.021 0.059
289 Y 0.066 0.024 0.021 0.02 0.013 0.018 0.025 0.028 0.05 0.12 0.097 0.028 0.024 0.121 0.015 0.034 0.039 0.014 0.135 0.108
290 L 0.043 0.024 0.014 0.015 0.015 0.016 0.02 0.021 0.01 0.107 0.388 0.025 0.063 0.051 0.014 0.024 0.032 0.007 0.021 0.09
291 P 0.054 0.024 0.022 0.029 0.01 0.02 0.034 0.034 0.012 0.024 0.034 0.039 0.01 0.012 0.522 0.041 0.034 0.002 0.012 0.029
292 D 0.059 0.035 0.09 0.11 0.011 0.032 0.092 0.045 0.022 0.03 0.044 0.047 0.014 0.056 0.06 0.101 0.064 0.007 0.046 0.036
293 F 0.041 0.021 0.018 0.022 0.012 0.016 0.044 0.024 0.015 0.094 0.114 0.025 0.039 0.273 0.013 0.028 0.03 0.012 0.059 0.101
294 L 0.044 0.022 0.014 0.015 0.015 0.015 0.019 0.02 0.009 0.148 0.351 0.024 0.044 0.049 0.014 0.023 0.033 0.006 0.021 0.116
295 G 0.125 0.034 0.042 0.039 0.015 0.043 0.043 0.208 0.016 0.027 0.039 0.046 0.014 0.018 0.024 0.149 0.06 0.005 0.015 0.039
296 N 0.049 0.032 0.129 0.042 0.011 0.024 0.036 0.042 0.053 0.056 0.087 0.038 0.019 0.101 0.018 0.076 0.041 0.01 0.082 0.054
297 K 0.054 0.101 0.039 0.039 0.008 0.05 0.067 0.041 0.02 0.026 0.041 0.319 0.015 0.015 0.026 0.05 0.037 0.005 0.016 0.031
298 I 0.048 0.018 0.014 0.016 0.016 0.014 0.018 0.02 0.008 0.253 0.191 0.023 0.036 0.042 0.014 0.025 0.038 0.006 0.02 0.181
299 N 0.056 0.063 0.159 0.054 0.012 0.031 0.064 0.048 0.022 0.065 0.055 0.052 0.016 0.024 0.021 0.09 0.085 0.005 0.025 0.053
300 L 0.074 0.028 0.075 0.032 0.015 0.021 0.03 0.037 0.014 0.136 0.148 0.035 0.041 0.033 0.019 0.063 0.081 0.006 0.018 0.094
301 Y 0.038 0.026 0.021 0.018 0.009 0.021 0.026 0.023 0.044 0.041 0.065 0.029 0.018 0.123 0.015 0.029 0.026 0.026 0.356 0.044
302 L 0.044 0.02 0.014 0.016 0.015 0.014 0.018 0.02 0.009 0.187 0.268 0.023 0.039 0.075 0.013 0.024 0.034 0.007 0.025 0.134
303 D 0.058 0.034 0.089 0.104 0.012 0.029 0.068 0.043 0.02 0.059 0.063 0.044 0.031 0.03 0.022 0.089 0.101 0.007 0.042 0.054
304 L 0.044 0.022 0.016 0.016 0.014 0.015 0.019 0.06 0.01 0.124 0.32 0.024 0.045 0.076 0.014 0.025 0.032 0.007 0.025 0.092
305 L 0.051 0.035 0.024 0.025 0.014 0.074 0.04 0.029 0.015 0.097 0.244 0.042 0.062 0.039 0.017 0.05 0.038 0.006 0.02 0.079
306 E 0.058 0.049 0.114 0.092 0.01 0.042 0.14 0.045 0.022 0.033 0.041 0.096 0.014 0.018 0.023 0.086 0.045 0.005 0.016 0.051
307 N 0.071 0.042 0.139 0.067 0.012 0.038 0.104 0.108 0.024 0.024 0.035 0.056 0.013 0.018 0.024 0.117 0.055 0.005 0.016 0.032
308 N 0.059 0.069 0.148 0.081 0.011 0.049 0.053 0.05 0.022 0.032 0.066 0.069 0.016 0.02 0.022 0.105 0.068 0.005 0.016 0.038
309 G 0.067 0.028 0.043 0.103 0.01 0.027 0.084 0.348 0.016 0.02 0.029 0.041 0.01 0.015 0.02 0.066 0.034 0.005 0.012 0.025
310 E 0.072 0.038 0.032 0.101 0.012 0.05 0.114 0.034 0.016 0.095 0.098 0.066 0.022 0.025 0.02 0.044 0.038 0.005 0.017 0.101
311 F 0.04 0.034 0.025 0.023 0.01 0.039 0.034 0.028 0.077 0.086 0.107 0.053 0.023 0.138 0.015 0.031 0.029 0.051 0.095 0.062
312 S 0.09 0.043 0.088 0.051 0.013 0.036 0.09 0.051 0.022 0.033 0.052 0.071 0.029 0.028 0.024 0.135 0.054 0.007 0.043 0.041
313 D 0.048 0.071 0.069 0.142 0.008 0.057 0.127 0.04 0.049 0.024 0.036 0.08 0.013 0.016 0.061 0.053 0.055 0.005 0.018 0.03
314 I 0.044 0.017 0.014 0.017 0.015 0.012 0.017 0.02 0.009 0.261 0.148 0.022 0.033 0.1 0.013 0.024 0.036 0.007 0.029 0.16
315 N 0.04 0.069 0.308 0.071 0.008 0.033 0.047 0.057 0.057 0.021 0.031 0.055 0.011 0.018 0.019 0.062 0.044 0.005 0.018 0.025
316 I 0.052 0.031 0.021 0.024 0.014 0.071 0.038 0.026 0.013 0.172 0.134 0.039 0.029 0.032 0.055 0.033 0.039 0.005 0.019 0.153
317 F 0.034 0.02 0.016 0.016 0.01 0.012 0.019 0.024 0.02 0.061 0.124 0.02 0.025 0.347 0.011 0.025 0.025 0.017 0.121 0.054
318 N 0.045 0.042 0.332 0.076 0.009 0.032 0.047 0.062 0.029 0.022 0.03 0.051 0.011 0.017 0.02 0.081 0.049 0.004 0.015 0.027
319 F 0.04 0.02 0.016 0.017 0.012 0.013 0.02 0.023 0.015 0.094 0.174 0.023 0.029 0.223 0.051 0.026 0.029 0.012 0.075 0.087
320 Y 0.04 0.024 0.02 0.018 0.01 0.018 0.024 0.063 0.034 0.048 0.096 0.027 0.02 0.163 0.014 0.029 0.026 0.021 0.255 0.047
