#Seq2Logo.py -f /work3/idamei/ssn-clusterings/clustering/2205171701/clusters/0024_83/sequences.afa -o /work3/idamei/ssn-clusterings/clustering/2205171701/clusters/0024_83/sequences.logo
#Position Specific Frequency Matrix
A R N D C Q E G H I L K M F P S T W Y V
0 L 0.051 0.031 0.02 0.02 0.016 0.027 0.027 0.027 0.016 0.098 0.192 0.035 0.179 0.047 0.016 0.035 0.039 0.008 0.024 0.09
1 L 0.044 0.021 0.015 0.016 0.014 0.014 0.019 0.022 0.012 0.137 0.221 0.023 0.036 0.16 0.013 0.025 0.034 0.01 0.042 0.122
2 S 0.11 0.04 0.054 0.049 0.018 0.033 0.053 0.067 0.019 0.03 0.042 0.054 0.016 0.021 0.03 0.216 0.082 0.005 0.018 0.042
3 I 0.047 0.018 0.015 0.018 0.016 0.013 0.018 0.021 0.009 0.268 0.169 0.024 0.037 0.044 0.015 0.025 0.04 0.006 0.021 0.177
4 V 0.07 0.022 0.017 0.018 0.019 0.017 0.023 0.025 0.008 0.165 0.131 0.026 0.032 0.036 0.017 0.033 0.05 0.006 0.021 0.266
5 L 0.04 0.021 0.015 0.016 0.014 0.013 0.019 0.022 0.012 0.126 0.253 0.022 0.038 0.173 0.013 0.024 0.031 0.01 0.044 0.094
6 L 0.048 0.023 0.014 0.015 0.016 0.016 0.02 0.021 0.01 0.121 0.343 0.025 0.045 0.05 0.014 0.025 0.035 0.007 0.022 0.128
7 F 0.034 0.019 0.017 0.017 0.011 0.011 0.019 0.025 0.017 0.063 0.114 0.019 0.025 0.389 0.011 0.025 0.025 0.017 0.089 0.055
8 L 0.04 0.021 0.015 0.016 0.014 0.013 0.019 0.022 0.012 0.131 0.246 0.022 0.038 0.173 0.013 0.024 0.031 0.01 0.044 0.096
9 L 0.043 0.022 0.015 0.016 0.015 0.015 0.02 0.022 0.011 0.135 0.282 0.024 0.049 0.111 0.014 0.025 0.033 0.008 0.033 0.106
10 F 0.074 0.029 0.031 0.029 0.014 0.022 0.032 0.039 0.021 0.056 0.077 0.035 0.02 0.151 0.02 0.084 0.102 0.013 0.093 0.059
11 F 0.047 0.018 0.016 0.017 0.107 0.012 0.019 0.025 0.012 0.115 0.114 0.021 0.026 0.2 0.013 0.029 0.034 0.01 0.049 0.115
12 L 0.083 0.024 0.019 0.019 0.03 0.017 0.023 0.087 0.01 0.104 0.244 0.028 0.036 0.041 0.017 0.036 0.037 0.006 0.019 0.12
13 F 0.042 0.022 0.016 0.017 0.013 0.015 0.021 0.024 0.014 0.09 0.184 0.024 0.057 0.225 0.013 0.027 0.032 0.012 0.055 0.095
14 F 0.035 0.019 0.016 0.016 0.011 0.011 0.019 0.024 0.015 0.071 0.16 0.02 0.029 0.34 0.011 0.025 0.026 0.015 0.075 0.061
15 L 0.045 0.025 0.015 0.016 0.016 0.018 0.021 0.022 0.011 0.114 0.35 0.027 0.071 0.052 0.014 0.026 0.034 0.007 0.022 0.095
16 L 0.048 0.022 0.015 0.016 0.014 0.014 0.02 0.024 0.012 0.1 0.25 0.023 0.037 0.172 0.013 0.026 0.032 0.01 0.044 0.105
17 F 0.035 0.019 0.016 0.016 0.011 0.011 0.019 0.024 0.015 0.071 0.16 0.02 0.029 0.34 0.011 0.025 0.026 0.015 0.075 0.061
18 P 0.056 0.025 0.023 0.03 0.01 0.02 0.035 0.035 0.013 0.025 0.035 0.04 0.01 0.013 0.505 0.043 0.035 0.003 0.013 0.03
19 V 0.055 0.02 0.016 0.017 0.016 0.014 0.02 0.023 0.01 0.184 0.136 0.024 0.031 0.101 0.015 0.028 0.041 0.007 0.032 0.209
20 L 0.052 0.022 0.02 0.021 0.014 0.016 0.023 0.111 0.011 0.132 0.199 0.028 0.031 0.037 0.101 0.032 0.034 0.006 0.018 0.094
21 T 0.074 0.034 0.038 0.034 0.016 0.028 0.039 0.044 0.021 0.051 0.079 0.043 0.046 0.045 0.024 0.119 0.122 0.01 0.074 0.06
22 L 0.092 0.025 0.021 0.021 0.016 0.018 0.025 0.034 0.012 0.106 0.205 0.03 0.033 0.103 0.018 0.044 0.069 0.008 0.031 0.089
23 P 0.061 0.024 0.023 0.026 0.015 0.018 0.029 0.032 0.011 0.142 0.099 0.033 0.024 0.036 0.174 0.061 0.045 0.005 0.019 0.127
24 L 0.05 0.024 0.021 0.022 0.015 0.017 0.025 0.028 0.011 0.113 0.191 0.03 0.031 0.079 0.102 0.039 0.074 0.007 0.027 0.093
25 S 0.093 0.034 0.045 0.04 0.016 0.028 0.042 0.138 0.017 0.039 0.089 0.045 0.019 0.024 0.025 0.173 0.064 0.005 0.017 0.046
26 L 0.054 0.022 0.019 0.019 0.015 0.017 0.022 0.098 0.011 0.131 0.158 0.026 0.053 0.093 0.015 0.032 0.037 0.008 0.029 0.142
27 V 0.059 0.021 0.018 0.019 0.016 0.016 0.021 0.096 0.009 0.152 0.17 0.026 0.034 0.046 0.015 0.031 0.04 0.006 0.021 0.184
28 G 0.103 0.024 0.031 0.029 0.013 0.019 0.027 0.326 0.013 0.036 0.087 0.034 0.016 0.021 0.079 0.05 0.033 0.005 0.013 0.041
29 L 0.049 0.023 0.016 0.017 0.016 0.018 0.021 0.022 0.011 0.181 0.221 0.027 0.077 0.045 0.015 0.028 0.038 0.006 0.021 0.149
30 L 0.058 0.022 0.015 0.016 0.017 0.016 0.021 0.023 0.009 0.14 0.231 0.025 0.041 0.042 0.015 0.029 0.042 0.006 0.021 0.212
31 L 0.042 0.028 0.095 0.032 0.012 0.02 0.028 0.033 0.024 0.09 0.159 0.032 0.027 0.105 0.015 0.039 0.035 0.012 0.103 0.07
32 D 0.044 0.082 0.092 0.238 0.008 0.061 0.078 0.045 0.022 0.023 0.034 0.091 0.012 0.015 0.022 0.052 0.037 0.004 0.014 0.027
33 R 0.046 0.191 0.075 0.039 0.008 0.043 0.053 0.039 0.022 0.028 0.049 0.166 0.015 0.058 0.021 0.047 0.036 0.006 0.024 0.033
34 K 0.051 0.197 0.039 0.037 0.008 0.05 0.062 0.038 0.021 0.025 0.043 0.236 0.015 0.016 0.024 0.049 0.037 0.005 0.017 0.031
35 Y 0.075 0.067 0.062 0.028 0.012 0.024 0.032 0.036 0.028 0.051 0.118 0.042 0.022 0.098 0.017 0.041 0.034 0.015 0.145 0.053
36 S 0.146 0.033 0.037 0.035 0.017 0.027 0.041 0.057 0.02 0.05 0.059 0.044 0.018 0.036 0.025 0.149 0.061 0.008 0.059 0.08
37 K 0.054 0.109 0.033 0.033 0.011 0.041 0.054 0.036 0.017 0.078 0.069 0.208 0.02 0.021 0.023 0.045 0.042 0.005 0.018 0.083
38 L 0.051 0.024 0.022 0.021 0.015 0.018 0.024 0.026 0.014 0.159 0.186 0.029 0.033 0.049 0.017 0.041 0.095 0.008 0.054 0.111
39 Y 0.039 0.026 0.02 0.017 0.01 0.019 0.025 0.024 0.037 0.053 0.114 0.028 0.023 0.153 0.014 0.029 0.027 0.023 0.267 0.052
40 L 0.046 0.023 0.014 0.015 0.016 0.016 0.02 0.021 0.01 0.118 0.362 0.025 0.046 0.051 0.014 0.025 0.034 0.007 0.021 0.119
41 L 0.049 0.022 0.015 0.016 0.026 0.016 0.021 0.023 0.011 0.14 0.232 0.025 0.053 0.09 0.014 0.027 0.037 0.008 0.029 0.148
42 L 0.038 0.021 0.015 0.015 0.013 0.013 0.019 0.022 0.013 0.088 0.265 0.022 0.037 0.215 0.012 0.024 0.029 0.011 0.051 0.075
43 F 0.069 0.02 0.017 0.018 0.014 0.013 0.021 0.028 0.013 0.131 0.12 0.023 0.027 0.222 0.014 0.031 0.034 0.011 0.053 0.122
44 C 0.075 0.023 0.024 0.024 0.206 0.018 0.027 0.036 0.01 0.083 0.081 0.029 0.021 0.025 0.019 0.085 0.05 0.005 0.016 0.141
45 L 0.048 0.022 0.015 0.016 0.016 0.015 0.02 0.022 0.01 0.138 0.277 0.024 0.04 0.082 0.014 0.026 0.036 0.007 0.027 0.147
46 G 0.117 0.031 0.041 0.038 0.016 0.026 0.039 0.176 0.015 0.044 0.05 0.043 0.016 0.021 0.024 0.152 0.059 0.005 0.016 0.071
47 I 0.046 0.017 0.014 0.017 0.016 0.013 0.017 0.02 0.009 0.296 0.162 0.023 0.036 0.043 0.014 0.024 0.038 0.006 0.02 0.171
48 S 0.106 0.039 0.052 0.047 0.017 0.032 0.051 0.064 0.019 0.029 0.04 0.052 0.015 0.02 0.029 0.246 0.079 0.005 0.017 0.04
49 L 0.05 0.022 0.015 0.016 0.016 0.016 0.02 0.022 0.01 0.183 0.236 0.025 0.056 0.044 0.015 0.027 0.038 0.006 0.021 0.163
50 I 0.051 0.02 0.016 0.02 0.015 0.015 0.022 0.024 0.009 0.191 0.153 0.027 0.03 0.035 0.125 0.029 0.039 0.005 0.018 0.154
51 A 0.176 0.029 0.027 0.028 0.018 0.023 0.034 0.053 0.013 0.105 0.094 0.039 0.041 0.029 0.024 0.083 0.073 0.006 0.018 0.089
52 L 0.042 0.023 0.014 0.015 0.015 0.015 0.019 0.021 0.01 0.105 0.367 0.024 0.045 0.092 0.013 0.023 0.031 0.008 0.029 0.088
53 R 0.043 0.37 0.037 0.03 0.007 0.047 0.05 0.032 0.022 0.022 0.045 0.116 0.015 0.017 0.019 0.043 0.034 0.006 0.017 0.03
54 Y 0.038 0.026 0.02 0.018 0.009 0.02 0.026 0.024 0.042 0.044 0.071 0.029 0.019 0.157 0.014 0.029 0.027 0.026 0.315 0.046
55 I 0.051 0.021 0.019 0.02 0.015 0.016 0.022 0.025 0.014 0.22 0.164 0.027 0.033 0.05 0.016 0.05 0.041 0.008 0.056 0.133
56 P 0.055 0.026 0.024 0.029 0.011 0.02 0.033 0.034 0.012 0.037 0.078 0.038 0.015 0.018 0.403 0.045 0.061 0.003 0.014 0.041
57 H 0.07 0.032 0.042 0.071 0.01 0.027 0.043 0.037 0.147 0.035 0.055 0.037 0.016 0.099 0.018 0.042 0.03 0.014 0.14 0.038
58 P 0.051 0.024 0.022 0.026 0.011 0.018 0.029 0.086 0.016 0.04 0.086 0.034 0.017 0.074 0.291 0.038 0.032 0.008 0.058 0.04
59 L 0.06 0.029 0.03 0.027 0.016 0.022 0.029 0.088 0.012 0.071 0.183 0.035 0.039 0.034 0.02 0.059 0.149 0.006 0.018 0.073
60 D 0.039 0.029 0.066 0.421 0.007 0.029 0.088 0.045 0.018 0.022 0.027 0.043 0.009 0.014 0.022 0.05 0.034 0.004 0.011 0.023
61 D 0.039 0.029 0.066 0.421 0.007 0.029 0.088 0.045 0.018 0.022 0.027 0.043 0.009 0.014 0.022 0.05 0.034 0.004 0.011 0.023
62 G 0.109 0.027 0.039 0.035 0.013 0.022 0.032 0.375 0.014 0.023 0.033 0.038 0.011 0.017 0.022 0.097 0.042 0.005 0.013 0.032
63 A 0.247 0.033 0.034 0.035 0.019 0.027 0.043 0.071 0.016 0.037 0.052 0.046 0.016 0.021 0.029 0.138 0.058 0.005 0.017 0.058
64 F 0.036 0.061 0.02 0.018 0.009 0.019 0.026 0.026 0.028 0.046 0.079 0.034 0.02 0.219 0.013 0.028 0.026 0.074 0.175 0.045
65 H 0.04 0.044 0.051 0.037 0.007 0.037 0.051 0.037 0.38 0.022 0.037 0.044 0.015 0.029 0.018 0.04 0.026 0.007 0.055 0.022
66 F 0.036 0.022 0.019 0.017 0.01 0.015 0.022 0.024 0.03 0.052 0.089 0.024 0.021 0.273 0.013 0.027 0.026 0.021 0.21 0.049
67 R 0.048 0.163 0.035 0.032 0.009 0.061 0.052 0.034 0.023 0.033 0.056 0.126 0.017 0.073 0.02 0.048 0.06 0.009 0.061 0.039
68 A 0.294 0.031 0.028 0.031 0.02 0.025 0.04 0.074 0.015 0.04 0.055 0.044 0.017 0.021 0.029 0.1 0.051 0.005 0.017 0.063
69 A 0.205 0.03 0.027 0.028 0.019 0.024 0.035 0.056 0.013 0.066 0.082 0.04 0.039 0.026 0.025 0.072 0.095 0.006 0.018 0.096
70 Y 0.06 0.043 0.034 0.032 0.012 0.051 0.045 0.039 0.028 0.038 0.059 0.072 0.018 0.098 0.021 0.092 0.066 0.014 0.134 0.044
71 L 0.069 0.066 0.023 0.027 0.013 0.027 0.061 0.029 0.021 0.079 0.151 0.043 0.033 0.054 0.018 0.038 0.039 0.011 0.091 0.109
72 F 0.037 0.022 0.016 0.016 0.012 0.014 0.02 0.023 0.019 0.074 0.198 0.022 0.031 0.238 0.012 0.025 0.027 0.015 0.112 0.065
73 S 0.104 0.042 0.041 0.039 0.015 0.075 0.054 0.05 0.018 0.058 0.059 0.054 0.019 0.021 0.025 0.128 0.112 0.005 0.018 0.06
74 N 0.054 0.073 0.104 0.041 0.011 0.029 0.039 0.096 0.02 0.045 0.101 0.076 0.038 0.068 0.019 0.068 0.041 0.007 0.025 0.046
75 Y 0.038 0.024 0.019 0.017 0.01 0.018 0.024 0.024 0.034 0.075 0.087 0.026 0.021 0.183 0.014 0.028 0.028 0.022 0.247 0.061
76 D 0.044 0.033 0.155 0.26 0.008 0.029 0.07 0.104 0.022 0.021 0.028 0.045 0.01 0.015 0.02 0.056 0.038 0.004 0.012 0.024
77 N 0.076 0.041 0.185 0.062 0.013 0.032 0.049 0.063 0.024 0.025 0.036 0.052 0.013 0.019 0.024 0.166 0.065 0.005 0.016 0.034
78 I 0.044 0.018 0.015 0.017 0.014 0.012 0.018 0.022 0.011 0.199 0.139 0.022 0.031 0.164 0.013 0.025 0.035 0.009 0.042 0.15
79 F 0.048 0.022 0.02 0.02 0.013 0.015 0.023 0.028 0.017 0.12 0.111 0.025 0.026 0.207 0.014 0.051 0.037 0.012 0.084 0.107
80 D 0.051 0.038 0.056 0.266 0.008 0.06 0.131 0.044 0.021 0.023 0.033 0.055 0.012 0.017 0.023 0.073 0.04 0.005 0.018 0.028
81 L 0.039 0.023 0.016 0.016 0.012 0.017 0.022 0.025 0.013 0.096 0.178 0.025 0.065 0.092 0.012 0.026 0.03 0.176 0.043 0.075
82 F 0.036 0.021 0.017 0.017 0.011 0.014 0.02 0.025 0.018 0.086 0.113 0.022 0.043 0.258 0.011 0.026 0.028 0.07 0.098 0.066
83 K 0.059 0.082 0.044 0.089 0.009 0.085 0.101 0.061 0.022 0.025 0.039 0.162 0.015 0.015 0.025 0.074 0.042 0.005 0.016 0.032
84 D 0.103 0.028 0.068 0.118 0.011 0.023 0.044 0.101 0.02 0.033 0.05 0.036 0.014 0.078 0.019 0.051 0.035 0.065 0.064 0.039
85 L 0.044 0.023 0.016 0.016 0.014 0.016 0.021 0.024 0.013 0.096 0.226 0.025 0.07 0.168 0.013 0.027 0.033 0.01 0.043 0.101
86 L 0.107 0.038 0.026 0.028 0.015 0.029 0.046 0.041 0.019 0.085 0.11 0.068 0.077 0.042 0.021 0.066 0.043 0.008 0.056 0.075
87 S 0.075 0.037 0.115 0.136 0.013 0.031 0.057 0.058 0.021 0.029 0.049 0.049 0.014 0.019 0.025 0.159 0.061 0.005 0.015 0.035
88 G 0.063 0.081 0.072 0.039 0.009 0.03 0.04 0.314 0.017 0.021 0.033 0.105 0.011 0.016 0.02 0.051 0.033 0.005 0.013 0.026
89 N 0.049 0.033 0.105 0.083 0.011 0.025 0.042 0.043 0.059 0.041 0.088 0.039 0.019 0.076 0.018 0.07 0.065 0.057 0.034 0.043
90 L 0.078 0.032 0.034 0.032 0.017 0.025 0.036 0.044 0.015 0.073 0.208 0.04 0.033 0.038 0.022 0.121 0.058 0.006 0.02 0.069
91 R 0.045 0.1 0.096 0.038 0.01 0.05 0.042 0.036 0.02 0.092 0.075 0.056 0.02 0.066 0.072 0.043 0.041 0.006 0.025 0.065
92 I 0.056 0.021 0.019 0.021 0.014 0.016 0.023 0.081 0.01 0.149 0.135 0.028 0.027 0.032 0.126 0.033 0.038 0.005 0.017 0.147
93 T 0.073 0.036 0.044 0.038 0.018 0.028 0.04 0.044 0.014 0.053 0.065 0.046 0.02 0.024 0.028 0.093 0.244 0.006 0.018 0.071
94 G 0.062 0.026 0.031 0.03 0.013 0.021 0.037 0.251 0.016 0.048 0.121 0.034 0.021 0.037 0.019 0.049 0.075 0.008 0.051 0.05
95 R 0.052 0.229 0.065 0.049 0.009 0.047 0.11 0.038 0.023 0.026 0.042 0.092 0.014 0.017 0.021 0.07 0.04 0.005 0.016 0.032
96 Y 0.039 0.027 0.021 0.018 0.009 0.021 0.027 0.024 0.045 0.042 0.066 0.03 0.018 0.126 0.015 0.03 0.027 0.027 0.344 0.045
97 D 0.048 0.029 0.091 0.296 0.008 0.027 0.069 0.154 0.018 0.021 0.027 0.042 0.009 0.015 0.021 0.052 0.034 0.004 0.011 0.024
98 Y 0.039 0.027 0.021 0.018 0.009 0.021 0.027 0.024 0.045 0.042 0.066 0.03 0.018 0.126 0.015 0.03 0.027 0.027 0.344 0.045
99 G 0.062 0.04 0.034 0.031 0.01 0.05 0.041 0.2 0.027 0.029 0.045 0.07 0.015 0.053 0.02 0.066 0.036 0.012 0.124 0.035
100 N 0.065 0.043 0.179 0.07 0.011 0.039 0.11 0.057 0.025 0.024 0.035 0.057 0.013 0.018 0.024 0.125 0.055 0.005 0.016 0.032
101 Y 0.047 0.023 0.018 0.018 0.013 0.018 0.024 0.023 0.028 0.124 0.101 0.027 0.025 0.092 0.015 0.029 0.034 0.017 0.195 0.13
102 P 0.055 0.025 0.022 0.03 0.01 0.02 0.035 0.035 0.012 0.025 0.035 0.04 0.01 0.012 0.513 0.042 0.035 0.002 0.012 0.03
103 L 0.05 0.021 0.014 0.016 0.016 0.015 0.019 0.021 0.009 0.181 0.258 0.024 0.04 0.045 0.014 0.026 0.038 0.006 0.021 0.167
104 F 0.033 0.019 0.017 0.016 0.01 0.012 0.019 0.024 0.02 0.059 0.104 0.02 0.024 0.375 0.011 0.025 0.025 0.018 0.117 0.052
105 T 0.126 0.03 0.037 0.034 0.016 0.024 0.035 0.157 0.013 0.042 0.054 0.041 0.016 0.021 0.025 0.079 0.17 0.005 0.016 0.058
106 L 0.054 0.025 0.024 0.023 0.014 0.018 0.027 0.031 0.017 0.095 0.192 0.03 0.031 0.132 0.016 0.075 0.041 0.011 0.07 0.075
107 L 0.042 0.021 0.014 0.016 0.015 0.014 0.018 0.021 0.01 0.168 0.288 0.023 0.041 0.089 0.013 0.024 0.033 0.007 0.028 0.114
108 L 0.046 0.027 0.016 0.017 0.016 0.021 0.023 0.023 0.012 0.105 0.306 0.029 0.112 0.05 0.014 0.028 0.035 0.007 0.022 0.091
109 Y 0.039 0.027 0.021 0.018 0.009 0.021 0.027 0.024 0.045 0.042 0.066 0.03 0.018 0.126 0.015 0.03 0.027 0.027 0.344 0.045
110 L 0.042 0.025 0.014 0.016 0.015 0.014 0.019 0.021 0.01 0.165 0.273 0.024 0.04 0.102 0.013 0.024 0.033 0.008 0.03 0.112
111 F 0.046 0.02 0.017 0.017 0.013 0.014 0.021 0.024 0.02 0.116 0.115 0.023 0.027 0.213 0.013 0.028 0.034 0.013 0.085 0.143
112 S 0.085 0.145 0.047 0.041 0.014 0.037 0.05 0.053 0.02 0.027 0.042 0.072 0.015 0.019 0.025 0.181 0.067 0.005 0.017 0.037
113 N 0.052 0.047 0.174 0.098 0.009 0.055 0.055 0.159 0.024 0.022 0.032 0.082 0.012 0.016 0.021 0.058 0.04 0.005 0.014 0.027
114 T 0.075 0.035 0.043 0.037 0.017 0.027 0.039 0.044 0.014 0.048 0.06 0.045 0.018 0.022 0.027 0.109 0.251 0.006 0.017 0.065
115 G 0.051 0.03 0.036 0.029 0.009 0.024 0.033 0.197 0.143 0.029 0.048 0.034 0.015 0.089 0.017 0.039 0.027 0.012 0.108 0.031
116 H 0.052 0.036 0.073 0.037 0.013 0.029 0.04 0.038 0.137 0.071 0.075 0.041 0.038 0.029 0.02 0.057 0.114 0.006 0.031 0.062
117 Y 0.04 0.026 0.02 0.018 0.028 0.02 0.026 0.024 0.04 0.05 0.103 0.029 0.021 0.114 0.015 0.03 0.028 0.024 0.296 0.051
118 S 0.106 0.039 0.052 0.047 0.017 0.032 0.05 0.064 0.018 0.029 0.04 0.052 0.015 0.02 0.029 0.25 0.079 0.005 0.017 0.04
119 L 0.043 0.023 0.014 0.015 0.016 0.016 0.019 0.02 0.01 0.111 0.4 0.024 0.048 0.053 0.014 0.023 0.032 0.007 0.021 0.092
120 L 0.054 0.022 0.018 0.02 0.016 0.016 0.022 0.025 0.01 0.185 0.222 0.027 0.036 0.042 0.016 0.05 0.042 0.006 0.02 0.149
121 S 0.106 0.039 0.052 0.047 0.017 0.032 0.05 0.064 0.018 0.029 0.04 0.052 0.015 0.02 0.029 0.25 0.079 0.005 0.017 0.04
122 F 0.036 0.019 0.016 0.016 0.011 0.011 0.019 0.024 0.015 0.072 0.112 0.019 0.025 0.369 0.011 0.025 0.027 0.015 0.078 0.08
123 I 0.056 0.022 0.021 0.021 0.017 0.017 0.023 0.026 0.009 0.213 0.131 0.028 0.031 0.036 0.017 0.04 0.093 0.006 0.019 0.176
124 V 0.076 0.027 0.028 0.027 0.017 0.021 0.031 0.037 0.012 0.104 0.095 0.033 0.025 0.071 0.019 0.104 0.055 0.006 0.026 0.184
125 C 0.15 0.023 0.023 0.024 0.234 0.018 0.027 0.048 0.011 0.069 0.069 0.031 0.018 0.023 0.021 0.075 0.045 0.005 0.015 0.07
126 F 0.041 0.019 0.016 0.017 0.013 0.013 0.019 0.023 0.013 0.129 0.14 0.021 0.041 0.247 0.012 0.026 0.031 0.012 0.057 0.11
127 I 0.053 0.021 0.018 0.019 0.016 0.016 0.021 0.023 0.009 0.197 0.195 0.026 0.035 0.041 0.016 0.033 0.065 0.006 0.02 0.171
128 T 0.069 0.028 0.03 0.028 0.018 0.022 0.031 0.034 0.011 0.099 0.09 0.035 0.024 0.028 0.022 0.064 0.174 0.006 0.018 0.17
129 Y 0.039 0.027 0.021 0.018 0.009 0.021 0.027 0.024 0.045 0.042 0.066 0.03 0.018 0.126 0.015 0.03 0.027 0.027 0.344 0.045
130 F 0.035 0.021 0.018 0.017 0.01 0.014 0.021 0.024 0.026 0.055 0.095 0.022 0.022 0.316 0.012 0.026 0.025 0.02 0.172 0.05
131 L 0.068 0.027 0.027 0.026 0.124 0.02 0.029 0.037 0.012 0.068 0.205 0.032 0.03 0.034 0.019 0.102 0.048 0.006 0.018 0.067
132 F 0.038 0.023 0.018 0.017 0.011 0.016 0.022 0.024 0.025 0.064 0.136 0.025 0.044 0.235 0.013 0.027 0.028 0.018 0.158 0.059
133 G 0.067 0.026 0.032 0.029 0.014 0.02 0.028 0.199 0.012 0.079 0.134 0.034 0.023 0.029 0.02 0.072 0.091 0.006 0.016 0.067
134 Y 0.059 0.037 0.029 0.027 0.012 0.026 0.036 0.035 0.032 0.05 0.064 0.065 0.018 0.08 0.019 0.081 0.042 0.017 0.199 0.07
135 V 0.06 0.024 0.023 0.024 0.016 0.018 0.027 0.029 0.01 0.136 0.099 0.032 0.024 0.029 0.128 0.045 0.093 0.005 0.018 0.159
136 V 0.07 0.022 0.016 0.018 0.019 0.016 0.023 0.025 0.008 0.165 0.13 0.026 0.032 0.036 0.016 0.033 0.049 0.006 0.021 0.269
137 V 0.07 0.022 0.016 0.018 0.019 0.016 0.023 0.025 0.008 0.165 0.13 0.026 0.032 0.036 0.016 0.033 0.049 0.006 0.021 0.269
138 V 0.07 0.022 0.016 0.018 0.019 0.016 0.023 0.025 0.008 0.165 0.13 0.026 0.032 0.036 0.016 0.033 0.049 0.006 0.021 0.269
139 V 0.07 0.022 0.016 0.018 0.019 0.016 0.023 0.025 0.008 0.165 0.13 0.026 0.032 0.036 0.016 0.033 0.049 0.006 0.021 0.269
140 V 0.057 0.02 0.015 0.017 0.017 0.015 0.02 0.022 0.008 0.2 0.168 0.024 0.034 0.039 0.015 0.028 0.043 0.006 0.02 0.232
141 V 0.059 0.022 0.016 0.017 0.017 0.016 0.022 0.023 0.012 0.156 0.153 0.025 0.031 0.047 0.015 0.03 0.042 0.008 0.056 0.232
142 D 0.041 0.031 0.074 0.379 0.007 0.032 0.107 0.045 0.019 0.022 0.028 0.046 0.009 0.015 0.022 0.051 0.035 0.004 0.011 0.024
143 L 0.047 0.021 0.014 0.016 0.016 0.015 0.019 0.021 0.009 0.176 0.289 0.024 0.042 0.047 0.014 0.025 0.036 0.006 0.021 0.143
144 F 0.036 0.022 0.019 0.018 0.01 0.015 0.022 0.025 0.028 0.053 0.091 0.024 0.022 0.287 0.012 0.031 0.026 0.02 0.189 0.049
145 K 0.05 0.081 0.105 0.047 0.009 0.1 0.067 0.043 0.024 0.034 0.08 0.146 0.019 0.019 0.022 0.052 0.04 0.005 0.018 0.038
146 K 0.065 0.078 0.045 0.085 0.01 0.046 0.099 0.046 0.02 0.026 0.039 0.187 0.014 0.016 0.026 0.098 0.047 0.005 0.016 0.033
147 Y 0.062 0.034 0.102 0.041 0.012 0.027 0.039 0.045 0.029 0.04 0.082 0.042 0.018 0.059 0.02 0.111 0.049 0.013 0.13 0.044
148 G 0.058 0.165 0.039 0.035 0.009 0.041 0.05 0.18 0.019 0.023 0.039 0.157 0.013 0.016 0.022 0.049 0.034 0.005 0.015 0.029
149 N 0.046 0.06 0.135 0.049 0.009 0.037 0.052 0.044 0.102 0.058 0.052 0.133 0.016 0.022 0.021 0.051 0.038 0.005 0.025 0.045
150 L 0.049 0.02 0.016 0.017 0.068 0.014 0.02 0.024 0.014 0.151 0.181 0.024 0.032 0.105 0.014 0.03 0.034 0.01 0.065 0.112
151 S 0.075 0.036 0.111 0.048 0.014 0.028 0.043 0.054 0.02 0.037 0.08 0.046 0.017 0.037 0.078 0.15 0.059 0.005 0.019 0.042
152 K 0.053 0.096 0.074 0.044 0.008 0.049 0.066 0.044 0.021 0.026 0.04 0.278 0.014 0.015 0.026 0.053 0.039 0.005 0.016 0.031
153 L 0.07 0.062 0.019 0.018 0.013 0.02 0.026 0.03 0.017 0.075 0.215 0.036 0.031 0.087 0.015 0.033 0.032 0.066 0.067 0.068
154 L 0.071 0.028 0.026 0.024 0.016 0.021 0.029 0.034 0.016 0.084 0.215 0.033 0.032 0.048 0.019 0.08 0.065 0.008 0.056 0.096
155 F 0.037 0.023 0.018 0.017 0.01 0.016 0.022 0.024 0.028 0.058 0.122 0.024 0.024 0.244 0.013 0.027 0.026 0.02 0.193 0.054
156 L 0.075 0.022 0.018 0.019 0.016 0.016 0.021 0.082 0.01 0.156 0.241 0.027 0.036 0.042 0.016 0.033 0.038 0.006 0.019 0.108
157 L 0.051 0.023 0.017 0.018 0.016 0.016 0.022 0.023 0.01 0.136 0.279 0.026 0.04 0.044 0.015 0.032 0.06 0.006 0.02 0.144
158 G 0.092 0.024 0.029 0.027 0.015 0.019 0.028 0.201 0.012 0.099 0.079 0.033 0.021 0.026 0.019 0.073 0.045 0.005 0.016 0.137
159 L 0.038 0.021 0.015 0.015 0.013 0.013 0.019 0.022 0.013 0.087 0.26 0.021 0.036 0.225 0.012 0.024 0.028 0.011 0.052 0.073
160 L 0.044 0.021 0.014 0.016 0.016 0.014 0.018 0.02 0.009 0.195 0.294 0.024 0.042 0.048 0.014 0.024 0.035 0.006 0.021 0.127
161 A 0.178 0.031 0.032 0.032 0.018 0.025 0.037 0.056 0.014 0.072 0.069 0.042 0.019 0.024 0.026 0.097 0.129 0.005 0.017 0.076
162 V 0.056 0.02 0.015 0.017 0.017 0.016 0.021 0.022 0.009 0.214 0.148 0.025 0.051 0.039 0.015 0.029 0.042 0.006 0.02 0.217
163 L 0.043 0.02 0.015 0.016 0.015 0.014 0.019 0.021 0.011 0.152 0.253 0.023 0.038 0.128 0.013 0.024 0.033 0.009 0.035 0.119
164 L 0.07 0.022 0.019 0.019 0.064 0.016 0.022 0.029 0.011 0.109 0.172 0.026 0.03 0.119 0.016 0.038 0.062 0.008 0.033 0.114
165 L 0.086 0.026 0.024 0.024 0.016 0.019 0.028 0.037 0.013 0.097 0.227 0.032 0.033 0.081 0.018 0.08 0.044 0.007 0.027 0.081
166 N 0.047 0.035 0.234 0.059 0.012 0.027 0.039 0.049 0.023 0.083 0.066 0.043 0.018 0.024 0.018 0.054 0.046 0.005 0.017 0.102
167 N 0.041 0.043 0.343 0.08 0.009 0.032 0.047 0.063 0.03 0.022 0.03 0.052 0.011 0.017 0.019 0.067 0.047 0.004 0.015 0.026
168 Y 0.042 0.024 0.019 0.018 0.011 0.018 0.024 0.024 0.034 0.086 0.088 0.027 0.022 0.138 0.014 0.029 0.03 0.021 0.243 0.088
169 R 0.043 0.37 0.037 0.03 0.007 0.047 0.05 0.032 0.022 0.022 0.045 0.116 0.015 0.017 0.019 0.043 0.034 0.006 0.017 0.03
170 Y 0.07 0.027 0.021 0.019 0.01 0.021 0.028 0.03 0.04 0.043 0.067 0.031 0.018 0.125 0.016 0.036 0.029 0.024 0.298 0.048
171 T 0.074 0.035 0.043 0.037 0.017 0.027 0.039 0.044 0.014 0.049 0.06 0.045 0.019 0.022 0.027 0.107 0.254 0.006 0.017 0.065
172 T 0.098 0.034 0.04 0.035 0.018 0.026 0.038 0.045 0.013 0.05 0.062 0.044 0.019 0.023 0.027 0.088 0.25 0.006 0.017 0.068
173 S 0.106 0.039 0.052 0.047 0.017 0.032 0.05 0.064 0.018 0.029 0.04 0.052 0.015 0.02 0.029 0.25 0.079 0.005 0.017 0.04
174 G 0.075 0.022 0.038 0.032 0.01 0.018 0.025 0.529 0.013 0.018 0.027 0.032 0.009 0.016 0.018 0.049 0.029 0.005 0.01 0.023
175 M 0.05 0.031 0.019 0.019 0.015 0.027 0.027 0.027 0.015 0.097 0.189 0.035 0.193 0.046 0.015 0.035 0.039 0.008 0.023 0.089
176 R 0.043 0.37 0.037 0.03 0.007 0.047 0.05 0.032 0.022 0.022 0.045 0.116 0.015 0.017 0.019 0.043 0.034 0.006 0.017 0.03
177 Y 0.037 0.024 0.019 0.017 0.009 0.017 0.024 0.024 0.035 0.048 0.081 0.026 0.02 0.221 0.013 0.028 0.026 0.023 0.258 0.048
178 C 0.092 0.022 0.021 0.021 0.341 0.017 0.023 0.038 0.024 0.047 0.073 0.027 0.035 0.023 0.018 0.059 0.04 0.005 0.016 0.057
179 L 0.076 0.027 0.017 0.018 0.016 0.02 0.024 0.029 0.012 0.098 0.291 0.03 0.093 0.047 0.016 0.034 0.036 0.007 0.022 0.088
180 A 0.196 0.027 0.025 0.027 0.019 0.022 0.033 0.055 0.013 0.111 0.086 0.037 0.022 0.027 0.024 0.082 0.058 0.005 0.018 0.112
181 V 0.061 0.023 0.017 0.018 0.017 0.018 0.023 0.043 0.01 0.157 0.14 0.027 0.066 0.037 0.016 0.032 0.044 0.006 0.02 0.225
182 S 0.181 0.035 0.042 0.04 0.018 0.029 0.046 0.068 0.017 0.033 0.046 0.049 0.016 0.02 0.029 0.19 0.068 0.005 0.017 0.05
183 L 0.044 0.021 0.014 0.016 0.016 0.014 0.018 0.02 0.009 0.191 0.298 0.024 0.042 0.048 0.014 0.024 0.035 0.006 0.021 0.125
184 L 0.049 0.024 0.018 0.019 0.016 0.018 0.022 0.024 0.011 0.172 0.226 0.028 0.07 0.044 0.016 0.033 0.063 0.006 0.021 0.12
185 L 0.052 0.025 0.017 0.018 0.015 0.02 0.024 0.025 0.013 0.109 0.15 0.028 0.101 0.123 0.014 0.031 0.038 0.009 0.036 0.15
186 L 0.049 0.026 0.021 0.02 0.014 0.02 0.026 0.027 0.021 0.079 0.228 0.03 0.051 0.094 0.016 0.052 0.036 0.013 0.109 0.071
187 L 0.046 0.022 0.014 0.015 0.016 0.015 0.019 0.021 0.009 0.139 0.34 0.024 0.044 0.049 0.014 0.024 0.035 0.007 0.021 0.125
188 L 0.039 0.021 0.016 0.016 0.013 0.014 0.02 0.023 0.013 0.108 0.218 0.023 0.054 0.21 0.012 0.025 0.03 0.011 0.05 0.083
189 Y 0.038 0.026 0.02 0.018 0.009 0.02 0.026 0.024 0.042 0.044 0.071 0.029 0.019 0.157 0.014 0.029 0.027 0.026 0.315 0.046
190 L 0.05 0.058 0.027 0.028 0.012 0.031 0.042 0.032 0.015 0.086 0.168 0.15 0.028 0.073 0.02 0.044 0.036 0.007 0.026 0.068
191 D 0.045 0.037 0.054 0.272 0.007 0.044 0.193 0.04 0.021 0.021 0.031 0.056 0.01 0.015 0.023 0.051 0.035 0.004 0.013 0.026
192 S 0.109 0.033 0.073 0.042 0.016 0.027 0.041 0.055 0.017 0.089 0.068 0.044 0.019 0.025 0.024 0.161 0.063 0.005 0.017 0.07
193 K 0.051 0.117 0.086 0.059 0.008 0.069 0.067 0.043 0.023 0.025 0.04 0.213 0.015 0.015 0.024 0.053 0.039 0.005 0.017 0.03
194 N 0.047 0.114 0.139 0.046 0.009 0.032 0.042 0.096 0.024 0.056 0.054 0.083 0.016 0.042 0.019 0.049 0.038 0.007 0.043 0.045
195 G 0.062 0.033 0.11 0.056 0.009 0.031 0.097 0.303 0.02 0.02 0.03 0.046 0.01 0.016 0.02 0.055 0.038 0.005 0.013 0.026
196 F 0.037 0.03 0.02 0.019 0.01 0.018 0.026 0.026 0.024 0.052 0.091 0.053 0.022 0.293 0.013 0.029 0.027 0.018 0.145 0.048
197 K 0.075 0.056 0.075 0.044 0.013 0.035 0.054 0.102 0.018 0.033 0.045 0.127 0.015 0.018 0.025 0.087 0.113 0.005 0.016 0.043
198 K 0.057 0.108 0.042 0.042 0.009 0.054 0.071 0.043 0.021 0.028 0.043 0.275 0.016 0.016 0.028 0.054 0.04 0.005 0.017 0.033
199 I 0.047 0.018 0.015 0.018 0.016 0.013 0.018 0.021 0.009 0.268 0.169 0.024 0.037 0.044 0.015 0.025 0.04 0.006 0.021 0.177
200 G 0.079 0.023 0.039 0.034 0.011 0.019 0.026 0.508 0.014 0.019 0.028 0.034 0.009 0.016 0.019 0.052 0.03 0.005 0.011 0.024
201 N 0.058 0.053 0.107 0.088 0.012 0.054 0.054 0.046 0.02 0.07 0.076 0.078 0.019 0.023 0.021 0.088 0.048 0.005 0.017 0.062
202 D 0.042 0.037 0.103 0.123 0.01 0.026 0.047 0.039 0.022 0.068 0.095 0.066 0.02 0.078 0.024 0.043 0.036 0.008 0.06 0.054
203 K 0.048 0.074 0.031 0.032 0.009 0.038 0.051 0.036 0.018 0.061 0.064 0.207 0.018 0.067 0.021 0.042 0.035 0.069 0.031 0.049
204 F 0.056 0.027 0.029 0.027 0.014 0.02 0.03 0.035 0.016 0.058 0.096 0.033 0.042 0.198 0.018 0.077 0.106 0.011 0.048 0.06
205 L 0.054 0.025 0.021 0.021 0.016 0.019 0.025 0.028 0.011 0.153 0.231 0.03 0.056 0.043 0.017 0.056 0.061 0.006 0.02 0.108
206 L 0.041 0.021 0.016 0.017 0.013 0.014 0.021 0.023 0.013 0.126 0.208 0.024 0.033 0.155 0.068 0.026 0.031 0.01 0.051 0.089
207 L 0.037 0.023 0.016 0.015 0.012 0.015 0.021 0.024 0.018 0.073 0.218 0.024 0.032 0.126 0.012 0.024 0.028 0.124 0.096 0.064
208 Y 0.039 0.027 0.021 0.018 0.009 0.021 0.027 0.024 0.045 0.042 0.066 0.03 0.018 0.126 0.015 0.03 0.027 0.027 0.344 0.045
209 L 0.042 0.023 0.014 0.015 0.015 0.015 0.02 0.021 0.011 0.104 0.363 0.024 0.045 0.092 0.013 0.026 0.032 0.008 0.028 0.087
210 I 0.048 0.019 0.014 0.017 0.016 0.014 0.018 0.021 0.009 0.256 0.18 0.023 0.039 0.042 0.014 0.025 0.039 0.006 0.02 0.18
211 P 0.055 0.025 0.022 0.03 0.01 0.02 0.035 0.035 0.012 0.025 0.035 0.04 0.01 0.012 0.513 0.042 0.035 0.002 0.012 0.03
212 L 0.05 0.021 0.015 0.016 0.016 0.014 0.02 0.022 0.01 0.166 0.22 0.024 0.036 0.084 0.014 0.026 0.038 0.007 0.028 0.174
213 L 0.056 0.024 0.022 0.021 0.02 0.017 0.023 0.149 0.011 0.08 0.271 0.028 0.035 0.047 0.016 0.047 0.035 0.006 0.019 0.07
214 I 0.048 0.017 0.014 0.017 0.016 0.013 0.018 0.02 0.008 0.283 0.157 0.023 0.035 0.042 0.014 0.025 0.039 0.006 0.02 0.184
215 H 0.04 0.044 0.051 0.037 0.007 0.037 0.051 0.037 0.38 0.022 0.037 0.044 0.015 0.029 0.018 0.04 0.026 0.007 0.055 0.022
216 P 0.104 0.036 0.037 0.038 0.014 0.05 0.048 0.051 0.017 0.031 0.054 0.05 0.015 0.018 0.189 0.132 0.055 0.004 0.016 0.041
217 A 0.219 0.034 0.037 0.037 0.019 0.028 0.044 0.079 0.016 0.035 0.049 0.047 0.016 0.02 0.028 0.156 0.061 0.005 0.017 0.054
218 V 0.143 0.028 0.028 0.028 0.018 0.022 0.033 0.047 0.012 0.108 0.088 0.037 0.023 0.028 0.023 0.096 0.066 0.005 0.018 0.147
219 L 0.048 0.02 0.014 0.016 0.016 0.014 0.019 0.021 0.009 0.209 0.239 0.024 0.039 0.045 0.014 0.025 0.038 0.006 0.02 0.164
220 L 0.042 0.023 0.017 0.017 0.013 0.017 0.022 0.022 0.025 0.143 0.172 0.026 0.03 0.082 0.014 0.027 0.032 0.015 0.164 0.097
221 F 0.035 0.021 0.018 0.017 0.01 0.014 0.021 0.024 0.026 0.055 0.095 0.022 0.022 0.316 0.012 0.026 0.025 0.02 0.172 0.05
222 I 0.055 0.021 0.018 0.019 0.016 0.015 0.021 0.024 0.01 0.195 0.132 0.025 0.031 0.078 0.016 0.034 0.066 0.007 0.027 0.191
223 L 0.128 0.024 0.019 0.021 0.071 0.018 0.025 0.088 0.011 0.095 0.2 0.03 0.03 0.035 0.019 0.045 0.037 0.006 0.018 0.082
224 L 0.045 0.023 0.015 0.016 0.016 0.016 0.02 0.021 0.01 0.153 0.322 0.025 0.049 0.049 0.014 0.026 0.043 0.007 0.021 0.11
225 R 0.043 0.37 0.037 0.03 0.007 0.047 0.05 0.032 0.022 0.022 0.045 0.116 0.015 0.017 0.019 0.043 0.034 0.006 0.017 0.03
226 L 0.042 0.02 0.015 0.016 0.014 0.013 0.019 0.022 0.012 0.116 0.223 0.022 0.035 0.197 0.013 0.025 0.031 0.01 0.048 0.107
227 L 0.11 0.025 0.021 0.022 0.016 0.018 0.027 0.039 0.013 0.107 0.161 0.03 0.038 0.119 0.018 0.063 0.041 0.008 0.034 0.09
228 F 0.035 0.022 0.018 0.017 0.01 0.015 0.022 0.024 0.029 0.052 0.09 0.024 0.021 0.28 0.012 0.027 0.026 0.021 0.204 0.049
229 P 0.057 0.025 0.024 0.029 0.011 0.019 0.033 0.035 0.013 0.06 0.059 0.037 0.015 0.066 0.342 0.061 0.039 0.005 0.023 0.049
230 L 0.039 0.02 0.015 0.016 0.013 0.014 0.02 0.023 0.016 0.145 0.176 0.023 0.031 0.138 0.013 0.024 0.031 0.067 0.08 0.097
231 L 0.043 0.021 0.014 0.015 0.015 0.014 0.019 0.02 0.01 0.169 0.309 0.024 0.043 0.067 0.014 0.024 0.034 0.007 0.024 0.115
232 K 0.053 0.106 0.074 0.044 0.008 0.049 0.065 0.044 0.021 0.026 0.04 0.271 0.014 0.015 0.025 0.053 0.039 0.005 0.016 0.031
233 K 0.053 0.08 0.077 0.086 0.009 0.044 0.065 0.044 0.02 0.028 0.041 0.219 0.014 0.016 0.025 0.057 0.065 0.005 0.016 0.034
234 I 0.071 0.026 0.062 0.073 0.015 0.021 0.035 0.037 0.014 0.15 0.106 0.034 0.034 0.031 0.018 0.062 0.046 0.005 0.018 0.141
235 T 0.059 0.122 0.08 0.041 0.012 0.036 0.047 0.043 0.019 0.036 0.05 0.105 0.016 0.019 0.024 0.076 0.145 0.005 0.017 0.047
236 L 0.047 0.02 0.015 0.016 0.015 0.014 0.019 0.022 0.01 0.183 0.188 0.023 0.034 0.065 0.013 0.025 0.037 0.063 0.029 0.161
237 L 0.072 0.025 0.021 0.02 0.013 0.019 0.025 0.085 0.022 0.069 0.125 0.029 0.042 0.122 0.016 0.039 0.036 0.014 0.12 0.084
238 K 0.057 0.07 0.069 0.04 0.011 0.039 0.052 0.042 0.018 0.087 0.067 0.187 0.019 0.022 0.023 0.069 0.044 0.005 0.017 0.063
239 S 0.082 0.05 0.044 0.041 0.014 0.033 0.049 0.052 0.018 0.034 0.051 0.104 0.017 0.063 0.026 0.163 0.086 0.006 0.024 0.043
240 L 0.043 0.021 0.014 0.015 0.015 0.014 0.019 0.021 0.01 0.158 0.298 0.023 0.041 0.089 0.013 0.024 0.033 0.008 0.028 0.112
241 L 0.05 0.023 0.019 0.02 0.014 0.016 0.023 0.08 0.011 0.094 0.223 0.027 0.035 0.089 0.07 0.032 0.042 0.007 0.028 0.097
242 L 0.054 0.022 0.015 0.017 0.017 0.016 0.021 0.022 0.009 0.177 0.203 0.025 0.054 0.042 0.015 0.028 0.041 0.006 0.021 0.195
243 L 0.044 0.022 0.014 0.016 0.016 0.016 0.019 0.021 0.01 0.172 0.297 0.025 0.06 0.049 0.014 0.025 0.035 0.007 0.021 0.118
244 L 0.041 0.022 0.014 0.015 0.014 0.014 0.019 0.021 0.011 0.121 0.31 0.023 0.041 0.129 0.013 0.024 0.031 0.009 0.035 0.093
245 G 0.11 0.033 0.04 0.037 0.016 0.027 0.039 0.142 0.015 0.041 0.061 0.044 0.035 0.023 0.025 0.134 0.105 0.006 0.016 0.052
246 F 0.037 0.021 0.017 0.018 0.011 0.013 0.021 0.025 0.018 0.06 0.129 0.023 0.025 0.295 0.067 0.027 0.027 0.015 0.099 0.054
247 P 0.054 0.024 0.021 0.028 0.011 0.019 0.033 0.033 0.012 0.055 0.049 0.038 0.013 0.016 0.458 0.04 0.035 0.003 0.013 0.045
248 I 0.052 0.019 0.015 0.017 0.016 0.014 0.019 0.021 0.009 0.223 0.183 0.024 0.035 0.041 0.024 0.027 0.04 0.006 0.02 0.195
249 L 0.048 0.022 0.015 0.016 0.016 0.015 0.02 0.022 0.01 0.153 0.271 0.024 0.046 0.066 0.014 0.026 0.036 0.007 0.024 0.15
250 I 0.085 0.022 0.021 0.022 0.015 0.016 0.025 0.034 0.012 0.174 0.123 0.028 0.028 0.114 0.017 0.059 0.05 0.008 0.033 0.113
251 N 0.048 0.041 0.128 0.044 0.011 0.039 0.043 0.094 0.023 0.07 0.112 0.07 0.021 0.037 0.018 0.046 0.038 0.008 0.053 0.056
252 L 0.055 0.022 0.017 0.018 0.016 0.016 0.021 0.078 0.009 0.137 0.24 0.025 0.036 0.041 0.015 0.029 0.038 0.006 0.019 0.162
253 L 0.057 0.025 0.022 0.021 0.016 0.018 0.025 0.029 0.011 0.1 0.229 0.029 0.034 0.081 0.017 0.058 0.067 0.007 0.027 0.125
254 P 0.053 0.025 0.022 0.028 0.01 0.02 0.034 0.034 0.016 0.027 0.038 0.039 0.011 0.025 0.458 0.041 0.034 0.005 0.049 0.031
255 L 0.053 0.061 0.023 0.063 0.068 0.02 0.031 0.028 0.012 0.122 0.143 0.039 0.027 0.035 0.016 0.033 0.036 0.055 0.022 0.114
256 L 0.047 0.02 0.015 0.016 0.015 0.014 0.019 0.022 0.01 0.161 0.223 0.023 0.036 0.112 0.014 0.026 0.036 0.008 0.032 0.151
257 L 0.045 0.024 0.014 0.015 0.016 0.016 0.02 0.021 0.01 0.115 0.375 0.025 0.05 0.055 0.014 0.024 0.033 0.007 0.022 0.096
258 A 0.179 0.038 0.071 0.088 0.015 0.055 0.085 0.061 0.02 0.032 0.046 0.053 0.015 0.018 0.026 0.085 0.047 0.005 0.016 0.047
259 D 0.046 0.09 0.088 0.172 0.009 0.038 0.102 0.041 0.021 0.037 0.062 0.061 0.04 0.022 0.021 0.05 0.038 0.005 0.016 0.042
260 L 0.044 0.041 0.021 0.021 0.012 0.021 0.029 0.028 0.029 0.071 0.152 0.062 0.029 0.089 0.014 0.032 0.041 0.14 0.042 0.083
261 L 0.058 0.025 0.024 0.023 0.017 0.019 0.026 0.029 0.01 0.14 0.162 0.031 0.031 0.047 0.019 0.048 0.121 0.006 0.021 0.145
262 G 0.06 0.03 0.143 0.091 0.009 0.024 0.039 0.32 0.019 0.02 0.028 0.04 0.01 0.016 0.019 0.055 0.035 0.005 0.012 0.024
263 L 0.05 0.027 0.059 0.029 0.013 0.021 0.029 0.033 0.054 0.13 0.165 0.032 0.029 0.039 0.016 0.056 0.04 0.056 0.028 0.095
264 A 0.151 0.042 0.052 0.046 0.014 0.034 0.089 0.115 0.018 0.032 0.045 0.077 0.014 0.018 0.032 0.088 0.065 0.005 0.016 0.046
265 Y 0.04 0.025 0.019 0.018 0.011 0.019 0.025 0.024 0.034 0.079 0.096 0.028 0.04 0.143 0.014 0.029 0.029 0.021 0.24 0.065
266 L 0.043 0.021 0.017 0.017 0.013 0.014 0.019 0.078 0.012 0.105 0.235 0.023 0.034 0.167 0.013 0.027 0.03 0.01 0.041 0.08
267 E 0.062 0.051 0.043 0.092 0.011 0.078 0.123 0.042 0.034 0.034 0.079 0.087 0.018 0.021 0.024 0.093 0.045 0.005 0.018 0.039
268 F 0.057 0.036 0.029 0.027 0.013 0.024 0.034 0.037 0.017 0.057 0.102 0.063 0.058 0.184 0.018 0.086 0.046 0.01 0.046 0.056
269 L 0.04 0.02 0.015 0.016 0.013 0.014 0.019 0.022 0.015 0.158 0.188 0.023 0.033 0.163 0.013 0.025 0.032 0.011 0.076 0.104
270 I 0.087 0.023 0.02 0.021 0.017 0.017 0.025 0.032 0.01 0.185 0.154 0.029 0.031 0.037 0.018 0.057 0.045 0.006 0.019 0.167
271 R 0.082 0.15 0.075 0.093 0.01 0.042 0.114 0.045 0.022 0.025 0.04 0.076 0.013 0.017 0.023 0.076 0.042 0.005 0.016 0.034
272 K 0.055 0.103 0.04 0.04 0.008 0.051 0.068 0.042 0.02 0.027 0.042 0.306 0.015 0.015 0.027 0.051 0.038 0.005 0.017 0.032
273 I 0.042 0.019 0.014 0.016 0.014 0.013 0.018 0.021 0.01 0.204 0.203 0.022 0.036 0.127 0.013 0.024 0.034 0.008 0.035 0.127
274 D 0.052 0.036 0.064 0.21 0.009 0.038 0.15 0.042 0.02 0.032 0.073 0.052 0.015 0.02 0.022 0.071 0.04 0.005 0.015 0.035
275 V 0.103 0.025 0.025 0.025 0.018 0.02 0.029 0.038 0.011 0.152 0.106 0.033 0.026 0.031 0.02 0.074 0.083 0.005 0.019 0.156
276 Y 0.039 0.027 0.021 0.018 0.009 0.021 0.027 0.024 0.045 0.042 0.066 0.03 0.018 0.126 0.015 0.03 0.027 0.027 0.344 0.045
277 S 0.072 0.048 0.042 0.046 0.013 0.104 0.092 0.045 0.021 0.038 0.084 0.062 0.02 0.022 0.024 0.12 0.078 0.006 0.018 0.046
278 D 0.065 0.044 0.067 0.169 0.012 0.032 0.062 0.049 0.018 0.056 0.049 0.088 0.015 0.02 0.024 0.115 0.051 0.005 0.015 0.047
279 N 0.049 0.039 0.241 0.065 0.011 0.03 0.044 0.055 0.025 0.029 0.038 0.049 0.012 0.018 0.076 0.069 0.097 0.004 0.015 0.036
280 D 0.088 0.034 0.051 0.216 0.011 0.034 0.109 0.048 0.018 0.03 0.039 0.049 0.013 0.017 0.024 0.081 0.081 0.005 0.014 0.039
281 A 0.157 0.036 0.071 0.047 0.016 0.031 0.074 0.06 0.018 0.048 0.052 0.049 0.016 0.021 0.026 0.128 0.071 0.005 0.017 0.055
282 Y 0.038 0.025 0.02 0.018 0.009 0.019 0.025 0.024 0.039 0.046 0.076 0.027 0.019 0.189 0.014 0.029 0.026 0.025 0.287 0.047
283 A 0.227 0.028 0.025 0.027 0.019 0.022 0.035 0.06 0.013 0.102 0.081 0.039 0.021 0.026 0.025 0.084 0.049 0.005 0.018 0.095
284 E 0.055 0.047 0.052 0.107 0.009 0.068 0.202 0.037 0.022 0.038 0.046 0.076 0.015 0.018 0.023 0.059 0.044 0.005 0.016 0.06
285 L 0.04 0.023 0.015 0.015 0.014 0.015 0.02 0.022 0.015 0.093 0.302 0.024 0.04 0.136 0.013 0.024 0.03 0.011 0.071 0.079
286 F 0.033 0.019 0.016 0.016 0.01 0.011 0.019 0.024 0.017 0.06 0.108 0.019 0.024 0.4 0.01 0.025 0.025 0.017 0.095 0.053
287 N 0.05 0.064 0.174 0.054 0.011 0.033 0.046 0.049 0.063 0.057 0.052 0.079 0.016 0.022 0.021 0.069 0.069 0.005 0.021 0.048
288 T 0.051 0.03 0.063 0.032 0.013 0.021 0.031 0.036 0.016 0.054 0.105 0.038 0.022 0.115 0.019 0.057 0.136 0.064 0.038 0.058
289 T 0.079 0.073 0.045 0.039 0.016 0.031 0.043 0.048 0.016 0.04 0.053 0.054 0.017 0.021 0.026 0.138 0.183 0.005 0.017 0.055
290 L 0.042 0.025 0.03 0.108 0.013 0.02 0.038 0.028 0.052 0.123 0.224 0.03 0.033 0.039 0.016 0.031 0.033 0.006 0.022 0.087
291 L 0.053 0.037 0.028 0.026 0.014 0.026 0.033 0.031 0.021 0.064 0.145 0.064 0.044 0.061 0.02 0.051 0.113 0.011 0.093 0.066
292 L 0.11 0.025 0.018 0.02 0.016 0.02 0.026 0.035 0.014 0.104 0.154 0.03 0.063 0.083 0.018 0.041 0.04 0.008 0.045 0.129
293 R 0.074 0.228 0.068 0.035 0.009 0.04 0.048 0.04 0.025 0.027 0.046 0.112 0.015 0.029 0.02 0.049 0.036 0.008 0.053 0.035
294 L 0.051 0.025 0.016 0.017 0.016 0.019 0.022 0.023 0.011 0.138 0.242 0.028 0.091 0.045 0.015 0.029 0.038 0.007 0.021 0.145
295 Y 0.039 0.028 0.033 0.02 0.009 0.021 0.028 0.025 0.044 0.041 0.065 0.031 0.018 0.122 0.015 0.031 0.028 0.026 0.332 0.044
296 L 0.083 0.022 0.016 0.018 0.017 0.017 0.023 0.028 0.01 0.171 0.181 0.027 0.051 0.04 0.016 0.034 0.041 0.006 0.02 0.177
297 G 0.078 0.025 0.04 0.034 0.012 0.021 0.029 0.423 0.014 0.023 0.033 0.036 0.011 0.017 0.02 0.076 0.062 0.005 0.012 0.03
298 L 0.086 0.025 0.022 0.022 0.017 0.018 0.026 0.032 0.01 0.141 0.172 0.031 0.031 0.036 0.019 0.047 0.093 0.006 0.019 0.148
299 L 0.046 0.021 0.015 0.016 0.015 0.014 0.019 0.022 0.011 0.128 0.232 0.023 0.036 0.147 0.013 0.026 0.034 0.009 0.039 0.136
300 L 0.046 0.022 0.014 0.015 0.016 0.015 0.019 0.021 0.009 0.158 0.316 0.024 0.043 0.048 0.014 0.024 0.035 0.006 0.021 0.132
301 S 0.075 0.03 0.033 0.031 0.043 0.026 0.034 0.097 0.015 0.081 0.103 0.039 0.076 0.031 0.021 0.119 0.053 0.006 0.018 0.07
302 I 0.047 0.019 0.015 0.017 0.015 0.013 0.019 0.022 0.011 0.175 0.149 0.022 0.031 0.157 0.013 0.026 0.036 0.009 0.041 0.163
303 L 0.074 0.023 0.015 0.017 0.016 0.016 0.021 0.026 0.01 0.145 0.309 0.026 0.042 0.047 0.015 0.03 0.035 0.006 0.021 0.107
304 F 0.036 0.023 0.019 0.017 0.009 0.016 0.023 0.024 0.032 0.05 0.085 0.025 0.021 0.252 0.013 0.028 0.026 0.022 0.229 0.048
305 L 0.047 0.02 0.014 0.016 0.016 0.014 0.018 0.02 0.009 0.22 0.24 0.023 0.039 0.045 0.014 0.025 0.037 0.006 0.02 0.156
306 I 0.048 0.028 0.018 0.019 0.014 0.017 0.024 0.024 0.011 0.166 0.152 0.054 0.031 0.12 0.015 0.029 0.037 0.008 0.034 0.149
307 L 0.046 0.03 0.022 0.022 0.013 0.046 0.033 0.027 0.018 0.097 0.183 0.035 0.049 0.11 0.016 0.037 0.06 0.01 0.067 0.079
308 Y 0.038 0.026 0.02 0.018 0.009 0.02 0.026 0.024 0.042 0.044 0.071 0.029 0.019 0.157 0.014 0.029 0.027 0.026 0.315 0.046
309 L 0.04 0.028 0.023 0.02 0.012 0.02 0.027 0.025 0.097 0.077 0.242 0.029 0.034 0.104 0.014 0.028 0.029 0.01 0.073 0.066
310 I 0.057 0.028 0.097 0.038 0.013 0.021 0.031 0.088 0.016 0.115 0.086 0.035 0.022 0.07 0.018 0.069 0.069 0.006 0.024 0.094
311 L 0.047 0.028 0.074 0.03 0.014 0.022 0.028 0.032 0.015 0.096 0.221 0.032 0.032 0.08 0.017 0.045 0.072 0.007 0.027 0.081
312 G 0.066 0.032 0.027 0.026 0.014 0.021 0.03 0.149 0.013 0.094 0.115 0.06 0.024 0.071 0.018 0.06 0.04 0.007 0.024 0.108
313 R 0.047 0.211 0.063 0.036 0.008 0.044 0.053 0.037 0.025 0.026 0.045 0.163 0.015 0.028 0.021 0.049 0.036 0.008 0.053 0.032
314 F 0.057 0.037 0.066 0.035 0.013 0.024 0.036 0.04 0.017 0.071 0.079 0.065 0.02 0.152 0.019 0.087 0.072 0.009 0.04 0.06
315 L 0.051 0.07 0.024 0.024 0.013 0.066 0.041 0.027 0.025 0.127 0.13 0.048 0.028 0.042 0.017 0.035 0.038 0.008 0.056 0.13
316 K 0.055 0.105 0.04 0.078 0.011 0.041 0.059 0.039 0.018 0.044 0.053 0.185 0.017 0.018 0.024 0.054 0.073 0.005 0.016 0.065
317 N 0.051 0.042 0.171 0.054 0.01 0.029 0.051 0.138 0.022 0.038 0.047 0.072 0.014 0.062 0.019 0.057 0.056 0.006 0.023 0.038
318 E 0.053 0.037 0.066 0.058 0.011 0.04 0.161 0.034 0.039 0.082 0.084 0.052 0.02 0.025 0.021 0.051 0.056 0.005 0.019 0.084
319 D 0.044 0.113 0.109 0.194 0.008 0.038 0.07 0.046 0.022 0.023 0.035 0.11 0.012 0.016 0.022 0.053 0.038 0.004 0.014 0.027
320 D 0.045 0.042 0.052 0.257 0.009 0.031 0.071 0.04 0.017 0.076 0.058 0.089 0.016 0.02 0.021 0.046 0.036 0.004 0.014 0.055
