#Seq2Logo.py -f /work3/idamei/ssn-clusterings/clustering/2205181126/clusters/0008_245/sequences.afa -o /work3/idamei/ssn-clusterings/clustering/2205181126/clusters/0008_245/sequences.logo
#Position Specific Frequency Matrix
A R N D C Q E G H I L K M F P S T W Y V
0 L 0.051 0.031 0.02 0.02 0.016 0.027 0.027 0.027 0.016 0.097 0.191 0.035 0.185 0.047 0.016 0.035 0.039 0.008 0.023 0.09
1 K 0.103 0.062 0.037 0.036 0.014 0.037 0.051 0.047 0.016 0.052 0.059 0.152 0.018 0.021 0.026 0.086 0.08 0.005 0.017 0.08
2 L 0.054 0.024 0.021 0.021 0.015 0.018 0.025 0.028 0.017 0.116 0.185 0.028 0.032 0.105 0.016 0.057 0.04 0.01 0.075 0.113
3 K 0.07 0.061 0.049 0.113 0.011 0.044 0.107 0.049 0.02 0.026 0.038 0.136 0.014 0.017 0.026 0.115 0.051 0.005 0.016 0.033
4 R 0.045 0.209 0.084 0.038 0.009 0.04 0.048 0.037 0.021 0.038 0.1 0.121 0.02 0.023 0.02 0.046 0.037 0.006 0.017 0.04
5 I 0.051 0.045 0.029 0.032 0.012 0.118 0.06 0.031 0.019 0.152 0.106 0.057 0.028 0.029 0.019 0.04 0.04 0.006 0.02 0.105
6 K 0.083 0.073 0.047 0.045 0.013 0.043 0.061 0.054 0.02 0.028 0.042 0.169 0.015 0.018 0.028 0.14 0.06 0.005 0.017 0.037
7 N 0.049 0.075 0.182 0.062 0.009 0.043 0.06 0.054 0.026 0.025 0.037 0.169 0.013 0.017 0.024 0.061 0.044 0.005 0.016 0.03
8 D 0.048 0.059 0.055 0.226 0.008 0.085 0.087 0.044 0.021 0.024 0.036 0.117 0.013 0.015 0.024 0.052 0.037 0.005 0.015 0.029
9 I 0.054 0.019 0.015 0.018 0.017 0.014 0.019 0.022 0.009 0.24 0.154 0.024 0.035 0.041 0.015 0.027 0.043 0.006 0.02 0.209
10 L 0.047 0.021 0.015 0.016 0.015 0.014 0.02 0.022 0.011 0.147 0.236 0.023 0.038 0.117 0.014 0.026 0.035 0.008 0.034 0.14
11 K 0.053 0.115 0.033 0.032 0.01 0.07 0.057 0.034 0.024 0.051 0.062 0.142 0.019 0.037 0.021 0.044 0.038 0.009 0.071 0.077
12 K 0.051 0.084 0.138 0.054 0.009 0.046 0.062 0.049 0.024 0.025 0.038 0.215 0.014 0.016 0.025 0.057 0.042 0.005 0.016 0.03
13 Y 0.042 0.04 0.024 0.022 0.009 0.026 0.034 0.027 0.041 0.04 0.063 0.075 0.018 0.109 0.017 0.034 0.029 0.024 0.282 0.043
14 I 0.043 0.019 0.015 0.017 0.015 0.013 0.018 0.021 0.01 0.222 0.193 0.023 0.036 0.105 0.014 0.024 0.035 0.008 0.031 0.14
15 L 0.059 0.024 0.022 0.022 0.096 0.019 0.025 0.031 0.012 0.143 0.169 0.03 0.055 0.038 0.017 0.064 0.044 0.006 0.019 0.104
16 L 0.044 0.023 0.014 0.015 0.016 0.015 0.019 0.021 0.01 0.142 0.353 0.024 0.046 0.052 0.014 0.024 0.034 0.007 0.021 0.107
17 L 0.044 0.022 0.015 0.017 0.015 0.016 0.02 0.022 0.012 0.16 0.235 0.025 0.062 0.107 0.014 0.026 0.034 0.008 0.032 0.113
18 V 0.071 0.025 0.028 0.027 0.096 0.019 0.029 0.038 0.013 0.102 0.091 0.032 0.023 0.09 0.019 0.1 0.051 0.007 0.029 0.108
19 V 0.103 0.022 0.021 0.021 0.096 0.016 0.024 0.117 0.011 0.081 0.086 0.028 0.021 0.088 0.018 0.044 0.039 0.007 0.028 0.129
20 I 0.048 0.018 0.015 0.017 0.015 0.013 0.019 0.022 0.01 0.216 0.147 0.023 0.033 0.113 0.014 0.026 0.038 0.008 0.034 0.171
21 L 0.089 0.022 0.017 0.019 0.015 0.015 0.023 0.032 0.012 0.121 0.16 0.026 0.03 0.159 0.016 0.035 0.036 0.009 0.042 0.121
22 I 0.043 0.019 0.015 0.017 0.015 0.013 0.018 0.021 0.01 0.222 0.193 0.023 0.036 0.105 0.014 0.024 0.035 0.008 0.031 0.14
23 S 0.129 0.036 0.045 0.041 0.018 0.029 0.045 0.059 0.016 0.039 0.051 0.048 0.017 0.021 0.028 0.163 0.136 0.005 0.017 0.055
24 G 0.103 0.031 0.036 0.048 0.011 0.032 0.11 0.32 0.017 0.023 0.034 0.046 0.011 0.017 0.022 0.056 0.034 0.005 0.013 0.032
25 L 0.059 0.024 0.024 0.024 0.016 0.018 0.026 0.031 0.012 0.143 0.152 0.03 0.03 0.089 0.018 0.066 0.076 0.007 0.029 0.127
26 L 0.044 0.021 0.014 0.016 0.016 0.015 0.019 0.02 0.009 0.189 0.295 0.024 0.043 0.049 0.014 0.024 0.035 0.006 0.021 0.127
27 I 0.056 0.021 0.019 0.02 0.017 0.016 0.022 0.024 0.009 0.22 0.138 0.027 0.032 0.038 0.017 0.036 0.074 0.006 0.02 0.191
28 L 0.044 0.025 0.017 0.017 0.014 0.019 0.022 0.024 0.017 0.116 0.216 0.027 0.078 0.111 0.014 0.028 0.033 0.011 0.076 0.091
29 C 0.065 0.016 0.016 0.016 0.484 0.012 0.016 0.032 0.008 0.045 0.065 0.02 0.016 0.02 0.016 0.041 0.037 0.004 0.012 0.057
30 F 0.1 0.025 0.028 0.027 0.084 0.019 0.03 0.044 0.014 0.08 0.084 0.033 0.021 0.133 0.02 0.097 0.047 0.008 0.036 0.069
31 S 0.091 0.037 0.048 0.043 0.017 0.03 0.045 0.055 0.016 0.039 0.05 0.049 0.017 0.021 0.028 0.177 0.161 0.005 0.017 0.053
32 E 0.055 0.049 0.04 0.09 0.007 0.064 0.3 0.035 0.026 0.022 0.037 0.075 0.013 0.017 0.026 0.055 0.037 0.005 0.017 0.031
33 N 0.042 0.045 0.32 0.083 0.009 0.034 0.049 0.065 0.031 0.022 0.031 0.054 0.011 0.018 0.02 0.069 0.049 0.004 0.016 0.027
34 N 0.055 0.04 0.216 0.117 0.011 0.031 0.053 0.058 0.025 0.027 0.036 0.05 0.012 0.018 0.022 0.093 0.082 0.005 0.015 0.034
35 N 0.055 0.036 0.176 0.165 0.01 0.03 0.057 0.124 0.023 0.022 0.031 0.047 0.011 0.017 0.021 0.085 0.046 0.004 0.014 0.027
36 I 0.051 0.022 0.016 0.019 0.015 0.017 0.022 0.024 0.01 0.182 0.176 0.028 0.054 0.039 0.085 0.029 0.039 0.006 0.02 0.145
37 L 0.053 0.046 0.026 0.026 0.013 0.027 0.036 0.031 0.014 0.104 0.134 0.105 0.027 0.084 0.019 0.043 0.07 0.007 0.028 0.106
38 L 0.044 0.023 0.017 0.017 0.014 0.018 0.022 0.022 0.02 0.167 0.172 0.027 0.054 0.069 0.015 0.027 0.035 0.012 0.111 0.113
39 H 0.047 0.049 0.045 0.039 0.008 0.092 0.063 0.038 0.224 0.024 0.039 0.056 0.016 0.023 0.09 0.045 0.031 0.006 0.039 0.027
40 I 0.049 0.019 0.014 0.017 0.016 0.014 0.018 0.021 0.009 0.248 0.191 0.023 0.037 0.043 0.014 0.025 0.039 0.006 0.02 0.177
41 L 0.046 0.022 0.019 0.018 0.013 0.016 0.021 0.094 0.016 0.107 0.221 0.025 0.033 0.107 0.014 0.029 0.031 0.011 0.074 0.082
42 G 0.146 0.026 0.033 0.031 0.084 0.021 0.031 0.26 0.014 0.03 0.043 0.037 0.013 0.018 0.022 0.085 0.043 0.005 0.013 0.043
43 L 0.045 0.026 0.018 0.018 0.014 0.021 0.024 0.026 0.015 0.089 0.197 0.029 0.12 0.15 0.014 0.03 0.034 0.01 0.041 0.08
44 I 0.056 0.019 0.018 0.019 0.016 0.015 0.02 0.093 0.009 0.215 0.133 0.025 0.03 0.037 0.015 0.03 0.04 0.006 0.019 0.184
45 F 0.1 0.027 0.028 0.027 0.016 0.02 0.031 0.043 0.015 0.071 0.126 0.034 0.025 0.137 0.02 0.096 0.048 0.009 0.038 0.091
46 L 0.039 0.021 0.015 0.015 0.013 0.013 0.019 0.022 0.013 0.09 0.272 0.022 0.038 0.204 0.012 0.024 0.029 0.011 0.049 0.076
47 C 0.117 0.028 0.033 0.031 0.224 0.022 0.034 0.052 0.013 0.037 0.053 0.037 0.016 0.02 0.023 0.133 0.056 0.005 0.015 0.051
48 L 0.092 0.022 0.02 0.021 0.016 0.016 0.024 0.102 0.011 0.121 0.144 0.028 0.028 0.087 0.017 0.038 0.038 0.007 0.028 0.141
49 G 0.056 0.021 0.022 0.022 0.014 0.017 0.022 0.166 0.012 0.134 0.116 0.027 0.047 0.086 0.015 0.034 0.035 0.007 0.027 0.118
50 A 0.176 0.027 0.029 0.03 0.086 0.022 0.035 0.126 0.014 0.034 0.048 0.039 0.014 0.019 0.094 0.089 0.046 0.005 0.015 0.05
51 I 0.088 0.024 0.018 0.02 0.017 0.019 0.024 0.031 0.011 0.182 0.151 0.03 0.075 0.04 0.017 0.037 0.041 0.006 0.021 0.15
52 I 0.045 0.018 0.014 0.017 0.016 0.013 0.018 0.02 0.009 0.266 0.196 0.023 0.038 0.044 0.014 0.024 0.038 0.006 0.02 0.16
53 I 0.049 0.021 0.015 0.017 0.016 0.016 0.02 0.022 0.01 0.22 0.195 0.025 0.058 0.044 0.015 0.027 0.039 0.006 0.021 0.166
54 V 0.085 0.029 0.032 0.03 0.018 0.023 0.035 0.041 0.013 0.104 0.09 0.037 0.024 0.029 0.022 0.122 0.062 0.005 0.019 0.183
55 K 0.052 0.108 0.047 0.145 0.008 0.04 0.066 0.11 0.019 0.024 0.036 0.162 0.012 0.015 0.023 0.05 0.035 0.005 0.014 0.028
56 F 0.038 0.02 0.015 0.016 0.013 0.012 0.019 0.023 0.013 0.109 0.199 0.021 0.033 0.253 0.012 0.024 0.029 0.012 0.058 0.082
57 D 0.04 0.031 0.106 0.367 0.007 0.03 0.083 0.048 0.02 0.022 0.028 0.045 0.009 0.015 0.021 0.053 0.036 0.004 0.011 0.024
58 L 0.046 0.021 0.015 0.016 0.015 0.014 0.019 0.022 0.01 0.163 0.249 0.023 0.039 0.098 0.014 0.025 0.035 0.008 0.03 0.138
59 L 0.082 0.025 0.017 0.019 0.016 0.019 0.024 0.031 0.013 0.116 0.214 0.029 0.078 0.095 0.016 0.036 0.036 0.008 0.03 0.094
60 H 0.041 0.044 0.052 0.037 0.007 0.037 0.052 0.037 0.374 0.022 0.037 0.044 0.015 0.03 0.019 0.041 0.026 0.007 0.056 0.022
61 P 0.055 0.025 0.023 0.03 0.01 0.02 0.035 0.035 0.013 0.025 0.035 0.04 0.01 0.013 0.508 0.043 0.035 0.003 0.013 0.03
62 Y 0.039 0.027 0.021 0.018 0.009 0.021 0.027 0.024 0.045 0.042 0.067 0.03 0.018 0.127 0.015 0.03 0.027 0.027 0.338 0.045
63 C 0.062 0.023 0.023 0.022 0.154 0.017 0.025 0.031 0.011 0.082 0.088 0.028 0.022 0.08 0.018 0.05 0.104 0.007 0.026 0.126
64 W 0.029 0.022 0.015 0.015 0.007 0.015 0.022 0.029 0.015 0.029 0.051 0.022 0.015 0.059 0.007 0.022 0.022 0.507 0.066 0.029
65 F 0.036 0.022 0.018 0.017 0.01 0.015 0.022 0.024 0.029 0.053 0.092 0.024 0.022 0.286 0.012 0.027 0.026 0.021 0.194 0.05
66 S 0.102 0.038 0.051 0.046 0.017 0.031 0.049 0.061 0.018 0.032 0.044 0.051 0.016 0.021 0.029 0.221 0.107 0.005 0.017 0.045
67 G 0.147 0.029 0.037 0.034 0.015 0.023 0.035 0.262 0.014 0.031 0.043 0.04 0.014 0.019 0.024 0.092 0.076 0.005 0.014 0.045
68 F 0.039 0.02 0.016 0.017 0.013 0.013 0.019 0.024 0.014 0.133 0.137 0.022 0.051 0.25 0.012 0.026 0.031 0.012 0.058 0.092
69 F 0.033 0.018 0.016 0.016 0.01 0.01 0.018 0.025 0.016 0.062 0.111 0.018 0.025 0.405 0.01 0.025 0.025 0.016 0.086 0.053
70 C 0.064 0.025 0.027 0.024 0.223 0.019 0.026 0.035 0.011 0.057 0.11 0.031 0.022 0.026 0.02 0.059 0.135 0.005 0.016 0.067
71 L 0.044 0.022 0.014 0.015 0.016 0.015 0.019 0.02 0.009 0.164 0.328 0.024 0.045 0.05 0.014 0.024 0.034 0.007 0.021 0.116
72 Y 0.039 0.027 0.021 0.018 0.009 0.021 0.027 0.024 0.045 0.042 0.067 0.03 0.018 0.127 0.015 0.03 0.027 0.027 0.338 0.045
73 S 0.107 0.039 0.053 0.047 0.017 0.032 0.051 0.064 0.019 0.029 0.041 0.053 0.015 0.02 0.029 0.243 0.08 0.005 0.017 0.041
74 I 0.049 0.021 0.018 0.02 0.016 0.015 0.021 0.023 0.009 0.232 0.182 0.026 0.035 0.042 0.016 0.034 0.071 0.006 0.02 0.146
75 G 0.127 0.033 0.044 0.041 0.016 0.027 0.042 0.197 0.016 0.028 0.039 0.046 0.014 0.019 0.026 0.165 0.061 0.005 0.015 0.04
76 Y 0.039 0.028 0.024 0.02 0.01 0.021 0.028 0.026 0.083 0.052 0.115 0.03 0.023 0.142 0.015 0.03 0.027 0.02 0.216 0.05
77 P 0.055 0.025 0.023 0.03 0.01 0.02 0.035 0.035 0.013 0.025 0.035 0.04 0.01 0.013 0.508 0.043 0.035 0.003 0.013 0.03
78 I 0.049 0.019 0.014 0.017 0.016 0.014 0.018 0.021 0.009 0.248 0.191 0.023 0.037 0.043 0.014 0.025 0.039 0.006 0.02 0.177
79 L 0.043 0.024 0.014 0.015 0.016 0.016 0.02 0.021 0.01 0.112 0.394 0.025 0.048 0.053 0.014 0.024 0.032 0.007 0.022 0.093
80 Y 0.048 0.029 0.027 0.023 0.011 0.023 0.03 0.029 0.036 0.045 0.066 0.034 0.018 0.097 0.018 0.047 0.096 0.021 0.246 0.052
81 C 0.058 0.072 0.024 0.023 0.152 0.022 0.028 0.032 0.017 0.084 0.119 0.041 0.023 0.043 0.018 0.063 0.04 0.008 0.062 0.07
82 L 0.086 0.031 0.074 0.087 0.014 0.025 0.04 0.042 0.016 0.066 0.165 0.038 0.048 0.033 0.02 0.053 0.072 0.006 0.018 0.066
83 G 0.07 0.03 0.038 0.048 0.01 0.031 0.108 0.384 0.017 0.019 0.03 0.044 0.01 0.016 0.02 0.051 0.031 0.005 0.012 0.026
84 Y 0.045 0.054 0.117 0.042 0.009 0.033 0.045 0.04 0.034 0.032 0.049 0.113 0.015 0.064 0.02 0.047 0.036 0.014 0.154 0.036
85 N 0.049 0.04 0.135 0.057 0.011 0.035 0.086 0.044 0.08 0.042 0.098 0.049 0.02 0.026 0.021 0.058 0.076 0.006 0.024 0.045
86 D 0.041 0.04 0.148 0.174 0.008 0.034 0.064 0.05 0.137 0.022 0.032 0.048 0.012 0.021 0.02 0.054 0.037 0.005 0.028 0.024
87 P 0.057 0.026 0.023 0.031 0.01 0.021 0.036 0.036 0.013 0.026 0.036 0.041 0.01 0.013 0.494 0.044 0.036 0.003 0.013 0.031
88 W 0.03 0.023 0.015 0.015 0.008 0.015 0.023 0.03 0.015 0.03 0.053 0.023 0.015 0.061 0.008 0.023 0.023 0.492 0.068 0.03
89 L 0.045 0.024 0.014 0.015 0.016 0.016 0.02 0.021 0.01 0.115 0.375 0.025 0.05 0.055 0.014 0.024 0.033 0.007 0.022 0.096
90 L 0.045 0.024 0.014 0.015 0.016 0.016 0.02 0.021 0.01 0.115 0.375 0.025 0.05 0.055 0.014 0.024 0.033 0.007 0.022 0.096
91 L 0.058 0.033 0.073 0.043 0.014 0.028 0.073 0.038 0.017 0.091 0.16 0.042 0.027 0.032 0.02 0.075 0.076 0.006 0.018 0.075
92 R 0.046 0.195 0.078 0.038 0.009 0.042 0.051 0.038 0.021 0.036 0.092 0.146 0.019 0.022 0.02 0.046 0.037 0.005 0.017 0.039
93 A 0.157 0.027 0.022 0.023 0.015 0.022 0.031 0.046 0.027 0.078 0.077 0.035 0.02 0.07 0.021 0.052 0.038 0.015 0.155 0.073
94 G 0.105 0.023 0.033 0.03 0.013 0.019 0.026 0.388 0.013 0.061 0.051 0.033 0.014 0.02 0.019 0.051 0.033 0.005 0.013 0.051
95 Y 0.041 0.025 0.019 0.018 0.011 0.019 0.025 0.023 0.035 0.088 0.127 0.028 0.025 0.104 0.015 0.028 0.03 0.021 0.247 0.07
96 T 0.084 0.035 0.044 0.04 0.016 0.028 0.043 0.051 0.016 0.038 0.05 0.047 0.016 0.02 0.096 0.149 0.154 0.005 0.016 0.051
97 K 0.049 0.078 0.167 0.058 0.009 0.044 0.06 0.051 0.025 0.025 0.037 0.193 0.013 0.016 0.024 0.059 0.043 0.005 0.016 0.029
98 E 0.05 0.048 0.086 0.127 0.008 0.079 0.215 0.041 0.025 0.022 0.035 0.068 0.013 0.016 0.023 0.055 0.038 0.005 0.016 0.029
99 L 0.044 0.023 0.014 0.015 0.016 0.015 0.019 0.021 0.01 0.138 0.361 0.024 0.046 0.052 0.014 0.024 0.033 0.007 0.021 0.105
100 I 0.049 0.025 0.017 0.019 0.016 0.021 0.023 0.024 0.013 0.181 0.179 0.03 0.121 0.045 0.015 0.03 0.039 0.007 0.022 0.125
101 I 0.046 0.023 0.019 0.027 0.013 0.02 0.061 0.024 0.013 0.169 0.125 0.029 0.029 0.141 0.015 0.03 0.036 0.009 0.038 0.135
102 L 0.046 0.024 0.017 0.018 0.015 0.019 0.022 0.023 0.016 0.175 0.19 0.028 0.078 0.057 0.015 0.028 0.036 0.01 0.067 0.119
103 Q 0.054 0.068 0.042 0.052 0.008 0.213 0.131 0.039 0.028 0.025 0.044 0.086 0.019 0.015 0.023 0.054 0.039 0.006 0.019 0.034
104 W 0.035 0.023 0.014 0.015 0.011 0.015 0.021 0.026 0.013 0.065 0.198 0.023 0.029 0.056 0.01 0.023 0.026 0.293 0.047 0.057
105 L 0.085 0.023 0.016 0.017 0.017 0.017 0.023 0.029 0.01 0.135 0.275 0.027 0.039 0.044 0.016 0.033 0.038 0.006 0.021 0.129
106 A 0.311 0.03 0.025 0.029 0.021 0.025 0.039 0.076 0.014 0.042 0.058 0.043 0.017 0.021 0.029 0.083 0.048 0.005 0.017 0.067
107 L 0.042 0.022 0.015 0.016 0.014 0.015 0.02 0.023 0.012 0.121 0.251 0.024 0.059 0.151 0.013 0.026 0.032 0.01 0.04 0.093
108 F 0.093 0.024 0.023 0.023 0.015 0.017 0.027 0.037 0.014 0.082 0.098 0.029 0.024 0.189 0.017 0.066 0.043 0.01 0.048 0.121
109 V 0.069 0.027 0.027 0.025 0.018 0.021 0.029 0.032 0.01 0.113 0.099 0.033 0.026 0.03 0.021 0.057 0.142 0.006 0.019 0.195
110 F 0.049 0.022 0.021 0.021 0.014 0.015 0.023 0.028 0.014 0.13 0.156 0.025 0.03 0.196 0.015 0.056 0.038 0.01 0.048 0.091
111 L 0.043 0.024 0.014 0.015 0.016 0.016 0.02 0.021 0.01 0.112 0.394 0.025 0.048 0.053 0.014 0.024 0.032 0.007 0.022 0.093
112 L 0.042 0.021 0.014 0.016 0.015 0.014 0.019 0.021 0.01 0.156 0.287 0.023 0.041 0.1 0.013 0.024 0.033 0.008 0.03 0.11
113 V 0.06 0.023 0.023 0.022 0.085 0.017 0.025 0.03 0.011 0.117 0.102 0.029 0.025 0.083 0.018 0.047 0.105 0.007 0.028 0.143
114 V 0.055 0.02 0.015 0.017 0.017 0.015 0.02 0.022 0.008 0.21 0.18 0.024 0.035 0.041 0.015 0.027 0.042 0.006 0.02 0.211
115 G 0.085 0.032 0.045 0.039 0.015 0.026 0.038 0.209 0.015 0.033 0.044 0.044 0.015 0.02 0.025 0.125 0.124 0.005 0.015 0.045
116 P 0.055 0.025 0.023 0.03 0.01 0.02 0.035 0.035 0.013 0.025 0.035 0.04 0.01 0.013 0.508 0.043 0.035 0.003 0.013 0.03
117 K 0.063 0.069 0.039 0.038 0.012 0.067 0.059 0.042 0.019 0.043 0.096 0.158 0.021 0.022 0.025 0.081 0.077 0.006 0.018 0.048
118 K 0.053 0.089 0.044 0.095 0.008 0.075 0.076 0.042 0.021 0.026 0.04 0.233 0.015 0.015 0.026 0.052 0.038 0.005 0.016 0.031
119 V 0.094 0.037 0.066 0.031 0.016 0.024 0.034 0.039 0.014 0.123 0.096 0.071 0.024 0.029 0.02 0.046 0.045 0.005 0.018 0.167
120 I 0.062 0.036 0.033 0.04 0.013 0.058 0.082 0.037 0.016 0.105 0.078 0.049 0.021 0.025 0.091 0.076 0.077 0.005 0.018 0.078
121 Y 0.046 0.087 0.07 0.032 0.01 0.029 0.038 0.033 0.027 0.054 0.07 0.082 0.019 0.106 0.017 0.04 0.035 0.013 0.119 0.075
122 L 0.047 0.038 0.023 0.031 0.012 0.027 0.071 0.028 0.015 0.067 0.201 0.072 0.03 0.087 0.087 0.035 0.033 0.007 0.028 0.061
123 N 0.056 0.035 0.162 0.051 0.013 0.027 0.039 0.048 0.02 0.079 0.107 0.043 0.022 0.027 0.02 0.083 0.08 0.005 0.017 0.065
124 L 0.053 0.04 0.03 0.036 0.013 0.03 0.074 0.032 0.015 0.088 0.125 0.075 0.025 0.083 0.021 0.051 0.101 0.007 0.028 0.074
125 R 0.046 0.174 0.04 0.105 0.009 0.039 0.056 0.035 0.019 0.042 0.11 0.119 0.021 0.024 0.02 0.043 0.035 0.005 0.017 0.042
126 E 0.049 0.055 0.103 0.142 0.008 0.048 0.165 0.044 0.024 0.023 0.035 0.107 0.012 0.016 0.024 0.056 0.039 0.005 0.015 0.029
127 K 0.051 0.084 0.035 0.035 0.009 0.042 0.057 0.038 0.02 0.036 0.06 0.22 0.018 0.11 0.023 0.046 0.036 0.008 0.035 0.038
128 N 0.042 0.045 0.32 0.083 0.009 0.034 0.049 0.065 0.031 0.022 0.031 0.054 0.011 0.018 0.02 0.069 0.049 0.004 0.016 0.027
129 Q 0.056 0.074 0.044 0.047 0.009 0.215 0.103 0.041 0.029 0.026 0.047 0.091 0.021 0.015 0.024 0.056 0.041 0.006 0.021 0.035
130 R 0.045 0.142 0.123 0.045 0.009 0.039 0.049 0.042 0.074 0.034 0.06 0.102 0.038 0.023 0.02 0.05 0.038 0.006 0.023 0.037
131 R 0.057 0.142 0.126 0.049 0.011 0.039 0.051 0.048 0.023 0.028 0.042 0.105 0.014 0.018 0.023 0.087 0.079 0.005 0.016 0.036
132 I 0.056 0.022 0.021 0.022 0.016 0.017 0.023 0.028 0.01 0.217 0.181 0.028 0.034 0.041 0.017 0.06 0.045 0.006 0.02 0.137
133 N 0.042 0.038 0.237 0.125 0.01 0.029 0.05 0.053 0.025 0.037 0.09 0.046 0.017 0.023 0.019 0.058 0.043 0.005 0.016 0.037
134 L 0.046 0.022 0.015 0.016 0.015 0.015 0.02 0.022 0.01 0.137 0.282 0.024 0.041 0.099 0.014 0.025 0.034 0.008 0.03 0.127
135 G 0.072 0.041 0.084 0.043 0.012 0.028 0.04 0.255 0.017 0.026 0.037 0.078 0.013 0.018 0.022 0.086 0.074 0.005 0.014 0.034
136 L 0.043 0.03 0.152 0.044 0.013 0.022 0.031 0.039 0.018 0.125 0.172 0.036 0.029 0.035 0.016 0.043 0.041 0.005 0.018 0.087
137 F 0.078 0.037 0.066 0.031 0.012 0.022 0.033 0.039 0.018 0.055 0.122 0.068 0.024 0.189 0.017 0.043 0.034 0.01 0.047 0.054
138 N 0.041 0.044 0.337 0.081 0.009 0.033 0.048 0.063 0.031 0.022 0.031 0.052 0.011 0.017 0.02 0.068 0.048 0.004 0.015 0.026
139 K 0.056 0.081 0.037 0.036 0.009 0.043 0.057 0.108 0.023 0.028 0.043 0.223 0.015 0.031 0.024 0.049 0.036 0.008 0.062 0.033
140 L 0.044 0.118 0.021 0.02 0.013 0.023 0.027 0.024 0.013 0.164 0.195 0.05 0.033 0.038 0.015 0.03 0.036 0.006 0.02 0.109
141 L 0.044 0.022 0.014 0.015 0.016 0.015 0.019 0.02 0.009 0.164 0.328 0.024 0.045 0.05 0.014 0.024 0.034 0.007 0.021 0.116
142 Y 0.042 0.025 0.02 0.018 0.011 0.019 0.025 0.024 0.036 0.062 0.081 0.028 0.021 0.153 0.015 0.03 0.03 0.023 0.256 0.081
143 I 0.088 0.028 0.02 0.023 0.016 0.048 0.033 0.032 0.012 0.174 0.159 0.036 0.032 0.036 0.018 0.038 0.041 0.006 0.02 0.143
144 G 0.051 0.027 0.113 0.039 0.011 0.02 0.029 0.177 0.017 0.078 0.112 0.034 0.021 0.081 0.016 0.044 0.036 0.007 0.026 0.06
145 L 0.049 0.028 0.062 0.026 0.015 0.021 0.026 0.029 0.014 0.102 0.246 0.032 0.079 0.044 0.015 0.034 0.039 0.007 0.021 0.111
146 I 0.049 0.025 0.017 0.019 0.016 0.021 0.023 0.024 0.012 0.188 0.181 0.03 0.102 0.046 0.015 0.03 0.04 0.007 0.022 0.134
147 N 0.042 0.045 0.32 0.083 0.009 0.034 0.049 0.065 0.031 0.022 0.031 0.054 0.011 0.018 0.02 0.069 0.049 0.004 0.016 0.027
148 I 0.06 0.025 0.025 0.024 0.016 0.019 0.027 0.031 0.016 0.166 0.112 0.032 0.027 0.048 0.019 0.067 0.077 0.009 0.065 0.137
149 L 0.049 0.022 0.016 0.017 0.015 0.016 0.021 0.024 0.012 0.135 0.175 0.024 0.054 0.146 0.014 0.028 0.036 0.009 0.04 0.149
150 L 0.062 0.026 0.025 0.024 0.017 0.021 0.028 0.031 0.012 0.148 0.163 0.032 0.053 0.038 0.019 0.067 0.078 0.006 0.02 0.132
151 L 0.048 0.022 0.018 0.019 0.016 0.016 0.021 0.023 0.01 0.181 0.248 0.027 0.039 0.044 0.016 0.033 0.069 0.006 0.02 0.123
152 L 0.054 0.024 0.018 0.019 0.017 0.017 0.023 0.025 0.01 0.117 0.27 0.028 0.039 0.044 0.016 0.035 0.071 0.006 0.021 0.146
153 L 0.054 0.02 0.018 0.019 0.015 0.015 0.02 0.094 0.01 0.157 0.159 0.025 0.031 0.09 0.015 0.03 0.037 0.007 0.028 0.156
154 A 0.179 0.028 0.028 0.029 0.018 0.022 0.034 0.124 0.013 0.07 0.071 0.038 0.02 0.024 0.024 0.086 0.05 0.005 0.017 0.121
155 I 0.133 0.025 0.023 0.025 0.018 0.02 0.029 0.043 0.012 0.164 0.11 0.033 0.027 0.032 0.021 0.073 0.049 0.005 0.019 0.14
156 V 0.089 0.023 0.017 0.019 0.016 0.017 0.024 0.03 0.015 0.157 0.157 0.028 0.031 0.051 0.017 0.036 0.04 0.009 0.065 0.161
157 Y 0.049 0.029 0.069 0.031 0.011 0.022 0.031 0.035 0.03 0.076 0.078 0.034 0.02 0.124 0.017 0.064 0.039 0.016 0.164 0.061
158 L 0.048 0.021 0.014 0.016 0.016 0.015 0.019 0.021 0.009 0.196 0.257 0.024 0.04 0.046 0.014 0.025 0.037 0.006 0.021 0.155
159 S 0.081 0.043 0.042 0.038 0.015 0.03 0.043 0.117 0.016 0.042 0.093 0.08 0.02 0.024 0.025 0.135 0.087 0.005 0.017 0.049
160 R 0.06 0.144 0.084 0.044 0.01 0.067 0.056 0.114 0.022 0.024 0.04 0.108 0.014 0.017 0.022 0.079 0.043 0.005 0.016 0.031
161 S 0.124 0.04 0.045 0.042 0.015 0.059 0.053 0.128 0.019 0.029 0.042 0.054 0.015 0.019 0.026 0.165 0.062 0.005 0.016 0.041
162 G 0.071 0.023 0.042 0.087 0.01 0.02 0.034 0.456 0.014 0.019 0.027 0.034 0.009 0.016 0.019 0.05 0.03 0.005 0.011 0.024
163 F 0.036 0.022 0.017 0.017 0.011 0.014 0.021 0.024 0.024 0.063 0.139 0.023 0.026 0.275 0.012 0.026 0.026 0.018 0.149 0.057
164 G 0.11 0.09 0.041 0.038 0.014 0.033 0.046 0.121 0.017 0.031 0.045 0.092 0.015 0.019 0.025 0.115 0.082 0.005 0.016 0.043
165 G 0.065 0.03 0.083 0.041 0.011 0.024 0.034 0.32 0.067 0.024 0.034 0.039 0.012 0.019 0.02 0.057 0.065 0.005 0.019 0.03
166 K 0.055 0.104 0.04 0.04 0.008 0.052 0.069 0.042 0.02 0.027 0.042 0.299 0.015 0.015 0.027 0.052 0.039 0.005 0.017 0.032
167 A 0.133 0.079 0.075 0.038 0.014 0.028 0.039 0.122 0.018 0.041 0.093 0.052 0.019 0.024 0.022 0.085 0.046 0.005 0.016 0.05
168 E 0.065 0.04 0.051 0.17 0.01 0.044 0.176 0.046 0.021 0.024 0.035 0.059 0.012 0.017 0.025 0.107 0.048 0.005 0.015 0.031
169 I 0.046 0.017 0.014 0.017 0.016 0.013 0.017 0.02 0.009 0.292 0.163 0.023 0.036 0.043 0.014 0.024 0.039 0.006 0.02 0.172
170 Y 0.039 0.027 0.021 0.018 0.009 0.021 0.027 0.024 0.045 0.042 0.067 0.03 0.018 0.127 0.015 0.03 0.027 0.027 0.338 0.045
171 A 0.131 0.035 0.037 0.101 0.014 0.036 0.125 0.05 0.018 0.041 0.093 0.051 0.019 0.023 0.025 0.084 0.045 0.005 0.017 0.05
172 S 0.117 0.033 0.082 0.043 0.016 0.027 0.041 0.126 0.017 0.047 0.052 0.044 0.016 0.021 0.024 0.137 0.059 0.005 0.016 0.076
173 G 0.105 0.026 0.079 0.039 0.012 0.021 0.03 0.394 0.016 0.022 0.032 0.037 0.01 0.017 0.02 0.057 0.034 0.005 0.012 0.03
174 N 0.053 0.04 0.251 0.069 0.01 0.031 0.047 0.059 0.026 0.023 0.033 0.051 0.011 0.017 0.091 0.089 0.051 0.004 0.015 0.029
175 L 0.059 0.026 0.025 0.025 0.015 0.019 0.028 0.032 0.012 0.131 0.179 0.033 0.03 0.035 0.089 0.067 0.075 0.006 0.019 0.096
176 L 0.044 0.02 0.015 0.016 0.014 0.014 0.02 0.023 0.011 0.151 0.2 0.023 0.034 0.099 0.013 0.025 0.034 0.079 0.037 0.129
177 L 0.046 0.026 0.061 0.025 0.014 0.019 0.025 0.028 0.017 0.122 0.224 0.029 0.034 0.054 0.015 0.032 0.037 0.009 0.065 0.116
178 L 0.046 0.087 0.068 0.031 0.012 0.029 0.036 0.032 0.017 0.098 0.18 0.082 0.051 0.035 0.018 0.038 0.038 0.006 0.019 0.077
179 L 0.083 0.021 0.016 0.018 0.016 0.015 0.021 0.028 0.01 0.205 0.214 0.026 0.037 0.043 0.016 0.032 0.038 0.006 0.02 0.134
180 V 0.105 0.025 0.022 0.023 0.018 0.02 0.029 0.037 0.011 0.117 0.143 0.032 0.029 0.033 0.019 0.068 0.05 0.006 0.019 0.195
181 F 0.033 0.018 0.016 0.016 0.01 0.01 0.018 0.025 0.016 0.062 0.111 0.018 0.025 0.405 0.01 0.025 0.025 0.016 0.086 0.053
182 R 0.054 0.182 0.033 0.03 0.011 0.036 0.044 0.035 0.018 0.075 0.111 0.107 0.023 0.026 0.02 0.067 0.042 0.006 0.018 0.061
183 L 0.081 0.022 0.016 0.018 0.016 0.015 0.022 0.029 0.011 0.146 0.239 0.026 0.037 0.096 0.016 0.032 0.035 0.008 0.03 0.106
184 P 0.065 0.025 0.024 0.027 0.014 0.02 0.031 0.034 0.012 0.102 0.08 0.035 0.02 0.024 0.229 0.066 0.046 0.004 0.016 0.126
185 L 0.046 0.026 0.02 0.019 0.014 0.019 0.024 0.025 0.02 0.084 0.253 0.029 0.035 0.07 0.016 0.035 0.065 0.013 0.111 0.076
186 L 0.042 0.021 0.015 0.017 0.014 0.015 0.02 0.023 0.012 0.147 0.218 0.024 0.057 0.15 0.013 0.026 0.033 0.009 0.04 0.104
187 L 0.045 0.024 0.015 0.016 0.016 0.017 0.02 0.022 0.01 0.136 0.332 0.026 0.066 0.051 0.014 0.025 0.034 0.007 0.022 0.104
188 I 0.061 0.026 0.028 0.027 0.016 0.02 0.028 0.033 0.012 0.16 0.15 0.033 0.03 0.035 0.02 0.074 0.109 0.006 0.019 0.112
189 L 0.053 0.023 0.016 0.018 0.017 0.018 0.022 0.023 0.011 0.173 0.194 0.027 0.079 0.043 0.015 0.029 0.041 0.006 0.021 0.171
190 L 0.045 0.023 0.015 0.016 0.016 0.017 0.02 0.021 0.01 0.161 0.299 0.026 0.064 0.049 0.014 0.025 0.035 0.007 0.021 0.115
191 Y 0.04 0.03 0.026 0.021 0.009 0.023 0.031 0.026 0.092 0.039 0.062 0.032 0.018 0.113 0.016 0.032 0.027 0.024 0.297 0.042
192 T 0.072 0.031 0.036 0.033 0.017 0.024 0.035 0.04 0.013 0.098 0.083 0.04 0.023 0.027 0.024 0.094 0.177 0.006 0.018 0.111
193 L 0.041 0.025 0.018 0.017 0.012 0.019 0.024 0.024 0.027 0.073 0.184 0.028 0.051 0.134 0.014 0.028 0.03 0.017 0.167 0.067
194 L 0.094 0.086 0.032 0.038 0.013 0.062 0.085 0.041 0.018 0.052 0.145 0.06 0.025 0.028 0.022 0.075 0.043 0.006 0.019 0.056
195 L 0.048 0.022 0.015 0.016 0.085 0.016 0.019 0.023 0.01 0.152 0.252 0.025 0.06 0.045 0.014 0.028 0.036 0.006 0.02 0.11
196 L 0.053 0.022 0.019 0.02 0.016 0.016 0.022 0.025 0.01 0.161 0.164 0.026 0.032 0.091 0.016 0.036 0.071 0.007 0.029 0.163
197 N 0.056 0.034 0.117 0.05 0.081 0.029 0.075 0.043 0.024 0.067 0.061 0.043 0.017 0.037 0.02 0.075 0.045 0.008 0.062 0.057
198 Y 0.083 0.047 0.073 0.036 0.011 0.059 0.048 0.042 0.033 0.035 0.054 0.082 0.017 0.064 0.02 0.05 0.037 0.015 0.155 0.042
199 W 0.041 0.022 0.016 0.016 0.012 0.015 0.021 0.025 0.017 0.104 0.138 0.024 0.027 0.111 0.012 0.026 0.031 0.154 0.088 0.102
200 N 0.063 0.036 0.121 0.054 0.013 0.032 0.079 0.047 0.02 0.075 0.105 0.047 0.021 0.027 0.021 0.103 0.052 0.005 0.017 0.061
201 N 0.05 0.057 0.122 0.055 0.01 0.038 0.087 0.044 0.022 0.033 0.051 0.12 0.015 0.073 0.022 0.058 0.072 0.007 0.026 0.038
202 N 0.051 0.044 0.12 0.044 0.081 0.03 0.041 0.043 0.069 0.043 0.094 0.077 0.019 0.025 0.02 0.054 0.071 0.005 0.022 0.046
203 K 0.047 0.105 0.128 0.111 0.008 0.044 0.099 0.046 0.024 0.023 0.036 0.134 0.013 0.016 0.023 0.055 0.04 0.005 0.015 0.029
204 Y 0.052 0.048 0.035 0.032 0.01 0.059 0.05 0.037 0.078 0.031 0.05 0.081 0.017 0.056 0.019 0.067 0.037 0.084 0.122 0.036
205 I 0.049 0.076 0.018 0.019 0.015 0.02 0.024 0.023 0.011 0.194 0.176 0.039 0.034 0.039 0.015 0.029 0.039 0.006 0.02 0.155
206 D 0.062 0.078 0.045 0.143 0.012 0.029 0.055 0.044 0.017 0.037 0.087 0.053 0.017 0.022 0.092 0.099 0.047 0.005 0.015 0.04
207 L 0.051 0.038 0.068 0.032 0.014 0.024 0.034 0.034 0.015 0.078 0.166 0.07 0.028 0.086 0.018 0.045 0.07 0.007 0.028 0.094
208 K 0.053 0.108 0.078 0.04 0.01 0.038 0.05 0.109 0.019 0.062 0.056 0.16 0.017 0.02 0.022 0.049 0.038 0.005 0.016 0.05
209 L 0.056 0.032 0.026 0.026 0.084 0.05 0.036 0.031 0.013 0.073 0.202 0.039 0.031 0.034 0.019 0.049 0.101 0.006 0.019 0.073
210 I 0.045 0.024 0.061 0.026 0.015 0.018 0.023 0.027 0.013 0.2 0.181 0.029 0.055 0.041 0.015 0.032 0.039 0.006 0.02 0.128
211 I 0.056 0.023 0.024 0.024 0.015 0.017 0.025 0.03 0.012 0.187 0.124 0.03 0.029 0.089 0.018 0.065 0.075 0.007 0.029 0.121
212 L 0.046 0.047 0.068 0.032 0.012 0.027 0.037 0.033 0.016 0.119 0.135 0.106 0.026 0.084 0.018 0.038 0.037 0.007 0.028 0.083
213 T 0.07 0.031 0.035 0.031 0.018 0.024 0.034 0.037 0.012 0.083 0.081 0.039 0.022 0.026 0.024 0.073 0.205 0.006 0.018 0.132
214 G 0.102 0.022 0.03 0.027 0.082 0.017 0.025 0.319 0.013 0.031 0.049 0.03 0.013 0.073 0.018 0.049 0.032 0.007 0.022 0.039
215 L 0.049 0.02 0.018 0.019 0.015 0.014 0.019 0.092 0.01 0.202 0.21 0.025 0.035 0.042 0.015 0.028 0.035 0.006 0.019 0.128
216 V 0.108 0.028 0.028 0.029 0.017 0.022 0.034 0.044 0.013 0.079 0.117 0.038 0.024 0.028 0.092 0.1 0.053 0.005 0.018 0.122
217 L 0.048 0.023 0.018 0.019 0.016 0.017 0.022 0.024 0.01 0.155 0.281 0.027 0.04 0.046 0.016 0.033 0.068 0.006 0.021 0.112
218 L 0.082 0.023 0.017 0.018 0.084 0.017 0.023 0.032 0.013 0.076 0.189 0.026 0.052 0.143 0.015 0.036 0.034 0.009 0.038 0.072
219 L 0.053 0.021 0.021 0.021 0.014 0.016 0.02 0.164 0.01 0.137 0.223 0.026 0.033 0.04 0.015 0.031 0.033 0.006 0.018 0.096
220 I 0.044 0.02 0.015 0.017 0.015 0.015 0.019 0.022 0.011 0.206 0.193 0.024 0.057 0.097 0.014 0.026 0.036 0.008 0.03 0.132
221 T 0.075 0.031 0.036 0.033 0.018 0.024 0.036 0.04 0.013 0.079 0.078 0.04 0.022 0.026 0.024 0.095 0.178 0.006 0.018 0.128
222 L 0.047 0.025 0.016 0.017 0.016 0.02 0.022 0.023 0.012 0.157 0.241 0.029 0.103 0.047 0.015 0.029 0.037 0.007 0.022 0.114
223 F 0.04 0.021 0.018 0.017 0.011 0.014 0.022 0.024 0.023 0.07 0.1 0.023 0.024 0.273 0.012 0.027 0.029 0.018 0.149 0.085
224 S 0.102 0.038 0.051 0.046 0.017 0.031 0.049 0.061 0.018 0.032 0.044 0.051 0.016 0.021 0.029 0.221 0.107 0.005 0.017 0.045
225 G 0.076 0.022 0.038 0.033 0.01 0.018 0.025 0.524 0.013 0.018 0.027 0.033 0.009 0.016 0.018 0.05 0.029 0.005 0.01 0.024
226 E 0.054 0.048 0.039 0.088 0.007 0.063 0.317 0.034 0.025 0.021 0.036 0.073 0.013 0.016 0.025 0.054 0.036 0.005 0.016 0.03
227 R 0.043 0.364 0.038 0.03 0.008 0.047 0.051 0.032 0.023 0.023 0.045 0.117 0.015 0.017 0.019 0.043 0.034 0.006 0.017 0.03
228 D 0.04 0.029 0.067 0.415 0.007 0.029 0.089 0.045 0.018 0.022 0.027 0.043 0.009 0.014 0.022 0.051 0.034 0.004 0.011 0.024
229 F 0.039 0.019 0.016 0.017 0.012 0.013 0.019 0.023 0.017 0.158 0.127 0.022 0.028 0.21 0.013 0.025 0.031 0.013 0.094 0.103
230 L 0.052 0.022 0.015 0.017 0.017 0.017 0.021 0.022 0.01 0.175 0.222 0.026 0.059 0.044 0.015 0.028 0.04 0.006 0.021 0.171
231 F 0.033 0.018 0.016 0.016 0.01 0.01 0.018 0.025 0.016 0.062 0.111 0.018 0.025 0.405 0.01 0.025 0.025 0.016 0.086 0.053
232 R 0.048 0.269 0.036 0.029 0.01 0.041 0.046 0.033 0.02 0.037 0.069 0.095 0.04 0.022 0.02 0.049 0.068 0.006 0.018 0.044
233 F 0.041 0.023 0.02 0.019 0.012 0.015 0.023 0.027 0.019 0.065 0.138 0.025 0.026 0.26 0.014 0.035 0.061 0.015 0.103 0.06
234 L 0.046 0.022 0.015 0.016 0.015 0.015 0.02 0.022 0.01 0.137 0.282 0.024 0.041 0.099 0.014 0.025 0.034 0.008 0.03 0.127
235 I 0.052 0.019 0.015 0.017 0.017 0.014 0.019 0.021 0.009 0.229 0.186 0.024 0.036 0.042 0.015 0.026 0.04 0.006 0.02 0.194
236 I 0.052 0.019 0.015 0.017 0.017 0.014 0.019 0.021 0.009 0.229 0.186 0.024 0.036 0.042 0.015 0.026 0.04 0.006 0.02 0.194
237 T 0.072 0.034 0.047 0.092 0.016 0.028 0.047 0.046 0.015 0.044 0.055 0.045 0.017 0.021 0.026 0.106 0.208 0.005 0.016 0.058
238 V 0.063 0.02 0.019 0.019 0.017 0.015 0.021 0.094 0.009 0.177 0.123 0.026 0.029 0.034 0.016 0.032 0.043 0.005 0.019 0.218
239 L 0.046 0.024 0.017 0.018 0.015 0.019 0.022 0.023 0.016 0.175 0.19 0.028 0.078 0.057 0.015 0.028 0.036 0.01 0.067 0.119
240 I 0.042 0.018 0.015 0.017 0.014 0.013 0.018 0.021 0.011 0.201 0.181 0.022 0.034 0.148 0.013 0.024 0.034 0.009 0.039 0.127
241 L 0.043 0.024 0.014 0.015 0.016 0.016 0.02 0.021 0.01 0.112 0.394 0.025 0.048 0.053 0.014 0.024 0.032 0.007 0.022 0.093
242 F 0.039 0.022 0.018 0.017 0.079 0.016 0.022 0.026 0.027 0.046 0.077 0.024 0.019 0.181 0.013 0.029 0.027 0.089 0.18 0.047
243 Y 0.041 0.025 0.018 0.017 0.012 0.019 0.023 0.024 0.027 0.099 0.151 0.027 0.05 0.133 0.014 0.028 0.031 0.017 0.166 0.078
244 L 0.054 0.025 0.024 0.023 0.015 0.018 0.026 0.031 0.013 0.103 0.182 0.029 0.031 0.143 0.017 0.065 0.072 0.009 0.039 0.082
245 G 0.065 0.049 0.041 0.036 0.009 0.031 0.041 0.317 0.067 0.021 0.033 0.111 0.012 0.018 0.021 0.049 0.031 0.005 0.019 0.026
246 K 0.052 0.083 0.079 0.043 0.009 0.044 0.058 0.042 0.02 0.064 0.058 0.224 0.017 0.019 0.024 0.05 0.04 0.005 0.017 0.051
247 L 0.044 0.021 0.014 0.016 0.016 0.015 0.019 0.02 0.009 0.189 0.295 0.024 0.043 0.049 0.014 0.024 0.035 0.006 0.021 0.127
248 K 0.053 0.095 0.083 0.046 0.008 0.049 0.066 0.045 0.022 0.026 0.04 0.264 0.014 0.015 0.026 0.054 0.04 0.005 0.017 0.031
249 R 0.044 0.187 0.12 0.044 0.009 0.039 0.048 0.041 0.023 0.036 0.09 0.111 0.019 0.022 0.019 0.049 0.038 0.005 0.017 0.038
250 K 0.047 0.059 0.03 0.037 0.01 0.036 0.082 0.033 0.018 0.074 0.078 0.147 0.02 0.131 0.02 0.04 0.034 0.008 0.037 0.058
251 H 0.041 0.042 0.047 0.034 0.008 0.035 0.048 0.035 0.327 0.025 0.041 0.042 0.015 0.044 0.018 0.039 0.026 0.01 0.096 0.026
252 L 0.046 0.022 0.015 0.016 0.015 0.015 0.02 0.022 0.01 0.137 0.282 0.024 0.041 0.099 0.014 0.025 0.034 0.008 0.03 0.127
253 L 0.047 0.022 0.017 0.019 0.014 0.016 0.023 0.025 0.012 0.116 0.162 0.026 0.051 0.143 0.084 0.03 0.035 0.009 0.039 0.112
254 L 0.044 0.024 0.016 0.017 0.015 0.018 0.021 0.023 0.012 0.126 0.262 0.026 0.082 0.1 0.014 0.027 0.034 0.008 0.031 0.098
255 L 0.045 0.024 0.015 0.016 0.016 0.017 0.02 0.022 0.01 0.136 0.332 0.026 0.066 0.051 0.014 0.025 0.034 0.007 0.022 0.104
256 V 0.127 0.023 0.018 0.02 0.018 0.018 0.025 0.037 0.01 0.157 0.155 0.03 0.031 0.036 0.019 0.043 0.043 0.006 0.019 0.164
257 P 0.055 0.025 0.023 0.03 0.01 0.02 0.035 0.035 0.013 0.025 0.035 0.04 0.01 0.013 0.508 0.043 0.035 0.003 0.013 0.03
258 L 0.051 0.02 0.015 0.017 0.017 0.015 0.019 0.021 0.009 0.203 0.218 0.024 0.038 0.043 0.015 0.026 0.04 0.006 0.02 0.183
259 G 0.172 0.025 0.029 0.029 0.016 0.02 0.03 0.26 0.013 0.068 0.06 0.036 0.016 0.022 0.022 0.06 0.039 0.005 0.015 0.063
260 I 0.088 0.024 0.018 0.02 0.017 0.019 0.024 0.031 0.011 0.182 0.151 0.03 0.075 0.04 0.017 0.037 0.041 0.006 0.021 0.15
261 L 0.091 0.024 0.023 0.023 0.016 0.018 0.025 0.103 0.011 0.132 0.18 0.031 0.03 0.036 0.019 0.045 0.07 0.006 0.018 0.098
262 L 0.121 0.025 0.018 0.02 0.017 0.019 0.026 0.037 0.012 0.141 0.203 0.031 0.055 0.04 0.018 0.042 0.04 0.006 0.02 0.108
263 L 0.045 0.023 0.015 0.016 0.016 0.017 0.02 0.021 0.01 0.161 0.299 0.026 0.064 0.049 0.014 0.025 0.035 0.007 0.021 0.115
264 P 0.052 0.023 0.02 0.026 0.012 0.018 0.03 0.031 0.011 0.101 0.072 0.035 0.017 0.021 0.367 0.037 0.036 0.003 0.015 0.071
265 L 0.043 0.024 0.014 0.015 0.016 0.016 0.02 0.021 0.01 0.112 0.394 0.025 0.048 0.053 0.014 0.024 0.032 0.007 0.022 0.093
266 S 0.102 0.038 0.051 0.046 0.017 0.031 0.049 0.061 0.018 0.032 0.044 0.051 0.016 0.021 0.029 0.221 0.107 0.005 0.017 0.045
267 H 0.088 0.037 0.052 0.145 0.011 0.032 0.06 0.049 0.17 0.026 0.038 0.045 0.014 0.023 0.022 0.078 0.039 0.006 0.032 0.032
268 V 0.058 0.046 0.026 0.027 0.015 0.027 0.036 0.031 0.012 0.144 0.104 0.106 0.026 0.03 0.02 0.044 0.074 0.005 0.019 0.151
269 Y 0.037 0.025 0.02 0.018 0.009 0.018 0.025 0.024 0.037 0.048 0.079 0.027 0.02 0.206 0.014 0.029 0.026 0.024 0.266 0.048
270 K 0.055 0.104 0.04 0.04 0.008 0.052 0.069 0.042 0.02 0.027 0.042 0.299 0.015 0.015 0.027 0.052 0.039 0.005 0.017 0.032
271 Y 0.045 0.026 0.024 0.02 0.009 0.021 0.027 0.096 0.041 0.039 0.061 0.031 0.017 0.111 0.016 0.033 0.027 0.024 0.291 0.042
272 F 0.04 0.023 0.021 0.02 0.011 0.016 0.024 0.027 0.024 0.055 0.091 0.025 0.022 0.271 0.014 0.036 0.06 0.018 0.148 0.053
273 F 0.037 0.021 0.015 0.016 0.013 0.013 0.019 0.023 0.014 0.083 0.232 0.021 0.035 0.254 0.012 0.024 0.028 0.012 0.059 0.071
274 L 0.061 0.028 0.025 0.024 0.016 0.02 0.029 0.033 0.012 0.088 0.293 0.033 0.039 0.044 0.018 0.086 0.046 0.006 0.02 0.078
275 T 0.077 0.035 0.049 0.094 0.016 0.029 0.049 0.049 0.016 0.041 0.052 0.046 0.017 0.021 0.027 0.128 0.181 0.005 0.016 0.054
276 G 0.071 0.025 0.04 0.033 0.01 0.021 0.029 0.455 0.065 0.019 0.029 0.034 0.01 0.018 0.018 0.049 0.028 0.006 0.017 0.023
277 N 0.052 0.086 0.118 0.044 0.012 0.058 0.047 0.041 0.02 0.059 0.105 0.058 0.022 0.025 0.02 0.054 0.074 0.005 0.018 0.081
278 T 0.073 0.036 0.044 0.038 0.018 0.028 0.039 0.044 0.014 0.053 0.065 0.046 0.02 0.024 0.028 0.093 0.245 0.006 0.018 0.071
279 R 0.045 0.343 0.039 0.031 0.008 0.049 0.052 0.033 0.023 0.023 0.047 0.121 0.016 0.017 0.019 0.045 0.035 0.006 0.017 0.031
280 I 0.055 0.019 0.015 0.017 0.017 0.014 0.02 0.022 0.008 0.235 0.147 0.024 0.034 0.039 0.015 0.028 0.043 0.006 0.02 0.222
281 S 0.079 0.041 0.134 0.055 0.013 0.033 0.05 0.06 0.073 0.026 0.037 0.051 0.014 0.021 0.025 0.164 0.063 0.005 0.022 0.034
282 G 0.07 0.034 0.132 0.105 0.011 0.028 0.048 0.193 0.02 0.023 0.032 0.046 0.011 0.017 0.022 0.11 0.05 0.005 0.014 0.029
283 G 0.052 0.027 0.098 0.037 0.013 0.02 0.028 0.156 0.016 0.109 0.152 0.034 0.026 0.033 0.017 0.042 0.038 0.006 0.017 0.08
284 L 0.052 0.032 0.02 0.02 0.016 0.028 0.028 0.028 0.016 0.101 0.197 0.036 0.158 0.048 0.016 0.036 0.04 0.008 0.024 0.093
285 S 0.11 0.04 0.054 0.049 0.018 0.033 0.053 0.066 0.019 0.03 0.042 0.054 0.016 0.021 0.03 0.218 0.082 0.005 0.018 0.042
286 L 0.04 0.024 0.033 0.144 0.011 0.019 0.043 0.031 0.015 0.067 0.173 0.03 0.028 0.153 0.016 0.034 0.031 0.009 0.041 0.058
287 G 0.105 0.046 0.126 0.051 0.013 0.032 0.047 0.128 0.021 0.027 0.039 0.084 0.013 0.018 0.024 0.115 0.053 0.005 0.016 0.037
288 N 0.069 0.037 0.125 0.049 0.015 0.028 0.042 0.051 0.019 0.045 0.095 0.046 0.02 0.025 0.023 0.118 0.118 0.005 0.017 0.052
289 E 0.055 0.057 0.083 0.067 0.009 0.077 0.172 0.041 0.024 0.027 0.041 0.101 0.015 0.017 0.024 0.061 0.072 0.005 0.017 0.036
290 N 0.051 0.041 0.258 0.124 0.01 0.032 0.054 0.061 0.027 0.023 0.032 0.051 0.011 0.017 0.021 0.09 0.051 0.004 0.015 0.028
291 L 0.042 0.021 0.015 0.017 0.014 0.015 0.02 0.023 0.012 0.168 0.177 0.024 0.054 0.099 0.013 0.025 0.033 0.079 0.037 0.112
292 I 0.041 0.019 0.015 0.016 0.014 0.013 0.018 0.022 0.011 0.196 0.173 0.022 0.033 0.098 0.013 0.024 0.033 0.079 0.036 0.123
293 L 0.053 0.043 0.028 0.028 0.012 0.053 0.042 0.034 0.017 0.061 0.162 0.075 0.028 0.138 0.018 0.064 0.039 0.009 0.039 0.057
294 S 0.066 0.099 0.047 0.102 0.01 0.07 0.104 0.046 0.022 0.025 0.04 0.104 0.015 0.017 0.025 0.106 0.049 0.005 0.016 0.033
295 L 0.039 0.021 0.015 0.015 0.013 0.013 0.019 0.022 0.013 0.09 0.272 0.022 0.038 0.204 0.012 0.024 0.029 0.011 0.049 0.076
296 L 0.039 0.021 0.015 0.015 0.013 0.013 0.019 0.022 0.013 0.09 0.272 0.022 0.038 0.204 0.012 0.024 0.029 0.011 0.049 0.076
297 D 0.107 0.036 0.093 0.155 0.014 0.03 0.06 0.06 0.02 0.028 0.038 0.049 0.013 0.018 0.025 0.14 0.058 0.005 0.015 0.037
298 G 0.08 0.025 0.04 0.035 0.011 0.02 0.029 0.459 0.014 0.02 0.029 0.036 0.01 0.016 0.02 0.077 0.036 0.005 0.011 0.026
299 E 0.054 0.048 0.039 0.088 0.007 0.063 0.317 0.034 0.025 0.021 0.036 0.073 0.013 0.016 0.025 0.054 0.036 0.005 0.016 0.03
300 F 0.033 0.018 0.016 0.016 0.01 0.01 0.018 0.025 0.016 0.062 0.111 0.018 0.025 0.405 0.01 0.025 0.025 0.016 0.086 0.053
301 E 0.058 0.082 0.029 0.049 0.012 0.04 0.153 0.029 0.017 0.081 0.076 0.059 0.021 0.024 0.02 0.043 0.041 0.005 0.018 0.142
302 S 0.131 0.037 0.047 0.043 0.018 0.03 0.047 0.063 0.017 0.034 0.046 0.05 0.016 0.021 0.029 0.198 0.102 0.005 0.017 0.048
303 A 0.311 0.03 0.025 0.029 0.021 0.025 0.039 0.076 0.014 0.042 0.058 0.043 0.017 0.021 0.029 0.083 0.048 0.005 0.017 0.067
304 S 0.102 0.037 0.05 0.045 0.016 0.03 0.047 0.13 0.018 0.027 0.039 0.05 0.014 0.02 0.027 0.215 0.072 0.005 0.016 0.038
305 R 0.089 0.222 0.037 0.032 0.012 0.038 0.046 0.041 0.019 0.034 0.052 0.085 0.016 0.019 0.023 0.062 0.103 0.006 0.017 0.046
306 N 0.041 0.044 0.337 0.081 0.009 0.033 0.048 0.063 0.031 0.022 0.031 0.052 0.011 0.017 0.02 0.068 0.048 0.004 0.015 0.026
307 L 0.045 0.026 0.015 0.016 0.016 0.019 0.022 0.023 0.011 0.108 0.336 0.028 0.087 0.051 0.014 0.027 0.034 0.007 0.022 0.092
308 Q 0.054 0.071 0.043 0.046 0.009 0.238 0.1 0.04 0.029 0.026 0.046 0.089 0.02 0.014 0.023 0.054 0.04 0.006 0.02 0.034
309 I 0.053 0.023 0.018 0.027 0.015 0.021 0.062 0.023 0.011 0.216 0.134 0.031 0.031 0.037 0.016 0.031 0.041 0.006 0.019 0.185
310 L 0.05 0.023 0.014 0.015 0.017 0.016 0.02 0.022 0.009 0.126 0.317 0.025 0.043 0.048 0.014 0.026 0.037 0.006 0.021 0.15
311 L 0.048 0.02 0.014 0.017 0.016 0.014 0.019 0.021 0.009 0.222 0.224 0.024 0.039 0.045 0.014 0.025 0.038 0.006 0.02 0.166
312 N 0.051 0.04 0.25 0.067 0.011 0.03 0.044 0.057 0.026 0.036 0.084 0.048 0.017 0.023 0.02 0.086 0.05 0.005 0.016 0.038
313 H 0.052 0.045 0.128 0.05 0.01 0.062 0.054 0.047 0.129 0.026 0.041 0.052 0.015 0.037 0.02 0.078 0.042 0.009 0.074 0.031
314 E 0.07 0.049 0.086 0.061 0.011 0.042 0.125 0.118 0.022 0.024 0.036 0.091 0.013 0.017 0.025 0.109 0.049 0.005 0.016 0.032
315 E 0.082 0.044 0.047 0.069 0.012 0.048 0.178 0.05 0.022 0.026 0.039 0.064 0.014 0.019 0.027 0.141 0.059 0.005 0.017 0.036
316 L 0.047 0.029 0.023 0.036 0.012 0.029 0.092 0.027 0.017 0.116 0.128 0.038 0.061 0.125 0.017 0.035 0.035 0.009 0.037 0.088
317 V 0.061 0.029 0.025 0.024 0.017 0.024 0.029 0.031 0.013 0.102 0.136 0.035 0.094 0.037 0.019 0.05 0.107 0.006 0.021 0.141
318 K 0.065 0.075 0.042 0.047 0.01 0.046 0.095 0.113 0.02 0.025 0.039 0.194 0.014 0.016 0.026 0.079 0.043 0.005 0.016 0.032
319 G 0.065 0.032 0.082 0.04 0.011 0.025 0.036 0.252 0.073 0.024 0.037 0.04 0.012 0.035 0.02 0.076 0.038 0.009 0.065 0.029
320 L 0.069 0.029 0.032 0.03 0.015 0.022 0.034 0.04 0.019 0.085 0.122 0.036 0.025 0.098 0.02 0.119 0.052 0.01 0.074 0.069
