#Seq2Logo.py -f /work3/idamei/ssn-clusterings/clustering/2205181304/clusters/0005_66/sequences.afa -o /work3/idamei/ssn-clusterings/clustering/2205181304/clusters/0005_66/sequences.logo
#Position Specific Frequency Matrix
A R N D C Q E G H I L K M F P S T W Y V
0 L 0.051 0.031 0.02 0.02 0.016 0.028 0.028 0.028 0.016 0.098 0.193 0.035 0.177 0.047 0.016 0.035 0.039 0.008 0.024 0.091
1 N 0.069 0.037 0.156 0.055 0.014 0.029 0.043 0.056 0.022 0.078 0.062 0.047 0.018 0.024 0.022 0.126 0.059 0.005 0.017 0.062
2 L 0.062 0.041 0.033 0.032 0.013 0.074 0.05 0.038 0.026 0.053 0.135 0.05 0.026 0.054 0.02 0.085 0.045 0.011 0.097 0.054
3 A 0.182 0.036 0.033 0.046 0.017 0.035 0.106 0.058 0.017 0.04 0.054 0.052 0.017 0.021 0.028 0.078 0.098 0.005 0.017 0.059
4 F 0.042 0.019 0.017 0.017 0.013 0.012 0.02 0.025 0.015 0.087 0.116 0.02 0.027 0.306 0.012 0.027 0.031 0.014 0.071 0.111
5 I 0.047 0.018 0.015 0.018 0.016 0.013 0.018 0.021 0.009 0.271 0.168 0.024 0.037 0.044 0.015 0.025 0.04 0.006 0.021 0.177
6 I 0.047 0.018 0.015 0.018 0.016 0.013 0.018 0.021 0.009 0.271 0.168 0.024 0.037 0.044 0.015 0.025 0.04 0.006 0.021 0.177
7 G 0.078 0.023 0.039 0.033 0.011 0.019 0.025 0.515 0.013 0.019 0.028 0.033 0.009 0.016 0.019 0.051 0.029 0.005 0.011 0.024
8 N 0.043 0.045 0.317 0.083 0.009 0.034 0.049 0.065 0.032 0.022 0.032 0.054 0.011 0.018 0.02 0.07 0.049 0.004 0.016 0.027
9 Q 0.056 0.074 0.044 0.047 0.009 0.215 0.103 0.041 0.029 0.026 0.047 0.091 0.021 0.015 0.024 0.056 0.041 0.006 0.021 0.035
10 K 0.061 0.077 0.041 0.04 0.009 0.088 0.067 0.161 0.021 0.025 0.04 0.175 0.015 0.015 0.024 0.053 0.037 0.005 0.016 0.031
11 L 0.047 0.023 0.016 0.018 0.015 0.016 0.022 0.024 0.01 0.13 0.273 0.028 0.038 0.043 0.112 0.028 0.035 0.006 0.02 0.097
12 R 0.051 0.2 0.04 0.038 0.008 0.086 0.068 0.038 0.023 0.025 0.044 0.182 0.016 0.016 0.023 0.049 0.037 0.005 0.018 0.032
13 I 0.043 0.019 0.015 0.017 0.015 0.013 0.018 0.021 0.01 0.206 0.199 0.023 0.036 0.117 0.014 0.024 0.035 0.008 0.034 0.134
14 R 0.051 0.195 0.039 0.046 0.008 0.053 0.11 0.037 0.022 0.024 0.042 0.179 0.015 0.016 0.023 0.049 0.036 0.005 0.017 0.031
15 K 0.056 0.105 0.041 0.041 0.008 0.052 0.069 0.042 0.02 0.027 0.042 0.292 0.015 0.015 0.027 0.052 0.039 0.005 0.017 0.032
16 R 0.046 0.24 0.034 0.029 0.009 0.042 0.049 0.032 0.02 0.042 0.113 0.134 0.022 0.024 0.02 0.041 0.035 0.006 0.018 0.044
17 S 0.087 0.039 0.106 0.052 0.016 0.032 0.048 0.06 0.02 0.032 0.044 0.051 0.015 0.02 0.027 0.173 0.11 0.005 0.017 0.044
18 F 0.044 0.041 0.027 0.028 0.011 0.099 0.052 0.03 0.02 0.058 0.141 0.048 0.028 0.176 0.016 0.037 0.033 0.01 0.047 0.054
19 P 0.165 0.03 0.03 0.033 0.016 0.025 0.04 0.058 0.015 0.033 0.046 0.044 0.014 0.018 0.219 0.098 0.05 0.004 0.015 0.047
20 E 0.054 0.053 0.04 0.08 0.008 0.097 0.268 0.036 0.026 0.023 0.038 0.077 0.014 0.016 0.025 0.054 0.037 0.005 0.017 0.031
21 W 0.03 0.022 0.015 0.015 0.008 0.014 0.022 0.029 0.015 0.036 0.064 0.022 0.017 0.127 0.008 0.023 0.023 0.405 0.071 0.035
22 L 0.096 0.025 0.016 0.018 0.017 0.018 0.024 0.032 0.011 0.099 0.322 0.029 0.042 0.047 0.017 0.036 0.036 0.007 0.021 0.089
23 A 0.172 0.034 0.038 0.036 0.019 0.027 0.042 0.061 0.015 0.044 0.057 0.046 0.018 0.022 0.028 0.117 0.14 0.005 0.017 0.063
24 L 0.094 0.024 0.017 0.018 0.016 0.017 0.024 0.033 0.012 0.089 0.267 0.027 0.038 0.116 0.016 0.036 0.034 0.009 0.034 0.081
25 F 0.051 0.021 0.02 0.02 0.013 0.014 0.021 0.123 0.013 0.083 0.153 0.024 0.028 0.18 0.014 0.031 0.032 0.01 0.045 0.102
26 V 0.06 0.02 0.015 0.017 0.018 0.015 0.021 0.023 0.008 0.211 0.142 0.025 0.033 0.038 0.015 0.029 0.045 0.006 0.02 0.239
27 L 0.092 0.023 0.017 0.018 0.015 0.016 0.023 0.034 0.013 0.079 0.212 0.026 0.033 0.185 0.016 0.036 0.033 0.01 0.047 0.073
28 L 0.047 0.021 0.015 0.016 0.015 0.014 0.02 0.022 0.011 0.147 0.236 0.023 0.038 0.117 0.014 0.026 0.036 0.008 0.034 0.14
29 L 0.042 0.026 0.017 0.017 0.013 0.019 0.023 0.026 0.015 0.08 0.188 0.027 0.089 0.121 0.013 0.028 0.032 0.108 0.045 0.072
30 P 0.056 0.035 0.027 0.034 0.01 0.062 0.049 0.036 0.016 0.025 0.038 0.05 0.012 0.013 0.407 0.045 0.036 0.003 0.014 0.031
31 F 0.033 0.019 0.017 0.017 0.01 0.01 0.019 0.025 0.017 0.062 0.112 0.019 0.025 0.399 0.01 0.025 0.025 0.017 0.087 0.054
32 S 0.077 0.03 0.036 0.033 0.111 0.023 0.035 0.046 0.015 0.043 0.064 0.038 0.018 0.097 0.022 0.125 0.097 0.007 0.03 0.052
33 F 0.035 0.02 0.016 0.016 0.011 0.011 0.019 0.024 0.015 0.072 0.167 0.02 0.03 0.33 0.011 0.025 0.026 0.015 0.074 0.062
34 G 0.08 0.028 0.04 0.036 0.013 0.023 0.034 0.239 0.016 0.031 0.05 0.038 0.015 0.094 0.021 0.119 0.049 0.007 0.029 0.037
35 L 0.092 0.023 0.017 0.018 0.015 0.016 0.023 0.034 0.013 0.079 0.212 0.026 0.033 0.185 0.016 0.036 0.033 0.01 0.047 0.073
36 L 0.044 0.024 0.014 0.015 0.016 0.016 0.02 0.021 0.01 0.113 0.388 0.025 0.049 0.054 0.014 0.024 0.033 0.007 0.022 0.094
37 L 0.05 0.024 0.017 0.018 0.015 0.019 0.023 0.025 0.013 0.141 0.158 0.028 0.089 0.114 0.015 0.03 0.038 0.009 0.035 0.138
38 D 0.046 0.037 0.056 0.281 0.007 0.043 0.178 0.041 0.021 0.022 0.031 0.056 0.011 0.015 0.023 0.052 0.035 0.004 0.013 0.027
39 L 0.051 0.022 0.016 0.017 0.016 0.017 0.021 0.023 0.01 0.189 0.208 0.026 0.066 0.045 0.015 0.028 0.04 0.006 0.021 0.163
40 L 0.042 0.023 0.014 0.015 0.015 0.015 0.02 0.022 0.011 0.103 0.333 0.024 0.044 0.123 0.013 0.024 0.031 0.009 0.035 0.086
41 G 0.058 0.044 0.038 0.033 0.009 0.03 0.04 0.229 0.092 0.026 0.04 0.087 0.013 0.041 0.02 0.045 0.03 0.01 0.085 0.03
42 L 0.042 0.021 0.015 0.016 0.015 0.014 0.019 0.022 0.011 0.137 0.288 0.023 0.041 0.121 0.013 0.024 0.032 0.009 0.035 0.102
43 P 0.056 0.025 0.023 0.03 0.01 0.02 0.035 0.035 0.013 0.025 0.035 0.04 0.01 0.013 0.503 0.043 0.035 0.003 0.013 0.03
44 S 0.088 0.037 0.106 0.052 0.014 0.03 0.046 0.156 0.02 0.026 0.036 0.049 0.013 0.019 0.025 0.165 0.064 0.005 0.015 0.035
45 L 0.059 0.025 0.023 0.022 0.016 0.018 0.026 0.031 0.013 0.096 0.211 0.029 0.034 0.112 0.017 0.068 0.044 0.008 0.034 0.113
46 V 0.064 0.025 0.021 0.021 0.018 0.018 0.025 0.027 0.01 0.13 0.167 0.029 0.032 0.036 0.018 0.042 0.088 0.006 0.02 0.203
47 K 0.053 0.156 0.04 0.039 0.008 0.051 0.066 0.04 0.021 0.026 0.043 0.257 0.015 0.016 0.025 0.051 0.038 0.005 0.017 0.032
48 Y 0.038 0.026 0.02 0.018 0.009 0.019 0.026 0.025 0.04 0.047 0.076 0.028 0.02 0.182 0.014 0.029 0.027 0.025 0.282 0.047
49 V 0.065 0.027 0.026 0.025 0.018 0.02 0.029 0.031 0.011 0.108 0.154 0.033 0.03 0.034 0.02 0.054 0.13 0.006 0.019 0.16
50 L 0.103 0.025 0.018 0.02 0.018 0.02 0.025 0.034 0.011 0.14 0.186 0.031 0.062 0.04 0.018 0.04 0.042 0.006 0.021 0.142
51 D 0.04 0.029 0.068 0.409 0.007 0.029 0.09 0.046 0.018 0.022 0.027 0.044 0.009 0.015 0.022 0.051 0.035 0.004 0.011 0.024
52 L 0.047 0.021 0.015 0.016 0.015 0.014 0.02 0.022 0.011 0.147 0.236 0.023 0.038 0.117 0.014 0.026 0.036 0.008 0.034 0.14
53 G 0.117 0.029 0.03 0.029 0.016 0.024 0.033 0.142 0.014 0.06 0.142 0.038 0.053 0.032 0.021 0.086 0.046 0.006 0.018 0.063
54 W 0.036 0.022 0.015 0.015 0.011 0.015 0.021 0.026 0.013 0.098 0.142 0.023 0.026 0.055 0.01 0.023 0.028 0.304 0.049 0.071
55 I 0.049 0.018 0.015 0.017 0.111 0.013 0.018 0.023 0.009 0.203 0.189 0.023 0.035 0.041 0.015 0.027 0.037 0.006 0.019 0.134
56 L 0.054 0.023 0.015 0.016 0.017 0.016 0.021 0.022 0.009 0.132 0.284 0.025 0.042 0.046 0.015 0.027 0.039 0.006 0.021 0.17
57 L 0.046 0.021 0.015 0.015 0.11 0.014 0.019 0.024 0.011 0.089 0.268 0.023 0.037 0.116 0.014 0.027 0.032 0.008 0.033 0.079
58 L 0.045 0.025 0.015 0.016 0.016 0.018 0.021 0.022 0.011 0.11 0.349 0.027 0.074 0.052 0.014 0.026 0.034 0.007 0.022 0.094
59 F 0.055 0.023 0.022 0.021 0.015 0.016 0.024 0.028 0.013 0.1 0.109 0.027 0.026 0.178 0.016 0.041 0.082 0.01 0.046 0.149
60 L 0.095 0.022 0.017 0.019 0.016 0.015 0.023 0.033 0.012 0.158 0.177 0.027 0.033 0.112 0.016 0.036 0.037 0.008 0.033 0.112
61 V 0.07 0.022 0.016 0.018 0.019 0.016 0.023 0.025 0.008 0.165 0.13 0.026 0.032 0.036 0.016 0.033 0.049 0.006 0.021 0.269
62 L 0.042 0.021 0.015 0.016 0.015 0.014 0.019 0.022 0.011 0.137 0.288 0.023 0.041 0.121 0.013 0.024 0.032 0.009 0.035 0.102
63 L 0.05 0.024 0.02 0.02 0.014 0.018 0.022 0.123 0.013 0.081 0.222 0.027 0.062 0.114 0.015 0.032 0.032 0.009 0.033 0.071
64 K 0.104 0.056 0.028 0.029 0.013 0.031 0.044 0.042 0.016 0.064 0.077 0.134 0.021 0.097 0.022 0.049 0.04 0.007 0.032 0.094
65 N 0.076 0.042 0.187 0.066 0.013 0.033 0.051 0.065 0.025 0.026 0.037 0.054 0.013 0.019 0.025 0.147 0.065 0.005 0.017 0.034
66 S 0.082 0.057 0.049 0.048 0.013 0.126 0.077 0.053 0.024 0.028 0.044 0.072 0.018 0.018 0.026 0.14 0.061 0.006 0.019 0.038
67 I 0.078 0.029 0.034 0.033 0.017 0.023 0.035 0.043 0.014 0.152 0.104 0.039 0.026 0.032 0.022 0.124 0.061 0.006 0.019 0.109
68 K 0.064 0.136 0.043 0.041 0.01 0.083 0.068 0.044 0.022 0.026 0.044 0.169 0.016 0.016 0.025 0.088 0.047 0.005 0.018 0.034
69 K 0.06 0.088 0.04 0.039 0.009 0.046 0.061 0.138 0.019 0.025 0.039 0.24 0.014 0.015 0.025 0.052 0.037 0.005 0.016 0.03
70 K 0.056 0.135 0.041 0.039 0.01 0.082 0.066 0.04 0.021 0.031 0.048 0.167 0.017 0.017 0.025 0.059 0.083 0.005 0.018 0.04
71 L 0.053 0.023 0.021 0.021 0.016 0.017 0.023 0.027 0.011 0.135 0.171 0.027 0.032 0.111 0.016 0.039 0.081 0.008 0.033 0.135
72 A 0.107 0.093 0.029 0.028 0.014 0.026 0.036 0.044 0.016 0.088 0.084 0.051 0.022 0.1 0.02 0.082 0.045 0.008 0.032 0.073
73 L 0.053 0.024 0.017 0.02 0.015 0.019 0.025 0.026 0.011 0.137 0.182 0.03 0.061 0.038 0.113 0.032 0.039 0.006 0.02 0.134
74 N 0.11 0.053 0.156 0.056 0.013 0.035 0.051 0.062 0.023 0.029 0.041 0.099 0.014 0.018 0.025 0.102 0.053 0.005 0.016 0.039
75 K 0.051 0.206 0.04 0.037 0.008 0.05 0.062 0.038 0.021 0.025 0.044 0.222 0.015 0.016 0.024 0.049 0.037 0.005 0.017 0.031
76 D 0.05 0.108 0.104 0.121 0.01 0.073 0.066 0.045 0.023 0.029 0.043 0.07 0.015 0.017 0.022 0.062 0.084 0.005 0.016 0.037
77 V 0.112 0.028 0.028 0.027 0.018 0.022 0.031 0.041 0.012 0.119 0.096 0.036 0.025 0.029 0.023 0.064 0.132 0.006 0.018 0.133
78 L 0.108 0.028 0.023 0.024 0.018 0.022 0.03 0.038 0.012 0.094 0.166 0.035 0.059 0.036 0.02 0.053 0.086 0.006 0.02 0.121
79 P 0.057 0.026 0.025 0.029 0.013 0.02 0.032 0.034 0.012 0.083 0.067 0.038 0.017 0.021 0.31 0.049 0.081 0.004 0.015 0.067
80 L 0.094 0.023 0.017 0.019 0.016 0.016 0.023 0.033 0.012 0.123 0.222 0.027 0.035 0.114 0.016 0.036 0.036 0.008 0.034 0.097
81 F 0.057 0.024 0.023 0.023 0.015 0.017 0.026 0.032 0.014 0.086 0.156 0.028 0.029 0.181 0.016 0.068 0.042 0.01 0.047 0.105
82 L 0.068 0.035 0.028 0.028 0.111 0.061 0.042 0.036 0.015 0.075 0.133 0.043 0.026 0.029 0.02 0.077 0.048 0.005 0.018 0.102
83 L 0.046 0.022 0.015 0.016 0.015 0.015 0.02 0.023 0.01 0.141 0.224 0.024 0.036 0.049 0.013 0.025 0.035 0.105 0.03 0.135
84 V 0.062 0.021 0.017 0.02 0.016 0.016 0.024 0.026 0.009 0.159 0.117 0.028 0.028 0.032 0.113 0.033 0.044 0.005 0.019 0.211
85 V 0.106 0.023 0.017 0.019 0.018 0.017 0.025 0.033 0.01 0.153 0.173 0.029 0.033 0.038 0.018 0.039 0.044 0.006 0.02 0.18
86 L 0.103 0.022 0.018 0.019 0.112 0.016 0.023 0.036 0.011 0.085 0.15 0.027 0.028 0.106 0.017 0.041 0.038 0.008 0.032 0.111
87 F 0.032 0.019 0.016 0.016 0.01 0.011 0.019 0.026 0.016 0.056 0.1 0.019 0.023 0.331 0.01 0.024 0.024 0.114 0.083 0.049
88 F 0.037 0.021 0.016 0.016 0.013 0.013 0.019 0.023 0.014 0.083 0.222 0.021 0.034 0.261 0.012 0.024 0.028 0.013 0.061 0.07
89 L 0.101 0.025 0.017 0.018 0.018 0.018 0.024 0.033 0.01 0.109 0.27 0.029 0.039 0.043 0.017 0.037 0.039 0.006 0.021 0.127
90 Y 0.045 0.027 0.025 0.022 0.011 0.02 0.028 0.028 0.033 0.049 0.075 0.031 0.02 0.161 0.017 0.042 0.074 0.021 0.22 0.052
91 T 0.071 0.032 0.037 0.033 0.018 0.025 0.035 0.039 0.012 0.074 0.077 0.041 0.022 0.026 0.025 0.079 0.219 0.006 0.018 0.112
92 L 0.092 0.023 0.017 0.018 0.015 0.016 0.023 0.034 0.013 0.079 0.212 0.026 0.033 0.185 0.016 0.036 0.033 0.01 0.047 0.073
93 V 0.053 0.019 0.016 0.017 0.016 0.014 0.02 0.023 0.01 0.191 0.139 0.023 0.032 0.111 0.014 0.028 0.04 0.008 0.034 0.193
94 V 0.079 0.028 0.033 0.031 0.017 0.022 0.032 0.135 0.012 0.085 0.078 0.036 0.021 0.026 0.021 0.088 0.094 0.005 0.017 0.14
95 Y 0.043 0.036 0.026 0.024 0.009 0.063 0.042 0.028 0.042 0.039 0.063 0.042 0.019 0.105 0.017 0.035 0.03 0.023 0.269 0.044
96 L 0.046 0.02 0.015 0.016 0.11 0.013 0.018 0.024 0.011 0.124 0.223 0.022 0.035 0.114 0.014 0.027 0.033 0.008 0.033 0.094
97 F 0.035 0.02 0.016 0.016 0.011 0.011 0.019 0.024 0.015 0.072 0.167 0.02 0.03 0.33 0.011 0.025 0.026 0.015 0.074 0.062
98 N 0.042 0.044 0.275 0.073 0.009 0.034 0.049 0.059 0.098 0.022 0.032 0.051 0.012 0.02 0.02 0.063 0.044 0.005 0.024 0.026
99 F 0.037 0.024 0.019 0.018 0.01 0.017 0.024 0.025 0.034 0.051 0.085 0.026 0.021 0.237 0.013 0.028 0.026 0.023 0.234 0.049
100 Q 0.053 0.061 0.037 0.04 0.01 0.187 0.084 0.036 0.025 0.078 0.07 0.076 0.023 0.02 0.021 0.049 0.04 0.006 0.02 0.062
101 S 0.108 0.039 0.053 0.048 0.017 0.033 0.051 0.065 0.019 0.029 0.041 0.053 0.015 0.02 0.029 0.235 0.08 0.005 0.017 0.041
102 V 0.063 0.022 0.022 0.023 0.015 0.017 0.025 0.125 0.01 0.13 0.097 0.03 0.023 0.028 0.114 0.036 0.04 0.005 0.017 0.159
103 F 0.089 0.022 0.018 0.019 0.014 0.014 0.023 0.034 0.015 0.068 0.156 0.025 0.028 0.254 0.015 0.036 0.031 0.012 0.06 0.065
104 Y 0.04 0.027 0.021 0.018 0.009 0.021 0.027 0.024 0.046 0.043 0.067 0.031 0.018 0.128 0.015 0.031 0.027 0.027 0.331 0.046
105 Y 0.038 0.026 0.02 0.018 0.009 0.019 0.026 0.025 0.04 0.047 0.076 0.028 0.02 0.182 0.014 0.029 0.027 0.025 0.282 0.047
106 L 0.045 0.021 0.014 0.016 0.016 0.015 0.019 0.021 0.009 0.182 0.298 0.024 0.044 0.05 0.014 0.024 0.035 0.006 0.021 0.126
107 W 0.03 0.022 0.015 0.015 0.007 0.015 0.022 0.03 0.015 0.03 0.052 0.022 0.015 0.059 0.007 0.022 0.022 0.502 0.067 0.03
108 G 0.077 0.022 0.038 0.033 0.011 0.019 0.025 0.52 0.013 0.019 0.028 0.033 0.009 0.016 0.019 0.05 0.029 0.005 0.011 0.024
109 I 0.058 0.022 0.021 0.021 0.015 0.018 0.022 0.122 0.011 0.17 0.136 0.028 0.058 0.037 0.016 0.033 0.039 0.006 0.019 0.149
110 R 0.044 0.358 0.038 0.03 0.008 0.047 0.051 0.032 0.023 0.023 0.046 0.118 0.015 0.017 0.019 0.044 0.034 0.006 0.017 0.03
111 N 0.042 0.044 0.33 0.081 0.009 0.033 0.048 0.064 0.031 0.022 0.031 0.053 0.011 0.018 0.02 0.068 0.048 0.004 0.015 0.026
112 N 0.042 0.044 0.33 0.081 0.009 0.033 0.048 0.064 0.031 0.022 0.031 0.053 0.011 0.018 0.02 0.068 0.048 0.004 0.015 0.026
113 F 0.037 0.021 0.016 0.016 0.013 0.013 0.019 0.023 0.014 0.083 0.222 0.021 0.034 0.261 0.012 0.024 0.028 0.013 0.061 0.07
114 R 0.044 0.358 0.038 0.03 0.008 0.047 0.051 0.032 0.023 0.023 0.046 0.118 0.015 0.017 0.019 0.044 0.034 0.006 0.017 0.03
115 F 0.033 0.019 0.017 0.017 0.01 0.01 0.019 0.025 0.017 0.062 0.112 0.019 0.025 0.399 0.01 0.025 0.025 0.017 0.087 0.054
116 Y 0.038 0.026 0.02 0.018 0.009 0.019 0.026 0.025 0.04 0.047 0.076 0.028 0.02 0.182 0.014 0.029 0.027 0.025 0.282 0.047
117 V 0.061 0.023 0.017 0.018 0.018 0.018 0.023 0.024 0.01 0.174 0.148 0.027 0.061 0.039 0.016 0.031 0.045 0.006 0.021 0.223
118 A 0.25 0.028 0.023 0.027 0.019 0.022 0.035 0.066 0.015 0.046 0.069 0.039 0.019 0.097 0.025 0.072 0.044 0.008 0.031 0.065
119 F 0.033 0.019 0.017 0.017 0.01 0.01 0.019 0.025 0.017 0.062 0.112 0.019 0.025 0.399 0.01 0.025 0.025 0.017 0.087 0.054
120 F 0.093 0.025 0.018 0.019 0.015 0.018 0.025 0.035 0.015 0.076 0.173 0.028 0.059 0.184 0.016 0.038 0.034 0.011 0.047 0.072
121 A 0.252 0.028 0.023 0.027 0.02 0.023 0.035 0.065 0.013 0.091 0.08 0.04 0.021 0.026 0.026 0.072 0.047 0.005 0.018 0.089
122 F 0.039 0.018 0.016 0.016 0.107 0.011 0.018 0.026 0.015 0.058 0.102 0.019 0.023 0.323 0.012 0.028 0.027 0.014 0.072 0.054
123 I 0.102 0.021 0.017 0.02 0.018 0.016 0.023 0.032 0.01 0.212 0.136 0.028 0.031 0.037 0.018 0.038 0.043 0.006 0.02 0.174
124 S 0.075 0.029 0.031 0.03 0.112 0.024 0.033 0.042 0.014 0.097 0.101 0.037 0.052 0.03 0.021 0.114 0.055 0.006 0.018 0.08
125 F 0.039 0.018 0.016 0.016 0.107 0.011 0.018 0.026 0.015 0.058 0.102 0.019 0.023 0.323 0.012 0.028 0.027 0.014 0.072 0.054
126 L 0.043 0.02 0.015 0.016 0.015 0.014 0.019 0.021 0.011 0.172 0.243 0.023 0.039 0.119 0.013 0.024 0.034 0.008 0.034 0.118
127 K 0.05 0.07 0.101 0.058 0.008 0.048 0.11 0.044 0.093 0.024 0.038 0.151 0.014 0.019 0.024 0.054 0.038 0.005 0.024 0.029
128 E 0.065 0.058 0.043 0.071 0.009 0.055 0.21 0.042 0.023 0.024 0.038 0.113 0.014 0.017 0.026 0.09 0.046 0.005 0.017 0.033
129 R 0.047 0.168 0.045 0.129 0.007 0.05 0.163 0.036 0.023 0.022 0.038 0.086 0.013 0.016 0.022 0.049 0.035 0.005 0.016 0.029
130 D 0.06 0.035 0.047 0.11 0.012 0.03 0.052 0.043 0.093 0.034 0.047 0.043 0.015 0.043 0.022 0.09 0.086 0.01 0.087 0.041
131 I 0.154 0.023 0.019 0.022 0.019 0.018 0.027 0.044 0.011 0.163 0.115 0.032 0.027 0.033 0.021 0.05 0.045 0.006 0.019 0.153
132 E 0.047 0.039 0.098 0.136 0.009 0.041 0.156 0.04 0.022 0.04 0.104 0.054 0.019 0.024 0.021 0.05 0.038 0.005 0.016 0.041
133 N 0.062 0.035 0.153 0.052 0.012 0.027 0.039 0.147 0.021 0.041 0.104 0.043 0.019 0.025 0.02 0.089 0.048 0.005 0.016 0.042
134 L 0.095 0.025 0.019 0.02 0.014 0.019 0.026 0.033 0.025 0.105 0.149 0.031 0.028 0.075 0.018 0.039 0.035 0.015 0.144 0.085
135 L 0.04 0.02 0.015 0.016 0.014 0.013 0.019 0.022 0.012 0.127 0.233 0.022 0.037 0.19 0.013 0.024 0.031 0.011 0.048 0.094
136 K 0.05 0.081 0.157 0.057 0.009 0.045 0.061 0.051 0.025 0.025 0.038 0.196 0.014 0.016 0.024 0.059 0.043 0.005 0.016 0.03
137 L 0.042 0.023 0.014 0.015 0.015 0.015 0.02 0.022 0.011 0.103 0.333 0.024 0.044 0.123 0.013 0.024 0.031 0.009 0.035 0.086
138 L 0.04 0.02 0.015 0.016 0.014 0.013 0.019 0.022 0.012 0.127 0.233 0.022 0.037 0.19 0.013 0.024 0.031 0.011 0.048 0.094
139 D 0.04 0.029 0.068 0.409 0.007 0.029 0.09 0.046 0.018 0.022 0.027 0.044 0.009 0.015 0.022 0.051 0.035 0.004 0.011 0.024
140 L 0.055 0.04 0.022 0.022 0.014 0.024 0.032 0.027 0.018 0.101 0.151 0.08 0.029 0.053 0.018 0.034 0.039 0.01 0.082 0.148
141 L 0.044 0.023 0.014 0.015 0.016 0.015 0.019 0.021 0.01 0.148 0.343 0.024 0.046 0.052 0.014 0.024 0.034 0.007 0.022 0.11
142 F 0.034 0.02 0.018 0.017 0.01 0.013 0.02 0.025 0.022 0.058 0.103 0.021 0.024 0.345 0.011 0.026 0.025 0.019 0.136 0.052
143 W 0.03 0.022 0.015 0.015 0.007 0.015 0.022 0.03 0.015 0.03 0.052 0.022 0.015 0.059 0.007 0.022 0.022 0.502 0.067 0.03
144 L 0.045 0.02 0.014 0.016 0.016 0.014 0.018 0.02 0.009 0.216 0.254 0.024 0.041 0.047 0.014 0.024 0.037 0.006 0.021 0.142
145 N 0.042 0.044 0.275 0.073 0.009 0.034 0.049 0.059 0.098 0.022 0.032 0.051 0.012 0.02 0.02 0.063 0.044 0.005 0.024 0.026
146 F 0.092 0.022 0.017 0.019 0.015 0.015 0.023 0.034 0.013 0.113 0.167 0.026 0.03 0.183 0.016 0.036 0.034 0.01 0.047 0.089
147 P 0.106 0.024 0.02 0.025 0.015 0.019 0.03 0.038 0.011 0.108 0.084 0.035 0.021 0.025 0.213 0.045 0.041 0.004 0.017 0.117
148 V 0.064 0.022 0.016 0.017 0.018 0.016 0.022 0.024 0.008 0.152 0.18 0.025 0.035 0.039 0.016 0.031 0.045 0.006 0.021 0.245
149 S 0.092 0.034 0.044 0.039 0.113 0.027 0.042 0.054 0.016 0.037 0.05 0.045 0.016 0.021 0.026 0.167 0.108 0.005 0.016 0.05
150 L 0.046 0.02 0.015 0.016 0.11 0.013 0.018 0.024 0.011 0.124 0.223 0.022 0.035 0.114 0.014 0.027 0.033 0.008 0.033 0.094
151 Y 0.044 0.024 0.019 0.018 0.011 0.018 0.025 0.024 0.032 0.07 0.088 0.027 0.022 0.164 0.014 0.03 0.031 0.021 0.22 0.095
152 Q 0.055 0.072 0.043 0.046 0.009 0.23 0.101 0.04 0.029 0.026 0.046 0.089 0.02 0.014 0.023 0.055 0.04 0.006 0.02 0.035
153 F 0.036 0.022 0.018 0.017 0.01 0.015 0.022 0.025 0.028 0.054 0.094 0.023 0.022 0.291 0.012 0.027 0.026 0.021 0.185 0.051
154 F 0.033 0.019 0.017 0.017 0.01 0.01 0.019 0.025 0.017 0.062 0.112 0.019 0.025 0.399 0.01 0.025 0.025 0.017 0.087 0.054
155 V 0.064 0.021 0.016 0.017 0.018 0.016 0.022 0.023 0.008 0.186 0.135 0.025 0.032 0.037 0.016 0.031 0.047 0.005 0.02 0.261
156 L 0.045 0.025 0.015 0.016 0.016 0.018 0.021 0.022 0.011 0.11 0.349 0.027 0.074 0.052 0.014 0.026 0.034 0.007 0.022 0.094
157 G 0.122 0.024 0.036 0.032 0.013 0.02 0.028 0.431 0.013 0.023 0.034 0.035 0.011 0.017 0.021 0.057 0.033 0.005 0.012 0.033
158 V 0.055 0.037 0.022 0.022 0.109 0.023 0.031 0.029 0.018 0.112 0.093 0.078 0.023 0.048 0.018 0.036 0.038 0.01 0.08 0.118
159 D 0.102 0.062 0.044 0.114 0.011 0.113 0.08 0.049 0.022 0.029 0.044 0.112 0.016 0.016 0.025 0.059 0.041 0.005 0.017 0.039
160 Q 0.054 0.052 0.037 0.037 0.009 0.145 0.07 0.134 0.023 0.025 0.044 0.065 0.017 0.024 0.019 0.047 0.035 0.105 0.028 0.031
161 D 0.04 0.029 0.068 0.409 0.007 0.029 0.09 0.046 0.018 0.022 0.027 0.044 0.009 0.015 0.022 0.051 0.035 0.004 0.011 0.024
162 Y 0.039 0.029 0.027 0.022 0.009 0.022 0.031 0.027 0.104 0.043 0.07 0.031 0.019 0.163 0.015 0.032 0.027 0.021 0.227 0.043
163 L 0.044 0.024 0.014 0.015 0.016 0.016 0.02 0.021 0.01 0.113 0.388 0.025 0.049 0.054 0.014 0.024 0.033 0.007 0.022 0.094
164 G 0.077 0.022 0.038 0.033 0.011 0.019 0.025 0.52 0.013 0.019 0.028 0.033 0.009 0.016 0.019 0.05 0.029 0.005 0.011 0.024
165 G 0.077 0.022 0.038 0.033 0.011 0.019 0.025 0.52 0.013 0.019 0.028 0.033 0.009 0.016 0.019 0.05 0.029 0.005 0.011 0.024
166 L 0.048 0.02 0.015 0.017 0.015 0.014 0.019 0.022 0.01 0.181 0.191 0.023 0.035 0.115 0.014 0.026 0.037 0.008 0.034 0.156
167 F 0.033 0.019 0.017 0.017 0.01 0.01 0.019 0.025 0.017 0.062 0.112 0.019 0.025 0.399 0.01 0.025 0.025 0.017 0.087 0.054
168 G 0.077 0.022 0.038 0.033 0.011 0.019 0.025 0.52 0.013 0.019 0.028 0.033 0.009 0.016 0.019 0.05 0.029 0.005 0.011 0.024
169 V 0.065 0.023 0.021 0.021 0.018 0.018 0.025 0.027 0.009 0.164 0.122 0.029 0.03 0.034 0.018 0.042 0.089 0.006 0.02 0.219
170 E 0.054 0.043 0.035 0.054 0.008 0.078 0.154 0.132 0.022 0.024 0.04 0.059 0.014 0.024 0.02 0.047 0.033 0.105 0.026 0.03
171 K 0.061 0.125 0.04 0.036 0.011 0.04 0.051 0.136 0.018 0.03 0.044 0.156 0.015 0.017 0.024 0.058 0.08 0.005 0.016 0.038
172 G 0.075 0.022 0.034 0.03 0.012 0.018 0.025 0.421 0.012 0.047 0.048 0.032 0.014 0.02 0.018 0.047 0.033 0.005 0.013 0.076
173 C 0.065 0.02 0.021 0.02 0.399 0.015 0.021 0.034 0.009 0.046 0.064 0.025 0.017 0.021 0.018 0.05 0.081 0.004 0.013 0.059
174 N 0.042 0.044 0.33 0.081 0.009 0.033 0.048 0.064 0.031 0.022 0.031 0.053 0.011 0.018 0.02 0.068 0.048 0.004 0.015 0.026
175 G 0.128 0.027 0.039 0.035 0.014 0.023 0.033 0.34 0.015 0.025 0.037 0.039 0.012 0.018 0.023 0.094 0.043 0.005 0.013 0.036
176 Y 0.04 0.027 0.021 0.018 0.009 0.021 0.027 0.024 0.046 0.043 0.067 0.031 0.018 0.128 0.015 0.031 0.027 0.027 0.331 0.046
177 T 0.065 0.03 0.032 0.029 0.017 0.023 0.032 0.035 0.012 0.086 0.141 0.037 0.028 0.032 0.022 0.066 0.173 0.006 0.019 0.117
178 N 0.056 0.034 0.148 0.049 0.013 0.026 0.037 0.047 0.02 0.094 0.131 0.041 0.024 0.031 0.019 0.084 0.05 0.005 0.018 0.072
179 V 0.06 0.02 0.015 0.017 0.018 0.015 0.021 0.023 0.008 0.211 0.142 0.025 0.033 0.038 0.015 0.029 0.045 0.006 0.02 0.239
180 F 0.035 0.02 0.016 0.016 0.011 0.011 0.019 0.024 0.015 0.072 0.167 0.02 0.03 0.33 0.011 0.025 0.026 0.015 0.074 0.062
181 L 0.041 0.023 0.016 0.017 0.014 0.016 0.021 0.024 0.014 0.09 0.238 0.024 0.065 0.19 0.013 0.027 0.031 0.011 0.048 0.077
182 L 0.103 0.025 0.018 0.02 0.018 0.02 0.025 0.034 0.011 0.14 0.186 0.031 0.062 0.04 0.018 0.04 0.042 0.006 0.021 0.142
183 L 0.045 0.02 0.014 0.016 0.016 0.014 0.018 0.02 0.009 0.216 0.254 0.024 0.041 0.047 0.014 0.024 0.037 0.006 0.021 0.142
184 I 0.052 0.021 0.016 0.018 0.016 0.017 0.02 0.022 0.01 0.223 0.163 0.026 0.063 0.042 0.015 0.028 0.041 0.006 0.021 0.179
185 I 0.055 0.019 0.015 0.017 0.017 0.014 0.02 0.022 0.008 0.236 0.15 0.024 0.034 0.04 0.015 0.028 0.043 0.006 0.02 0.217
186 L 0.068 0.03 0.033 0.031 0.017 0.023 0.033 0.038 0.013 0.106 0.144 0.038 0.028 0.033 0.022 0.093 0.135 0.006 0.019 0.09
187 K 0.053 0.089 0.037 0.036 0.009 0.046 0.061 0.039 0.025 0.03 0.047 0.24 0.016 0.038 0.025 0.048 0.037 0.01 0.08 0.035
188 S 0.101 0.038 0.051 0.046 0.017 0.031 0.049 0.061 0.018 0.034 0.046 0.051 0.016 0.021 0.029 0.206 0.117 0.005 0.017 0.047
189 L 0.096 0.024 0.016 0.018 0.017 0.017 0.023 0.032 0.011 0.133 0.277 0.028 0.04 0.045 0.017 0.036 0.037 0.006 0.021 0.105
190 L 0.049 0.023 0.014 0.015 0.016 0.016 0.02 0.022 0.01 0.123 0.336 0.025 0.045 0.05 0.014 0.026 0.036 0.007 0.022 0.132
191 R 0.06 0.163 0.095 0.041 0.107 0.034 0.044 0.045 0.021 0.028 0.045 0.072 0.015 0.018 0.021 0.086 0.047 0.005 0.016 0.037
192 Y 0.045 0.027 0.025 0.022 0.011 0.02 0.028 0.028 0.033 0.049 0.075 0.031 0.02 0.161 0.017 0.042 0.074 0.021 0.22 0.052
193 L 0.042 0.025 0.017 0.017 0.014 0.018 0.022 0.025 0.015 0.087 0.2 0.027 0.091 0.189 0.013 0.029 0.032 0.011 0.049 0.077
194 N 0.044 0.042 0.21 0.07 0.009 0.037 0.097 0.05 0.033 0.026 0.039 0.053 0.013 0.039 0.02 0.058 0.042 0.009 0.079 0.031
195 G 0.115 0.028 0.094 0.042 0.012 0.023 0.033 0.34 0.017 0.024 0.034 0.039 0.011 0.017 0.021 0.061 0.037 0.005 0.013 0.033
196 E 0.05 0.114 0.098 0.067 0.008 0.087 0.164 0.041 0.027 0.023 0.039 0.082 0.014 0.016 0.022 0.055 0.039 0.005 0.017 0.031
197 E 0.054 0.049 0.04 0.088 0.007 0.063 0.31 0.034 0.025 0.022 0.036 0.074 0.013 0.016 0.025 0.054 0.036 0.005 0.016 0.031
198 K 0.056 0.079 0.099 0.048 0.01 0.043 0.059 0.047 0.021 0.031 0.044 0.195 0.015 0.017 0.026 0.063 0.085 0.005 0.017 0.039
199 L 0.057 0.026 0.022 0.023 0.016 0.019 0.027 0.029 0.011 0.093 0.201 0.032 0.032 0.036 0.115 0.043 0.082 0.006 0.019 0.114
200 F 0.059 0.025 0.028 0.026 0.013 0.018 0.027 0.131 0.015 0.057 0.136 0.03 0.025 0.178 0.016 0.072 0.038 0.01 0.045 0.053
201 A 0.151 0.025 0.02 0.024 0.017 0.02 0.03 0.046 0.012 0.102 0.141 0.035 0.026 0.03 0.118 0.052 0.041 0.005 0.018 0.087
202 C 0.058 0.017 0.016 0.016 0.397 0.012 0.017 0.03 0.01 0.047 0.073 0.02 0.018 0.096 0.015 0.037 0.034 0.007 0.027 0.055
203 L 0.045 0.021 0.014 0.016 0.016 0.015 0.019 0.021 0.009 0.182 0.298 0.024 0.044 0.05 0.014 0.024 0.035 0.006 0.021 0.126
204 L 0.044 0.024 0.014 0.015 0.016 0.016 0.02 0.021 0.01 0.113 0.388 0.025 0.049 0.054 0.014 0.024 0.033 0.007 0.022 0.094
205 K 0.053 0.156 0.04 0.039 0.008 0.051 0.066 0.04 0.021 0.026 0.043 0.257 0.015 0.016 0.025 0.051 0.038 0.005 0.017 0.032
206 C 0.081 0.025 0.031 0.029 0.303 0.02 0.03 0.045 0.012 0.038 0.055 0.033 0.016 0.02 0.021 0.118 0.054 0.004 0.014 0.05
207 G 0.168 0.026 0.033 0.031 0.015 0.021 0.031 0.343 0.014 0.028 0.04 0.037 0.012 0.018 0.023 0.064 0.037 0.005 0.013 0.041
208 A 0.158 0.028 0.025 0.025 0.019 0.022 0.032 0.048 0.012 0.082 0.139 0.036 0.027 0.031 0.023 0.063 0.088 0.006 0.019 0.116
209 A 0.186 0.036 0.042 0.04 0.019 0.03 0.047 0.07 0.017 0.034 0.048 0.049 0.016 0.021 0.029 0.174 0.068 0.005 0.017 0.052
210 L 0.046 0.024 0.015 0.016 0.016 0.018 0.021 0.022 0.011 0.145 0.304 0.027 0.072 0.05 0.014 0.026 0.035 0.007 0.022 0.109
211 L 0.048 0.02 0.015 0.017 0.015 0.014 0.019 0.022 0.01 0.181 0.191 0.023 0.035 0.115 0.014 0.026 0.037 0.008 0.034 0.156
212 L 0.05 0.021 0.015 0.016 0.016 0.015 0.019 0.021 0.009 0.192 0.246 0.024 0.04 0.046 0.015 0.026 0.038 0.006 0.021 0.164
213 A 0.265 0.032 0.031 0.033 0.02 0.027 0.042 0.074 0.015 0.04 0.055 0.046 0.017 0.021 0.029 0.114 0.055 0.005 0.017 0.062
214 A 0.304 0.03 0.025 0.029 0.021 0.025 0.04 0.077 0.015 0.042 0.058 0.044 0.017 0.021 0.029 0.083 0.049 0.005 0.017 0.067
215 L 0.047 0.027 0.016 0.017 0.016 0.021 0.023 0.024 0.012 0.107 0.31 0.029 0.1 0.051 0.015 0.028 0.035 0.007 0.023 0.093
216 A 0.304 0.03 0.025 0.029 0.021 0.025 0.04 0.077 0.015 0.042 0.058 0.044 0.017 0.021 0.029 0.083 0.049 0.005 0.017 0.067
217 E 0.054 0.049 0.04 0.088 0.007 0.063 0.31 0.034 0.025 0.022 0.036 0.074 0.013 0.016 0.025 0.054 0.036 0.005 0.016 0.031
218 L 0.045 0.025 0.015 0.016 0.016 0.018 0.021 0.022 0.011 0.11 0.349 0.027 0.074 0.052 0.014 0.026 0.034 0.007 0.022 0.094
219 K 0.056 0.105 0.041 0.041 0.008 0.052 0.069 0.042 0.02 0.027 0.042 0.292 0.015 0.015 0.027 0.052 0.039 0.005 0.017 0.032
220 F 0.044 0.022 0.017 0.017 0.013 0.015 0.021 0.025 0.015 0.089 0.131 0.023 0.057 0.256 0.013 0.028 0.033 0.013 0.061 0.107
221 F 0.036 0.022 0.018 0.017 0.01 0.015 0.022 0.025 0.028 0.054 0.094 0.023 0.022 0.291 0.012 0.027 0.026 0.021 0.185 0.051
222 F 0.033 0.019 0.017 0.017 0.01 0.01 0.019 0.025 0.017 0.062 0.112 0.019 0.025 0.399 0.01 0.025 0.025 0.017 0.087 0.054
223 V 0.06 0.02 0.015 0.017 0.018 0.015 0.021 0.023 0.008 0.211 0.142 0.025 0.033 0.038 0.015 0.029 0.045 0.006 0.02 0.239
224 L 0.054 0.035 0.026 0.046 0.013 0.037 0.138 0.028 0.017 0.083 0.156 0.047 0.056 0.034 0.019 0.04 0.039 0.006 0.02 0.106
225 F 0.038 0.023 0.018 0.018 0.011 0.016 0.022 0.025 0.022 0.066 0.119 0.024 0.054 0.274 0.012 0.028 0.028 0.017 0.123 0.06
226 V 0.064 0.021 0.016 0.017 0.018 0.016 0.022 0.023 0.008 0.186 0.135 0.025 0.032 0.037 0.016 0.031 0.047 0.005 0.02 0.261
227 I 0.05 0.019 0.015 0.017 0.016 0.014 0.019 0.021 0.009 0.226 0.202 0.024 0.038 0.044 0.015 0.026 0.04 0.006 0.021 0.179
228 L 0.051 0.022 0.016 0.017 0.016 0.017 0.021 0.023 0.01 0.189 0.208 0.026 0.066 0.045 0.015 0.028 0.04 0.006 0.021 0.163
229 L 0.056 0.023 0.016 0.017 0.017 0.018 0.022 0.023 0.01 0.164 0.2 0.027 0.065 0.043 0.015 0.03 0.042 0.006 0.021 0.185
230 L 0.101 0.023 0.017 0.019 0.018 0.017 0.024 0.033 0.01 0.143 0.225 0.028 0.036 0.041 0.018 0.038 0.04 0.006 0.02 0.143
231 L 0.049 0.021 0.019 0.019 0.014 0.015 0.02 0.121 0.012 0.118 0.216 0.025 0.033 0.113 0.014 0.029 0.032 0.008 0.032 0.088
232 A 0.179 0.035 0.04 0.038 0.019 0.028 0.044 0.065 0.016 0.039 0.052 0.048 0.017 0.021 0.029 0.146 0.104 0.005 0.017 0.057
233 L 0.112 0.031 0.026 0.026 0.017 0.026 0.033 0.044 0.015 0.076 0.175 0.038 0.087 0.038 0.021 0.083 0.048 0.007 0.021 0.077
234 L 0.044 0.022 0.016 0.017 0.015 0.016 0.02 0.023 0.012 0.169 0.204 0.025 0.065 0.117 0.014 0.027 0.035 0.009 0.035 0.117
235 L 0.044 0.023 0.016 0.017 0.015 0.017 0.021 0.023 0.012 0.134 0.249 0.025 0.067 0.119 0.014 0.026 0.034 0.009 0.035 0.101
236 T 0.072 0.035 0.043 0.037 0.017 0.027 0.039 0.043 0.014 0.052 0.064 0.045 0.019 0.023 0.027 0.091 0.261 0.006 0.017 0.07
237 K 0.064 0.142 0.043 0.04 0.01 0.047 0.062 0.045 0.021 0.027 0.043 0.21 0.015 0.017 0.026 0.087 0.046 0.005 0.017 0.034
238 F 0.033 0.019 0.017 0.017 0.01 0.01 0.019 0.025 0.017 0.062 0.112 0.019 0.025 0.399 0.01 0.025 0.025 0.017 0.087 0.054
239 S 0.101 0.038 0.051 0.046 0.017 0.031 0.049 0.061 0.018 0.034 0.046 0.051 0.016 0.021 0.029 0.206 0.117 0.005 0.017 0.047
240 F 0.037 0.087 0.02 0.019 0.01 0.019 0.026 0.026 0.016 0.092 0.097 0.04 0.023 0.184 0.012 0.028 0.029 0.109 0.056 0.068
241 K 0.051 0.206 0.04 0.037 0.008 0.05 0.062 0.038 0.021 0.025 0.044 0.222 0.015 0.016 0.024 0.049 0.037 0.005 0.017 0.031
242 K 0.056 0.105 0.041 0.041 0.008 0.052 0.069 0.042 0.02 0.027 0.042 0.292 0.015 0.015 0.027 0.052 0.039 0.005 0.017 0.032
243 F 0.05 0.023 0.021 0.02 0.015 0.016 0.024 0.027 0.013 0.09 0.161 0.026 0.03 0.182 0.016 0.039 0.078 0.01 0.047 0.111
244 V 0.061 0.021 0.02 0.02 0.016 0.016 0.022 0.122 0.01 0.148 0.167 0.026 0.031 0.037 0.016 0.033 0.04 0.006 0.019 0.172
245 L 0.049 0.023 0.016 0.017 0.015 0.017 0.021 0.024 0.012 0.144 0.197 0.026 0.064 0.116 0.014 0.028 0.037 0.009 0.035 0.139
246 L 0.055 0.024 0.02 0.02 0.017 0.018 0.024 0.026 0.01 0.145 0.226 0.029 0.037 0.042 0.017 0.039 0.083 0.006 0.02 0.143
247 I 0.054 0.018 0.015 0.017 0.112 0.013 0.018 0.023 0.008 0.212 0.137 0.023 0.031 0.037 0.015 0.029 0.04 0.005 0.019 0.172
248 L 0.114 0.026 0.025 0.025 0.018 0.021 0.03 0.041 0.012 0.126 0.156 0.034 0.03 0.035 0.021 0.08 0.05 0.006 0.019 0.132
249 A 0.157 0.025 0.024 0.025 0.016 0.019 0.029 0.144 0.013 0.065 0.077 0.033 0.02 0.098 0.021 0.055 0.04 0.008 0.03 0.099
250 G 0.128 0.03 0.037 0.035 0.016 0.024 0.037 0.149 0.015 0.081 0.067 0.041 0.019 0.024 0.024 0.126 0.056 0.005 0.016 0.069
251 V 0.064 0.022 0.016 0.017 0.018 0.016 0.022 0.024 0.008 0.152 0.18 0.025 0.035 0.039 0.016 0.031 0.045 0.006 0.021 0.245
252 C 0.06 0.022 0.021 0.02 0.206 0.017 0.021 0.126 0.011 0.064 0.147 0.027 0.053 0.031 0.016 0.038 0.035 0.006 0.016 0.064
253 L 0.056 0.023 0.016 0.017 0.017 0.018 0.022 0.023 0.01 0.164 0.2 0.027 0.065 0.043 0.015 0.03 0.042 0.006 0.021 0.185
254 L 0.06 0.029 0.024 0.024 0.016 0.023 0.029 0.032 0.014 0.125 0.196 0.034 0.091 0.042 0.018 0.071 0.046 0.007 0.021 0.098
255 L 0.095 0.022 0.017 0.019 0.016 0.015 0.023 0.033 0.012 0.158 0.177 0.027 0.033 0.112 0.016 0.036 0.037 0.008 0.033 0.112
256 G 0.168 0.026 0.033 0.031 0.015 0.021 0.031 0.343 0.014 0.028 0.04 0.037 0.012 0.018 0.023 0.064 0.037 0.005 0.013 0.041
257 Y 0.062 0.027 0.03 0.027 0.012 0.021 0.03 0.131 0.026 0.084 0.074 0.034 0.019 0.067 0.019 0.074 0.041 0.014 0.142 0.066
258 L 0.066 0.044 0.038 0.047 0.013 0.074 0.104 0.041 0.019 0.048 0.115 0.057 0.023 0.026 0.024 0.092 0.09 0.006 0.019 0.054
259 L 0.055 0.024 0.02 0.02 0.017 0.018 0.024 0.026 0.01 0.145 0.226 0.029 0.037 0.042 0.017 0.039 0.083 0.006 0.02 0.143
260 L 0.044 0.024 0.014 0.015 0.016 0.016 0.02 0.021 0.01 0.113 0.388 0.025 0.049 0.054 0.014 0.024 0.033 0.007 0.022 0.094
261 I 0.056 0.022 0.02 0.021 0.017 0.016 0.023 0.025 0.009 0.214 0.137 0.028 0.032 0.038 0.017 0.039 0.085 0.006 0.02 0.175
262 F 0.051 0.026 0.026 0.024 0.011 0.019 0.029 0.033 0.029 0.048 0.08 0.03 0.02 0.215 0.016 0.069 0.037 0.019 0.171 0.048
263 L 0.052 0.022 0.015 0.016 0.016 0.015 0.021 0.023 0.01 0.122 0.229 0.024 0.037 0.115 0.014 0.027 0.037 0.008 0.034 0.162
264 F 0.033 0.019 0.017 0.017 0.01 0.01 0.019 0.025 0.017 0.062 0.112 0.019 0.025 0.399 0.01 0.025 0.025 0.017 0.087 0.054
265 P 0.056 0.03 0.038 0.118 0.009 0.03 0.099 0.134 0.016 0.023 0.032 0.046 0.01 0.014 0.215 0.048 0.034 0.004 0.013 0.028
266 D 0.072 0.038 0.047 0.123 0.013 0.037 0.106 0.048 0.019 0.04 0.068 0.052 0.046 0.024 0.024 0.122 0.054 0.005 0.017 0.045
267 F 0.036 0.025 0.08 0.03 0.01 0.017 0.026 0.033 0.025 0.05 0.087 0.028 0.021 0.269 0.013 0.035 0.03 0.016 0.122 0.047
268 D 0.046 0.036 0.046 0.202 0.009 0.04 0.164 0.036 0.019 0.04 0.103 0.052 0.018 0.023 0.022 0.047 0.035 0.005 0.015 0.041
269 D 0.051 0.035 0.109 0.204 0.008 0.035 0.113 0.142 0.021 0.021 0.03 0.05 0.01 0.016 0.022 0.055 0.037 0.004 0.013 0.026
270 F 0.032 0.02 0.016 0.016 0.01 0.012 0.02 0.026 0.016 0.054 0.097 0.02 0.023 0.312 0.01 0.024 0.024 0.137 0.082 0.048
271 F 0.037 0.021 0.016 0.016 0.013 0.013 0.019 0.023 0.014 0.083 0.222 0.021 0.034 0.261 0.012 0.024 0.028 0.013 0.061 0.07
272 S 0.101 0.038 0.051 0.046 0.017 0.031 0.049 0.061 0.018 0.034 0.046 0.051 0.016 0.021 0.029 0.206 0.117 0.005 0.017 0.047
273 L 0.04 0.02 0.015 0.016 0.014 0.013 0.019 0.022 0.012 0.127 0.233 0.022 0.037 0.19 0.013 0.024 0.031 0.011 0.048 0.094
274 E 0.052 0.061 0.046 0.135 0.008 0.088 0.176 0.039 0.024 0.024 0.038 0.115 0.014 0.015 0.025 0.053 0.037 0.005 0.016 0.03
275 R 0.055 0.165 0.096 0.042 0.01 0.036 0.046 0.044 0.028 0.028 0.046 0.074 0.015 0.04 0.02 0.084 0.045 0.01 0.08 0.035
276 L 0.047 0.021 0.015 0.017 0.016 0.017 0.02 0.022 0.01 0.213 0.215 0.026 0.067 0.046 0.015 0.027 0.038 0.006 0.021 0.141
277 W 0.036 0.021 0.015 0.016 0.011 0.014 0.02 0.025 0.013 0.104 0.154 0.022 0.028 0.123 0.011 0.024 0.028 0.207 0.053 0.076
278 E 0.05 0.121 0.098 0.066 0.008 0.052 0.158 0.041 0.025 0.023 0.038 0.122 0.013 0.016 0.023 0.055 0.039 0.005 0.016 0.03
279 L 0.058 0.041 0.091 0.041 0.013 0.065 0.048 0.042 0.02 0.061 0.179 0.049 0.029 0.032 0.02 0.081 0.047 0.006 0.019 0.058
280 A 0.205 0.03 0.026 0.028 0.019 0.024 0.036 0.059 0.013 0.058 0.125 0.04 0.024 0.028 0.026 0.073 0.088 0.006 0.018 0.073
281 T 0.064 0.032 0.037 0.033 0.016 0.024 0.035 0.039 0.014 0.054 0.073 0.039 0.02 0.098 0.024 0.078 0.214 0.008 0.031 0.066
282 S 0.11 0.04 0.054 0.049 0.018 0.033 0.052 0.066 0.019 0.03 0.042 0.054 0.016 0.021 0.03 0.22 0.082 0.005 0.018 0.042
283 K 0.076 0.072 0.046 0.045 0.012 0.08 0.068 0.051 0.021 0.028 0.043 0.156 0.016 0.017 0.027 0.126 0.056 0.005 0.018 0.036
284 A 0.156 0.032 0.039 0.118 0.014 0.032 0.101 0.151 0.017 0.029 0.042 0.048 0.013 0.018 0.025 0.064 0.04 0.005 0.014 0.043
285 G 0.056 0.036 0.158 0.053 0.009 0.028 0.04 0.241 0.091 0.021 0.031 0.043 0.011 0.019 0.019 0.056 0.036 0.005 0.022 0.025
286 Y 0.04 0.027 0.021 0.018 0.009 0.021 0.027 0.024 0.046 0.043 0.067 0.031 0.018 0.128 0.015 0.031 0.027 0.027 0.331 0.046
287 T 0.125 0.035 0.041 0.037 0.018 0.028 0.041 0.054 0.015 0.046 0.058 0.046 0.018 0.022 0.028 0.118 0.183 0.006 0.017 0.063
288 S 0.087 0.036 0.045 0.04 0.016 0.029 0.044 0.052 0.023 0.036 0.051 0.047 0.017 0.043 0.026 0.165 0.106 0.01 0.08 0.048
289 A 0.18 0.032 0.039 0.037 0.017 0.027 0.041 0.161 0.016 0.032 0.045 0.045 0.015 0.02 0.027 0.137 0.058 0.005 0.016 0.048
290 E 0.052 0.059 0.098 0.077 0.008 0.055 0.21 0.042 0.025 0.023 0.036 0.113 0.013 0.016 0.025 0.057 0.039 0.005 0.016 0.03
291 D 0.093 0.03 0.059 0.333 0.01 0.028 0.08 0.052 0.018 0.026 0.034 0.044 0.011 0.016 0.023 0.058 0.038 0.004 0.012 0.033
292 L 0.044 0.023 0.014 0.015 0.016 0.015 0.019 0.021 0.01 0.148 0.343 0.024 0.046 0.052 0.014 0.024 0.034 0.007 0.022 0.11
293 G 0.056 0.035 0.214 0.062 0.01 0.027 0.039 0.246 0.024 0.021 0.03 0.045 0.01 0.017 0.019 0.061 0.041 0.005 0.013 0.025
294 R 0.044 0.358 0.038 0.03 0.008 0.047 0.051 0.032 0.023 0.023 0.046 0.118 0.015 0.017 0.019 0.044 0.034 0.006 0.017 0.03
295 L 0.039 0.022 0.015 0.016 0.014 0.014 0.019 0.022 0.013 0.093 0.277 0.022 0.039 0.192 0.013 0.024 0.03 0.011 0.048 0.078
296 T 0.079 0.036 0.045 0.039 0.017 0.028 0.041 0.047 0.015 0.048 0.059 0.046 0.019 0.023 0.027 0.12 0.225 0.006 0.017 0.064
297 A 0.21 0.029 0.027 0.028 0.02 0.024 0.036 0.059 0.013 0.068 0.073 0.04 0.02 0.024 0.026 0.075 0.091 0.005 0.018 0.111
298 I 0.051 0.018 0.015 0.017 0.016 0.014 0.018 0.021 0.009 0.261 0.157 0.024 0.035 0.042 0.015 0.026 0.041 0.006 0.02 0.195
299 P 0.062 0.027 0.028 0.031 0.012 0.021 0.035 0.039 0.015 0.033 0.052 0.039 0.014 0.091 0.31 0.078 0.042 0.006 0.028 0.037
300 V 0.059 0.034 0.027 0.027 0.015 0.06 0.041 0.031 0.015 0.093 0.095 0.041 0.025 0.101 0.019 0.047 0.085 0.008 0.033 0.145
301 I 0.097 0.021 0.016 0.019 0.017 0.016 0.022 0.032 0.01 0.202 0.188 0.028 0.035 0.041 0.017 0.036 0.04 0.006 0.02 0.136
302 L 0.114 0.028 0.026 0.026 0.113 0.023 0.031 0.044 0.013 0.065 0.149 0.035 0.055 0.032 0.021 0.084 0.047 0.006 0.018 0.07
303 K 0.05 0.078 0.104 0.123 0.008 0.044 0.069 0.047 0.022 0.025 0.037 0.195 0.013 0.016 0.025 0.055 0.04 0.005 0.015 0.029
304 N 0.061 0.104 0.159 0.056 0.012 0.035 0.048 0.054 0.023 0.03 0.042 0.064 0.014 0.019 0.023 0.101 0.095 0.005 0.016 0.039
305 F 0.038 0.022 0.018 0.017 0.011 0.015 0.022 0.024 0.027 0.099 0.105 0.024 0.025 0.22 0.013 0.027 0.029 0.019 0.171 0.075
306 L 0.044 0.023 0.014 0.015 0.016 0.015 0.019 0.021 0.01 0.148 0.343 0.024 0.046 0.052 0.014 0.024 0.034 0.007 0.022 0.11
307 T 0.068 0.033 0.039 0.035 0.016 0.026 0.038 0.041 0.013 0.047 0.058 0.044 0.017 0.021 0.122 0.081 0.216 0.005 0.016 0.062
308 N 0.061 0.041 0.162 0.057 0.012 0.033 0.048 0.055 0.092 0.03 0.041 0.05 0.014 0.022 0.023 0.101 0.093 0.005 0.024 0.037
309 G 0.047 0.027 0.085 0.035 0.009 0.019 0.03 0.135 0.018 0.032 0.052 0.033 0.014 0.101 0.112 0.042 0.032 0.106 0.039 0.033
310 L 0.06 0.027 0.028 0.027 0.015 0.02 0.029 0.035 0.013 0.108 0.154 0.033 0.029 0.108 0.019 0.08 0.088 0.008 0.033 0.086
311 D 0.046 0.046 0.058 0.264 0.008 0.11 0.094 0.044 0.023 0.024 0.035 0.062 0.014 0.015 0.022 0.053 0.037 0.004 0.015 0.028
312 R 0.051 0.193 0.041 0.039 0.008 0.122 0.075 0.038 0.025 0.025 0.045 0.141 0.017 0.016 0.022 0.05 0.038 0.006 0.018 0.032
313 L 0.103 0.029 0.023 0.023 0.017 0.022 0.029 0.038 0.013 0.084 0.218 0.035 0.062 0.04 0.02 0.051 0.083 0.007 0.02 0.083
314 F 0.036 0.018 0.016 0.017 0.011 0.011 0.018 0.024 0.015 0.107 0.122 0.02 0.027 0.328 0.011 0.025 0.028 0.014 0.074 0.078
315 G 0.077 0.022 0.038 0.033 0.011 0.019 0.025 0.52 0.013 0.019 0.028 0.033 0.009 0.016 0.019 0.05 0.029 0.005 0.011 0.024
316 L 0.048 0.028 0.017 0.018 0.016 0.023 0.024 0.025 0.013 0.104 0.271 0.031 0.126 0.05 0.015 0.031 0.037 0.007 0.023 0.092
317 G 0.077 0.022 0.038 0.033 0.011 0.019 0.025 0.52 0.013 0.019 0.028 0.033 0.009 0.016 0.019 0.05 0.029 0.005 0.011 0.024
318 L 0.044 0.024 0.014 0.015 0.016 0.016 0.02 0.021 0.01 0.113 0.388 0.025 0.049 0.054 0.014 0.024 0.033 0.007 0.022 0.094
319 G 0.077 0.022 0.038 0.033 0.011 0.019 0.025 0.52 0.013 0.019 0.028 0.033 0.009 0.016 0.019 0.05 0.029 0.005 0.011 0.024
320 N 0.042 0.044 0.33 0.081 0.009 0.033 0.048 0.064 0.031 0.022 0.031 0.053 0.011 0.018 0.02 0.068 0.048 0.004 0.015 0.026
