#Seq2Logo.py -f /work3/idamei/ssn-clusterings/2206011120/clusters/0016_36/sequences.afa -m 0.0001 -b 50 -o /work3/idamei/ssn-clusterings/2206011120/clusters/0016_36/sequences.logo -p 640x1000 -l 30
#Position Specific Frequency Matrix
A R N D C Q E G H I L K M F P S T W Y V
0 M 0.043 0.026 0.016 0.016 0.013 0.023 0.023 0.023 0.013 0.082 0.161 0.03 0.312 0.04 0.013 0.03 0.033 0.007 0.02 0.076
1 R 0.045 0.338 0.039 0.031 0.008 0.049 0.053 0.033 0.024 0.024 0.047 0.121 0.016 0.018 0.02 0.045 0.035 0.006 0.018 0.031
2 S 0.111 0.041 0.055 0.049 0.018 0.034 0.053 0.067 0.019 0.03 0.042 0.055 0.016 0.021 0.03 0.212 0.083 0.005 0.018 0.042
3 P 0.057 0.026 0.024 0.031 0.01 0.021 0.037 0.037 0.013 0.026 0.037 0.042 0.01 0.013 0.488 0.044 0.037 0.003 0.013 0.031
4 T 0.074 0.036 0.044 0.038 0.018 0.028 0.04 0.044 0.014 0.054 0.066 0.046 0.02 0.024 0.028 0.094 0.239 0.006 0.018 0.072
5 G 0.079 0.023 0.039 0.034 0.011 0.019 0.026 0.505 0.014 0.019 0.029 0.034 0.009 0.016 0.019 0.052 0.03 0.005 0.011 0.025
6 Q 0.056 0.074 0.045 0.048 0.009 0.207 0.104 0.042 0.03 0.027 0.048 0.092 0.021 0.015 0.024 0.056 0.042 0.006 0.021 0.036
7 L 0.045 0.025 0.014 0.015 0.016 0.016 0.02 0.022 0.01 0.117 0.369 0.026 0.05 0.055 0.014 0.025 0.034 0.007 0.023 0.097
8 F 0.034 0.019 0.017 0.017 0.011 0.011 0.019 0.026 0.017 0.064 0.115 0.019 0.026 0.381 0.011 0.026 0.026 0.017 0.09 0.056
9 L 0.045 0.025 0.014 0.015 0.016 0.016 0.02 0.022 0.01 0.117 0.369 0.026 0.05 0.055 0.014 0.025 0.034 0.007 0.023 0.097
10 P 0.057 0.026 0.024 0.031 0.01 0.021 0.037 0.037 0.013 0.026 0.037 0.042 0.01 0.013 0.488 0.044 0.037 0.003 0.013 0.031
11 R 0.045 0.338 0.039 0.031 0.008 0.049 0.053 0.033 0.024 0.024 0.047 0.121 0.016 0.018 0.02 0.045 0.035 0.006 0.018 0.031
12 Y 0.041 0.028 0.022 0.019 0.009 0.022 0.028 0.025 0.047 0.044 0.069 0.032 0.019 0.132 0.016 0.032 0.028 0.028 0.311 0.047
13 D 0.041 0.03 0.07 0.391 0.008 0.03 0.092 0.047 0.019 0.023 0.028 0.045 0.009 0.015 0.023 0.053 0.036 0.004 0.011 0.025
14 Q 0.056 0.074 0.045 0.048 0.009 0.207 0.104 0.042 0.03 0.027 0.048 0.092 0.021 0.015 0.024 0.056 0.042 0.006 0.021 0.036
15 P 0.057 0.026 0.024 0.031 0.01 0.021 0.037 0.037 0.013 0.026 0.037 0.042 0.01 0.013 0.488 0.044 0.037 0.003 0.013 0.031
16 L 0.045 0.025 0.014 0.015 0.016 0.016 0.02 0.022 0.01 0.117 0.369 0.026 0.05 0.055 0.014 0.025 0.034 0.007 0.023 0.097
17 I 0.048 0.018 0.015 0.018 0.016 0.013 0.018 0.021 0.009 0.264 0.17 0.024 0.037 0.045 0.015 0.025 0.04 0.006 0.021 0.178
18 A 0.283 0.031 0.026 0.03 0.022 0.026 0.041 0.079 0.015 0.044 0.06 0.045 0.018 0.022 0.03 0.086 0.05 0.005 0.018 0.069
19 C 0.066 0.016 0.016 0.016 0.478 0.012 0.016 0.033 0.008 0.045 0.066 0.021 0.016 0.021 0.016 0.041 0.037 0.004 0.012 0.057
20 T 0.074 0.036 0.044 0.038 0.018 0.028 0.04 0.044 0.014 0.054 0.066 0.046 0.02 0.024 0.028 0.094 0.239 0.006 0.018 0.072
21 L 0.045 0.025 0.014 0.015 0.016 0.016 0.02 0.022 0.01 0.117 0.369 0.026 0.05 0.055 0.014 0.025 0.034 0.007 0.023 0.097
22 D 0.041 0.03 0.07 0.391 0.008 0.03 0.092 0.047 0.019 0.023 0.028 0.045 0.009 0.015 0.023 0.053 0.036 0.004 0.011 0.025
23 T 0.074 0.036 0.044 0.038 0.018 0.028 0.04 0.044 0.014 0.054 0.066 0.046 0.02 0.024 0.028 0.094 0.239 0.006 0.018 0.072
24 L 0.053 0.032 0.02 0.02 0.016 0.028 0.028 0.028 0.016 0.101 0.199 0.036 0.152 0.049 0.016 0.036 0.041 0.008 0.024 0.093
25 G 0.079 0.023 0.039 0.034 0.011 0.019 0.026 0.505 0.014 0.019 0.029 0.034 0.009 0.016 0.019 0.052 0.03 0.005 0.011 0.025
26 E 0.056 0.05 0.041 0.091 0.007 0.065 0.289 0.035 0.026 0.022 0.037 0.076 0.013 0.017 0.026 0.056 0.037 0.006 0.017 0.032
27 K 0.058 0.108 0.042 0.042 0.009 0.054 0.072 0.044 0.021 0.028 0.044 0.271 0.016 0.016 0.028 0.054 0.04 0.005 0.017 0.033
28 L 0.053 0.032 0.02 0.02 0.016 0.028 0.028 0.028 0.016 0.101 0.199 0.036 0.152 0.049 0.016 0.036 0.041 0.008 0.024 0.093
29 A 0.113 0.074 0.103 0.036 0.011 0.027 0.039 0.043 0.059 0.027 0.04 0.077 0.013 0.025 0.071 0.079 0.068 0.006 0.055 0.036
30 I 0.047 0.018 0.015 0.018 0.016 0.013 0.018 0.021 0.009 0.271 0.168 0.024 0.037 0.044 0.015 0.025 0.04 0.006 0.021 0.177
31 V 0.07 0.022 0.016 0.018 0.019 0.016 0.023 0.025 0.008 0.165 0.13 0.026 0.032 0.036 0.016 0.033 0.049 0.006 0.021 0.269
32 S 0.103 0.027 0.03 0.028 0.015 0.022 0.032 0.04 0.013 0.063 0.104 0.035 0.02 0.029 0.021 0.139 0.115 0.006 0.037 0.12
33 L 0.093 0.031 0.023 0.024 0.013 0.021 0.03 0.066 0.011 0.097 0.158 0.07 0.024 0.027 0.082 0.07 0.039 0.005 0.016 0.1
34 L 0.05 0.03 0.068 0.031 0.012 0.023 0.051 0.032 0.017 0.108 0.115 0.053 0.021 0.036 0.081 0.068 0.039 0.007 0.062 0.098
35 N 0.054 0.031 0.162 0.043 0.013 0.024 0.034 0.042 0.017 0.086 0.068 0.038 0.032 0.023 0.019 0.086 0.116 0.005 0.016 0.093
36 P 0.096 0.055 0.032 0.031 0.013 0.025 0.037 0.043 0.014 0.038 0.059 0.044 0.046 0.02 0.164 0.121 0.095 0.004 0.015 0.046
37 V 0.07 0.022 0.016 0.018 0.019 0.016 0.023 0.025 0.008 0.165 0.13 0.026 0.032 0.036 0.016 0.033 0.049 0.006 0.021 0.269
38 E 0.055 0.05 0.04 0.09 0.007 0.064 0.296 0.035 0.026 0.022 0.037 0.076 0.013 0.017 0.026 0.055 0.037 0.006 0.017 0.031
39 D 0.041 0.03 0.069 0.397 0.008 0.03 0.091 0.047 0.019 0.022 0.028 0.045 0.009 0.015 0.022 0.052 0.035 0.004 0.011 0.024
40 V 0.07 0.022 0.016 0.018 0.019 0.016 0.023 0.025 0.008 0.165 0.13 0.026 0.032 0.036 0.016 0.033 0.049 0.006 0.021 0.269
41 H 0.042 0.046 0.053 0.038 0.008 0.038 0.053 0.038 0.355 0.023 0.038 0.046 0.015 0.03 0.019 0.042 0.027 0.008 0.057 0.023
42 S 0.11 0.04 0.054 0.049 0.018 0.033 0.052 0.066 0.019 0.03 0.042 0.054 0.016 0.021 0.03 0.22 0.082 0.005 0.018 0.042
43 V 0.07 0.022 0.016 0.018 0.019 0.016 0.023 0.025 0.008 0.165 0.13 0.026 0.032 0.036 0.016 0.033 0.049 0.006 0.021 0.269
44 T 0.073 0.036 0.043 0.038 0.018 0.028 0.039 0.043 0.014 0.053 0.065 0.045 0.02 0.024 0.028 0.093 0.246 0.006 0.018 0.071
45 S 0.11 0.04 0.054 0.049 0.018 0.033 0.052 0.066 0.019 0.03 0.042 0.054 0.016 0.021 0.03 0.22 0.082 0.005 0.018 0.042
46 P 0.057 0.026 0.023 0.031 0.01 0.021 0.036 0.036 0.013 0.026 0.036 0.041 0.01 0.013 0.494 0.044 0.036 0.003 0.013 0.031
47 P 0.057 0.026 0.023 0.031 0.01 0.021 0.036 0.036 0.013 0.026 0.036 0.041 0.01 0.013 0.494 0.044 0.036 0.003 0.013 0.031
48 V 0.07 0.022 0.016 0.018 0.019 0.016 0.023 0.025 0.008 0.165 0.13 0.026 0.032 0.036 0.016 0.033 0.049 0.006 0.021 0.269
49 S 0.11 0.04 0.054 0.049 0.018 0.033 0.052 0.066 0.019 0.03 0.042 0.054 0.016 0.021 0.03 0.22 0.082 0.005 0.018 0.042
50 D 0.041 0.03 0.069 0.397 0.008 0.03 0.091 0.047 0.019 0.022 0.028 0.045 0.009 0.015 0.022 0.052 0.035 0.004 0.011 0.024
51 E 0.055 0.05 0.04 0.09 0.007 0.064 0.296 0.035 0.026 0.022 0.037 0.076 0.013 0.017 0.026 0.055 0.037 0.006 0.017 0.031
52 D 0.041 0.03 0.069 0.397 0.008 0.03 0.091 0.047 0.019 0.022 0.028 0.045 0.009 0.015 0.022 0.052 0.035 0.004 0.011 0.024
53 A 0.29 0.031 0.026 0.03 0.022 0.026 0.04 0.078 0.015 0.043 0.059 0.045 0.018 0.022 0.03 0.085 0.05 0.005 0.018 0.069
54 H 0.042 0.046 0.053 0.038 0.008 0.038 0.053 0.038 0.355 0.023 0.038 0.046 0.015 0.03 0.019 0.042 0.027 0.008 0.057 0.023
55 R 0.059 0.13 0.031 0.03 0.012 0.062 0.043 0.035 0.016 0.08 0.061 0.058 0.018 0.02 0.086 0.106 0.044 0.005 0.016 0.087
56 A 0.18 0.068 0.033 0.035 0.015 0.039 0.055 0.06 0.017 0.035 0.05 0.168 0.016 0.018 0.028 0.068 0.044 0.005 0.017 0.05
57 R 0.045 0.345 0.039 0.031 0.008 0.048 0.052 0.033 0.023 0.023 0.047 0.12 0.016 0.017 0.019 0.045 0.035 0.006 0.017 0.031
58 I 0.047 0.018 0.015 0.018 0.016 0.013 0.018 0.021 0.009 0.271 0.168 0.024 0.037 0.044 0.015 0.025 0.04 0.006 0.021 0.177
59 A 0.29 0.031 0.026 0.03 0.022 0.026 0.04 0.078 0.015 0.043 0.059 0.045 0.018 0.022 0.03 0.085 0.05 0.005 0.018 0.069
60 S 0.11 0.04 0.054 0.049 0.018 0.033 0.052 0.066 0.019 0.03 0.042 0.054 0.016 0.021 0.03 0.22 0.082 0.005 0.018 0.042
61 S 0.11 0.04 0.054 0.049 0.018 0.033 0.052 0.066 0.019 0.03 0.042 0.054 0.016 0.021 0.03 0.22 0.082 0.005 0.018 0.042
62 L 0.112 0.03 0.029 0.039 0.014 0.03 0.115 0.083 0.015 0.059 0.118 0.042 0.021 0.025 0.021 0.088 0.043 0.005 0.016 0.097
63 F 0.099 0.022 0.024 0.023 0.012 0.016 0.025 0.123 0.015 0.045 0.072 0.027 0.018 0.22 0.016 0.046 0.077 0.01 0.06 0.049
64 S 0.11 0.04 0.054 0.049 0.018 0.033 0.052 0.066 0.019 0.03 0.042 0.054 0.016 0.021 0.03 0.22 0.082 0.005 0.018 0.042
65 P 0.057 0.026 0.023 0.031 0.01 0.021 0.036 0.036 0.013 0.026 0.036 0.041 0.01 0.013 0.494 0.044 0.036 0.003 0.013 0.031
66 C 0.065 0.016 0.016 0.016 0.484 0.012 0.016 0.032 0.008 0.045 0.065 0.02 0.016 0.02 0.016 0.041 0.037 0.004 0.012 0.057
67 F 0.034 0.019 0.017 0.017 0.011 0.011 0.019 0.025 0.017 0.063 0.114 0.019 0.025 0.387 0.011 0.025 0.025 0.017 0.089 0.055
68 N 0.043 0.045 0.317 0.083 0.009 0.034 0.049 0.065 0.032 0.022 0.032 0.054 0.011 0.018 0.02 0.07 0.049 0.004 0.016 0.027
69 V 0.07 0.022 0.016 0.018 0.019 0.016 0.023 0.025 0.008 0.165 0.13 0.026 0.032 0.036 0.016 0.033 0.049 0.006 0.021 0.269
70 S 0.145 0.035 0.08 0.039 0.014 0.06 0.045 0.053 0.018 0.032 0.048 0.046 0.015 0.073 0.022 0.154 0.051 0.006 0.023 0.042
71 P 0.048 0.027 0.045 0.22 0.009 0.025 0.063 0.041 0.015 0.024 0.031 0.042 0.01 0.014 0.263 0.047 0.035 0.003 0.012 0.027
72 K 0.084 0.142 0.03 0.031 0.009 0.067 0.051 0.037 0.017 0.024 0.038 0.17 0.013 0.014 0.142 0.046 0.034 0.004 0.014 0.031
73 G 0.103 0.068 0.073 0.035 0.011 0.026 0.037 0.164 0.015 0.023 0.034 0.081 0.011 0.015 0.141 0.08 0.037 0.004 0.013 0.031
74 G 0.053 0.027 0.025 0.024 0.011 0.019 0.025 0.249 0.011 0.082 0.165 0.063 0.022 0.026 0.016 0.038 0.062 0.005 0.014 0.064
75 D 0.078 0.026 0.045 0.303 0.01 0.024 0.058 0.04 0.015 0.036 0.087 0.036 0.041 0.02 0.019 0.073 0.035 0.004 0.013 0.038
76 S 0.11 0.04 0.054 0.049 0.018 0.033 0.052 0.066 0.019 0.03 0.042 0.054 0.016 0.021 0.03 0.22 0.082 0.005 0.018 0.042
77 L 0.109 0.02 0.017 0.018 0.013 0.015 0.022 0.08 0.012 0.141 0.187 0.026 0.025 0.038 0.066 0.034 0.031 0.006 0.053 0.086
78 I 0.078 0.02 0.018 0.018 0.064 0.014 0.021 0.027 0.01 0.141 0.127 0.024 0.024 0.112 0.015 0.038 0.094 0.006 0.026 0.123
79 P 0.053 0.024 0.025 0.027 0.01 0.019 0.031 0.083 0.052 0.032 0.037 0.034 0.011 0.015 0.374 0.065 0.033 0.003 0.015 0.059
80 L 0.069 0.018 0.013 0.015 0.013 0.012 0.018 0.023 0.01 0.16 0.243 0.021 0.03 0.162 0.012 0.025 0.029 0.008 0.033 0.087
81 L 0.037 0.019 0.012 0.013 0.013 0.013 0.017 0.019 0.009 0.092 0.376 0.02 0.036 0.125 0.011 0.021 0.028 0.007 0.029 0.102
82 L 0.037 0.02 0.015 0.015 0.012 0.015 0.019 0.02 0.016 0.102 0.263 0.022 0.055 0.136 0.012 0.03 0.028 0.011 0.104 0.071
83 L 0.072 0.019 0.013 0.014 0.013 0.013 0.018 0.023 0.009 0.114 0.315 0.022 0.033 0.111 0.013 0.026 0.03 0.007 0.027 0.107
84 G 0.181 0.023 0.024 0.024 0.015 0.019 0.028 0.181 0.011 0.057 0.096 0.031 0.018 0.022 0.019 0.078 0.039 0.005 0.014 0.113
85 G 0.078 0.023 0.039 0.034 0.011 0.019 0.026 0.51 0.014 0.019 0.028 0.034 0.009 0.016 0.019 0.051 0.03 0.005 0.011 0.024
86 L 0.084 0.02 0.015 0.016 0.014 0.014 0.019 0.063 0.009 0.087 0.297 0.023 0.031 0.078 0.014 0.029 0.031 0.006 0.022 0.127
87 F 0.072 0.018 0.018 0.018 0.011 0.012 0.018 0.128 0.012 0.11 0.121 0.021 0.022 0.237 0.012 0.029 0.026 0.009 0.041 0.064
88 L 0.042 0.018 0.013 0.014 0.014 0.013 0.017 0.019 0.008 0.157 0.282 0.021 0.033 0.08 0.012 0.022 0.032 0.006 0.023 0.174
89 A 0.158 0.021 0.02 0.021 0.015 0.017 0.025 0.088 0.01 0.152 0.119 0.028 0.023 0.027 0.018 0.069 0.039 0.005 0.016 0.132
90 G 0.089 0.028 0.022 0.022 0.013 0.018 0.026 0.151 0.011 0.1 0.119 0.064 0.022 0.075 0.016 0.037 0.033 0.006 0.022 0.127
91 I 0.048 0.064 0.018 0.019 0.014 0.017 0.022 0.022 0.009 0.243 0.117 0.032 0.027 0.032 0.015 0.032 0.07 0.005 0.017 0.176
92 L 0.048 0.021 0.016 0.017 0.015 0.016 0.02 0.022 0.009 0.161 0.235 0.025 0.06 0.038 0.014 0.031 0.069 0.006 0.018 0.159
93 L 0.084 0.021 0.017 0.018 0.015 0.015 0.022 0.027 0.01 0.115 0.216 0.025 0.03 0.083 0.015 0.036 0.069 0.006 0.024 0.151
94 A 0.166 0.027 0.031 0.03 0.015 0.022 0.033 0.149 0.013 0.042 0.055 0.036 0.04 0.02 0.021 0.16 0.047 0.005 0.014 0.075
95 T 0.061 0.033 0.031 0.028 0.017 0.027 0.033 0.035 0.015 0.075 0.128 0.04 0.098 0.035 0.021 0.063 0.15 0.007 0.021 0.08
96 A 0.186 0.023 0.023 0.023 0.015 0.019 0.028 0.093 0.011 0.09 0.104 0.031 0.02 0.024 0.019 0.077 0.07 0.005 0.015 0.123
97 A 0.116 0.073 0.068 0.041 0.011 0.06 0.109 0.041 0.02 0.029 0.042 0.052 0.014 0.025 0.021 0.082 0.099 0.006 0.052 0.04
98 L 0.044 0.02 0.018 0.018 0.012 0.015 0.021 0.024 0.013 0.128 0.188 0.024 0.027 0.134 0.014 0.057 0.063 0.009 0.066 0.104
99 G 0.056 0.023 0.032 0.075 0.009 0.021 0.065 0.325 0.013 0.018 0.026 0.034 0.008 0.013 0.17 0.048 0.028 0.004 0.01 0.023
100 S 0.066 0.027 0.037 0.074 0.012 0.022 0.037 0.142 0.016 0.027 0.037 0.037 0.012 0.024 0.071 0.153 0.111 0.006 0.051 0.035
101 L 0.114 0.023 0.02 0.025 0.014 0.02 0.06 0.033 0.011 0.134 0.152 0.032 0.03 0.028 0.068 0.066 0.045 0.005 0.016 0.105
102 A 0.177 0.022 0.02 0.062 0.015 0.017 0.029 0.038 0.011 0.074 0.146 0.028 0.023 0.069 0.017 0.043 0.036 0.006 0.021 0.148
103 H 0.044 0.031 0.033 0.027 0.012 0.025 0.035 0.029 0.188 0.154 0.101 0.034 0.026 0.037 0.017 0.033 0.033 0.007 0.038 0.098
104 L 0.05 0.031 0.025 0.025 0.012 0.087 0.037 0.16 0.014 0.116 0.166 0.039 0.033 0.029 0.016 0.035 0.032 0.005 0.017 0.071
105 L 0.042 0.021 0.013 0.014 0.015 0.014 0.018 0.019 0.009 0.139 0.368 0.022 0.04 0.045 0.013 0.023 0.032 0.006 0.019 0.128
106 A 0.162 0.025 0.024 0.025 0.016 0.02 0.029 0.042 0.011 0.092 0.147 0.033 0.023 0.027 0.02 0.106 0.076 0.005 0.016 0.1
107 A 0.164 0.025 0.022 0.022 0.015 0.019 0.029 0.042 0.016 0.063 0.117 0.031 0.022 0.092 0.019 0.078 0.04 0.009 0.072 0.103
108 L 0.048 0.02 0.016 0.016 0.014 0.014 0.02 0.022 0.009 0.131 0.213 0.023 0.03 0.08 0.014 0.031 0.075 0.006 0.023 0.194
109 L 0.045 0.024 0.014 0.015 0.016 0.016 0.02 0.021 0.01 0.115 0.375 0.025 0.05 0.055 0.014 0.024 0.033 0.007 0.022 0.096
110 F 0.14 0.022 0.021 0.021 0.013 0.016 0.024 0.091 0.015 0.049 0.106 0.027 0.019 0.169 0.016 0.044 0.063 0.01 0.074 0.06
111 G 0.16 0.024 0.029 0.027 0.014 0.019 0.029 0.196 0.012 0.071 0.054 0.033 0.015 0.02 0.02 0.106 0.071 0.005 0.014 0.082
112 L 0.074 0.019 0.016 0.016 0.013 0.014 0.02 0.025 0.01 0.114 0.199 0.023 0.028 0.158 0.014 0.031 0.061 0.008 0.033 0.124
113 L 0.144 0.023 0.017 0.018 0.015 0.018 0.023 0.084 0.011 0.074 0.23 0.028 0.077 0.033 0.016 0.039 0.034 0.005 0.017 0.096
114 F 0.033 0.017 0.013 0.014 0.011 0.011 0.016 0.019 0.011 0.13 0.243 0.018 0.03 0.246 0.011 0.021 0.026 0.009 0.044 0.077
115 A 0.15 0.019 0.016 0.018 0.124 0.014 0.021 0.035 0.01 0.12 0.085 0.024 0.02 0.116 0.016 0.04 0.034 0.006 0.027 0.104
116 T 0.099 0.027 0.033 0.03 0.015 0.022 0.032 0.091 0.012 0.049 0.089 0.036 0.018 0.022 0.021 0.138 0.166 0.005 0.015 0.081
117 L 0.048 0.02 0.015 0.016 0.014 0.014 0.02 0.022 0.009 0.154 0.285 0.023 0.033 0.037 0.014 0.052 0.036 0.005 0.018 0.166
118 V 0.082 0.019 0.015 0.016 0.015 0.014 0.02 0.024 0.008 0.174 0.175 0.023 0.029 0.033 0.014 0.031 0.052 0.005 0.017 0.234
119 V 0.09 0.022 0.021 0.021 0.015 0.017 0.025 0.03 0.009 0.147 0.092 0.028 0.023 0.027 0.017 0.069 0.102 0.005 0.016 0.224
120 P 0.081 0.025 0.02 0.022 0.012 0.046 0.03 0.08 0.014 0.058 0.131 0.032 0.02 0.031 0.169 0.036 0.032 0.006 0.052 0.106
121 L 0.042 0.023 0.014 0.014 0.015 0.015 0.019 0.02 0.01 0.11 0.405 0.024 0.047 0.052 0.014 0.023 0.032 0.007 0.021 0.092
122 N 0.052 0.036 0.245 0.063 0.009 0.027 0.039 0.219 0.024 0.02 0.029 0.045 0.01 0.017 0.019 0.061 0.041 0.005 0.013 0.025
123 L 0.07 0.02 0.017 0.017 0.012 0.014 0.021 0.025 0.016 0.09 0.189 0.023 0.025 0.172 0.013 0.031 0.058 0.011 0.108 0.065
124 I 0.109 0.025 0.057 0.028 0.012 0.021 0.061 0.033 0.017 0.113 0.108 0.032 0.021 0.041 0.017 0.042 0.064 0.008 0.091 0.097
125 S 0.103 0.036 0.04 0.036 0.012 0.058 0.046 0.048 0.104 0.025 0.036 0.046 0.013 0.018 0.077 0.192 0.05 0.005 0.021 0.033
126 V 0.089 0.107 0.024 0.023 0.014 0.022 0.029 0.031 0.012 0.133 0.084 0.043 0.021 0.025 0.017 0.069 0.073 0.005 0.016 0.165
127 L 0.123 0.032 0.066 0.028 0.012 0.022 0.032 0.04 0.015 0.049 0.14 0.07 0.028 0.126 0.018 0.075 0.037 0.007 0.029 0.051
128 A 0.15 0.024 0.058 0.026 0.014 0.019 0.027 0.091 0.012 0.092 0.112 0.031 0.045 0.026 0.018 0.072 0.04 0.005 0.016 0.121
129 E 0.088 0.069 0.033 0.079 0.011 0.057 0.101 0.1 0.015 0.066 0.05 0.048 0.015 0.018 0.019 0.098 0.039 0.004 0.014 0.074
130 R 0.048 0.143 0.109 0.084 0.008 0.033 0.078 0.089 0.029 0.022 0.034 0.09 0.011 0.015 0.019 0.076 0.066 0.004 0.014 0.028
131 R 0.083 0.155 0.078 0.038 0.009 0.033 0.074 0.141 0.018 0.021 0.034 0.114 0.012 0.015 0.019 0.074 0.035 0.004 0.013 0.028
132 A 0.143 0.076 0.03 0.07 0.011 0.027 0.041 0.091 0.054 0.031 0.077 0.106 0.015 0.018 0.071 0.047 0.032 0.004 0.017 0.038
133 D 0.138 0.028 0.043 0.292 0.009 0.029 0.126 0.044 0.016 0.023 0.032 0.042 0.01 0.014 0.021 0.051 0.033 0.004 0.012 0.031
134 L 0.078 0.024 0.093 0.028 0.013 0.019 0.026 0.033 0.013 0.127 0.193 0.03 0.051 0.031 0.015 0.063 0.038 0.005 0.017 0.104
135 S 0.146 0.032 0.04 0.037 0.015 0.026 0.041 0.055 0.015 0.029 0.039 0.043 0.014 0.018 0.025 0.274 0.091 0.004 0.015 0.041
136 F 0.043 0.018 0.018 0.018 0.011 0.012 0.019 0.125 0.011 0.063 0.114 0.021 0.02 0.235 0.063 0.028 0.027 0.009 0.041 0.105
137 F 0.03 0.017 0.015 0.014 0.009 0.011 0.017 0.021 0.018 0.081 0.092 0.018 0.021 0.379 0.01 0.022 0.023 0.015 0.134 0.054
138 L 0.104 0.021 0.014 0.015 0.014 0.015 0.02 0.026 0.009 0.091 0.351 0.023 0.034 0.038 0.014 0.029 0.032 0.005 0.017 0.129
139 L 0.166 0.021 0.015 0.017 0.015 0.015 0.022 0.033 0.009 0.13 0.251 0.026 0.029 0.033 0.016 0.037 0.034 0.005 0.017 0.109
140 L 0.074 0.018 0.013 0.015 0.014 0.013 0.018 0.023 0.009 0.147 0.2 0.021 0.028 0.111 0.013 0.027 0.033 0.006 0.026 0.19
141 P 0.047 0.021 0.019 0.025 0.009 0.017 0.029 0.029 0.01 0.031 0.036 0.033 0.01 0.012 0.537 0.035 0.031 0.002 0.011 0.057
142 T 0.055 0.024 0.025 0.023 0.014 0.018 0.025 0.028 0.01 0.126 0.147 0.029 0.024 0.028 0.018 0.073 0.182 0.005 0.016 0.131
143 V 0.044 0.02 0.016 0.016 0.013 0.015 0.02 0.021 0.047 0.199 0.119 0.023 0.073 0.072 0.013 0.025 0.033 0.006 0.025 0.2
144 L 0.038 0.019 0.013 0.014 0.013 0.014 0.017 0.019 0.01 0.216 0.227 0.022 0.102 0.078 0.012 0.023 0.03 0.006 0.023 0.103
145 S 0.09 0.033 0.044 0.04 0.014 0.027 0.043 0.054 0.016 0.024 0.034 0.044 0.013 0.017 0.024 0.361 0.067 0.004 0.014 0.034
146 A 0.33 0.024 0.022 0.024 0.064 0.02 0.031 0.057 0.012 0.043 0.053 0.034 0.015 0.019 0.023 0.087 0.042 0.004 0.014 0.082
147 F 0.044 0.022 0.023 0.021 0.011 0.016 0.024 0.029 0.013 0.048 0.104 0.026 0.02 0.223 0.015 0.067 0.146 0.057 0.043 0.05
148 Q 0.046 0.06 0.036 0.039 0.007 0.356 0.084 0.034 0.024 0.022 0.039 0.075 0.017 0.012 0.019 0.046 0.034 0.005 0.017 0.029
149 N 0.035 0.037 0.44 0.068 0.007 0.028 0.04 0.053 0.026 0.018 0.026 0.044 0.009 0.015 0.017 0.057 0.04 0.004 0.013 0.022
150 V 0.047 0.018 0.013 0.014 0.015 0.013 0.017 0.019 0.007 0.166 0.239 0.021 0.032 0.036 0.013 0.024 0.035 0.005 0.017 0.251
151 Y 0.035 0.023 0.018 0.015 0.008 0.018 0.023 0.02 0.036 0.044 0.06 0.025 0.016 0.101 0.013 0.026 0.024 0.021 0.405 0.068
152 L 0.036 0.02 0.012 0.012 0.013 0.013 0.017 0.017 0.008 0.095 0.488 0.021 0.041 0.045 0.012 0.02 0.027 0.006 0.018 0.079
153 G 0.061 0.022 0.029 0.026 0.011 0.017 0.024 0.316 0.011 0.039 0.144 0.029 0.018 0.022 0.017 0.092 0.062 0.005 0.013 0.04
154 L 0.046 0.02 0.015 0.017 0.011 0.014 0.02 0.022 0.012 0.092 0.244 0.024 0.027 0.117 0.108 0.028 0.049 0.008 0.061 0.065
155 V 0.082 0.018 0.017 0.017 0.013 0.014 0.02 0.12 0.009 0.09 0.118 0.023 0.022 0.105 0.014 0.031 0.033 0.006 0.025 0.222
156 A 0.361 0.026 0.024 0.026 0.017 0.022 0.034 0.061 0.012 0.035 0.048 0.037 0.014 0.018 0.024 0.094 0.072 0.004 0.014 0.055
157 D 0.042 0.027 0.103 0.147 0.007 0.024 0.073 0.142 0.054 0.019 0.028 0.036 0.009 0.017 0.111 0.041 0.029 0.052 0.017 0.022
158 D 0.065 0.105 0.04 0.152 0.008 0.058 0.084 0.035 0.095 0.022 0.035 0.052 0.012 0.024 0.018 0.068 0.039 0.006 0.054 0.028
159 L 0.073 0.02 0.013 0.015 0.014 0.015 0.019 0.022 0.009 0.146 0.289 0.023 0.068 0.038 0.013 0.027 0.032 0.005 0.018 0.141
160 D 0.082 0.03 0.107 0.16 0.01 0.027 0.079 0.044 0.016 0.025 0.034 0.041 0.011 0.015 0.068 0.106 0.097 0.004 0.012 0.033
161 S 0.09 0.031 0.043 0.076 0.011 0.053 0.074 0.088 0.015 0.026 0.036 0.043 0.012 0.015 0.115 0.123 0.098 0.004 0.013 0.035
162 S 0.117 0.023 0.028 0.065 0.013 0.018 0.031 0.074 0.012 0.076 0.097 0.031 0.019 0.102 0.018 0.125 0.041 0.006 0.024 0.081
163 A 0.17 0.068 0.063 0.034 0.059 0.054 0.07 0.044 0.053 0.03 0.043 0.046 0.014 0.017 0.02 0.057 0.093 0.005 0.017 0.042
164 L 0.038 0.019 0.012 0.013 0.013 0.014 0.017 0.018 0.009 0.119 0.367 0.021 0.06 0.08 0.012 0.021 0.029 0.006 0.023 0.108
165 Q 0.045 0.093 0.036 0.037 0.007 0.323 0.08 0.033 0.033 0.021 0.038 0.076 0.016 0.013 0.019 0.045 0.033 0.005 0.017 0.028
166 V 0.107 0.019 0.015 0.016 0.014 0.014 0.021 0.028 0.01 0.09 0.13 0.023 0.048 0.147 0.014 0.032 0.034 0.007 0.031 0.201
167 L 0.073 0.02 0.014 0.015 0.014 0.014 0.019 0.023 0.009 0.121 0.267 0.022 0.055 0.075 0.013 0.027 0.032 0.006 0.022 0.16
168 L 0.041 0.018 0.012 0.013 0.014 0.013 0.016 0.018 0.008 0.204 0.308 0.02 0.035 0.039 0.012 0.021 0.031 0.005 0.018 0.154
169 I 0.052 0.02 0.02 0.02 0.014 0.016 0.022 0.026 0.009 0.238 0.11 0.026 0.049 0.031 0.015 0.084 0.069 0.005 0.017 0.156
170 L 0.043 0.02 0.017 0.017 0.013 0.014 0.02 0.021 0.011 0.136 0.225 0.023 0.029 0.079 0.014 0.031 0.089 0.007 0.057 0.134
171 N 0.042 0.035 0.307 0.056 0.008 0.027 0.04 0.095 0.098 0.019 0.027 0.042 0.01 0.017 0.017 0.077 0.038 0.004 0.018 0.022
172 F 0.032 0.016 0.013 0.014 0.01 0.01 0.016 0.021 0.012 0.113 0.094 0.017 0.021 0.307 0.009 0.021 0.024 0.107 0.056 0.088
173 L 0.135 0.02 0.015 0.016 0.015 0.015 0.021 0.03 0.009 0.166 0.224 0.025 0.053 0.034 0.015 0.034 0.034 0.005 0.017 0.118
174 L 0.044 0.019 0.014 0.016 0.015 0.014 0.018 0.02 0.009 0.24 0.242 0.023 0.039 0.045 0.014 0.024 0.036 0.006 0.02 0.143
175 F 0.034 0.018 0.018 0.055 0.01 0.013 0.022 0.021 0.018 0.11 0.087 0.021 0.02 0.244 0.011 0.024 0.026 0.013 0.146 0.088
176 A 0.222 0.029 0.033 0.032 0.016 0.024 0.037 0.055 0.013 0.032 0.043 0.04 0.014 0.018 0.024 0.192 0.109 0.004 0.014 0.048
177 V 0.079 0.018 0.017 0.017 0.013 0.014 0.019 0.119 0.009 0.137 0.164 0.023 0.025 0.069 0.014 0.03 0.032 0.006 0.02 0.176
178 V 0.112 0.021 0.019 0.02 0.014 0.016 0.023 0.077 0.009 0.131 0.15 0.027 0.024 0.028 0.016 0.041 0.093 0.005 0.016 0.158
179 L 0.042 0.021 0.016 0.016 0.014 0.015 0.019 0.021 0.009 0.115 0.355 0.023 0.034 0.039 0.014 0.03 0.088 0.005 0.017 0.108
180 L 0.039 0.018 0.014 0.014 0.059 0.013 0.018 0.02 0.014 0.076 0.218 0.02 0.027 0.163 0.012 0.023 0.027 0.01 0.101 0.115
181 L 0.103 0.021 0.016 0.016 0.014 0.015 0.021 0.027 0.009 0.081 0.306 0.024 0.031 0.074 0.015 0.034 0.06 0.006 0.022 0.104
182 V 0.053 0.019 0.02 0.019 0.013 0.015 0.02 0.166 0.009 0.134 0.123 0.025 0.046 0.028 0.014 0.033 0.062 0.005 0.015 0.18
183 L 0.038 0.018 0.012 0.013 0.013 0.013 0.016 0.018 0.008 0.146 0.365 0.02 0.036 0.08 0.012 0.021 0.029 0.006 0.022 0.114
184 A 0.138 0.022 0.02 0.02 0.013 0.017 0.025 0.035 0.014 0.102 0.116 0.028 0.045 0.112 0.017 0.067 0.064 0.008 0.061 0.075
185 L 0.099 0.021 0.019 0.019 0.014 0.016 0.023 0.077 0.009 0.108 0.213 0.026 0.027 0.031 0.016 0.072 0.038 0.005 0.016 0.152
186 I 0.06 0.075 0.092 0.029 0.058 0.022 0.03 0.033 0.014 0.1 0.063 0.068 0.017 0.023 0.016 0.044 0.099 0.053 0.018 0.085
187 A 0.29 0.031 0.026 0.03 0.022 0.026 0.04 0.078 0.015 0.043 0.059 0.045 0.018 0.022 0.03 0.085 0.05 0.005 0.018 0.069
188 G 0.078 0.023 0.039 0.034 0.011 0.019 0.026 0.51 0.014 0.019 0.028 0.034 0.009 0.016 0.019 0.051 0.03 0.005 0.011 0.024
189 R 0.043 0.249 0.072 0.075 0.008 0.035 0.045 0.084 0.018 0.022 0.036 0.118 0.012 0.015 0.018 0.045 0.062 0.004 0.013 0.028
190 P 0.046 0.027 0.025 0.066 0.01 0.019 0.032 0.079 0.012 0.046 0.091 0.062 0.016 0.104 0.169 0.037 0.06 0.006 0.024 0.07
191 P 0.052 0.111 0.029 0.028 0.01 0.054 0.039 0.083 0.015 0.037 0.048 0.081 0.014 0.059 0.12 0.069 0.065 0.005 0.019 0.065
192 K 0.105 0.084 0.065 0.034 0.01 0.031 0.042 0.088 0.015 0.025 0.037 0.166 0.012 0.015 0.068 0.077 0.073 0.004 0.013 0.034
193 F 0.062 0.025 0.028 0.027 0.013 0.019 0.029 0.103 0.014 0.054 0.077 0.032 0.048 0.133 0.051 0.121 0.043 0.007 0.031 0.083
194 D 0.049 0.033 0.084 0.144 0.009 0.031 0.114 0.113 0.064 0.025 0.034 0.044 0.011 0.017 0.02 0.054 0.101 0.005 0.017 0.031
195 N 0.054 0.037 0.231 0.066 0.009 0.028 0.041 0.215 0.025 0.021 0.03 0.046 0.01 0.017 0.019 0.063 0.042 0.005 0.014 0.026
196 P 0.094 0.088 0.032 0.038 0.01 0.066 0.089 0.041 0.03 0.025 0.038 0.077 0.013 0.015 0.171 0.08 0.039 0.004 0.016 0.033
197 A 0.29 0.031 0.026 0.03 0.022 0.026 0.04 0.078 0.015 0.043 0.059 0.045 0.018 0.022 0.03 0.085 0.05 0.005 0.018 0.069
198 V 0.07 0.022 0.016 0.018 0.019 0.016 0.023 0.025 0.008 0.165 0.13 0.026 0.032 0.036 0.016 0.033 0.049 0.006 0.021 0.269
199 P 0.057 0.026 0.023 0.031 0.01 0.021 0.036 0.036 0.013 0.026 0.036 0.041 0.01 0.013 0.494 0.044 0.036 0.003 0.013 0.031
200 D 0.041 0.03 0.069 0.397 0.008 0.03 0.091 0.047 0.019 0.022 0.028 0.045 0.009 0.015 0.022 0.052 0.035 0.004 0.011 0.024
201 P 0.057 0.026 0.023 0.031 0.01 0.021 0.036 0.036 0.013 0.026 0.036 0.041 0.01 0.013 0.494 0.044 0.036 0.003 0.013 0.031
202 V 0.07 0.022 0.016 0.018 0.019 0.016 0.023 0.025 0.008 0.165 0.13 0.026 0.032 0.036 0.016 0.033 0.049 0.006 0.021 0.269
203 A 0.29 0.031 0.026 0.03 0.022 0.026 0.04 0.078 0.015 0.043 0.059 0.045 0.018 0.022 0.03 0.085 0.05 0.005 0.018 0.069
204 D 0.041 0.03 0.069 0.397 0.008 0.03 0.091 0.047 0.019 0.022 0.028 0.045 0.009 0.015 0.022 0.052 0.035 0.004 0.011 0.024
205 R 0.155 0.156 0.034 0.04 0.013 0.038 0.095 0.049 0.019 0.028 0.044 0.07 0.014 0.018 0.024 0.095 0.044 0.005 0.016 0.042
206 R 0.046 0.138 0.024 0.023 0.011 0.063 0.038 0.027 0.015 0.071 0.121 0.056 0.023 0.03 0.015 0.033 0.034 0.082 0.024 0.126
207 R 0.045 0.335 0.039 0.031 0.008 0.049 0.053 0.033 0.024 0.024 0.047 0.122 0.016 0.018 0.02 0.045 0.035 0.006 0.018 0.031
208 D 0.042 0.03 0.07 0.388 0.008 0.03 0.093 0.047 0.019 0.023 0.028 0.045 0.009 0.015 0.023 0.053 0.036 0.004 0.011 0.025
209 L 0.045 0.025 0.014 0.015 0.016 0.016 0.021 0.022 0.01 0.117 0.366 0.026 0.05 0.056 0.014 0.025 0.034 0.007 0.023 0.098
210 A 0.279 0.031 0.026 0.03 0.022 0.026 0.041 0.079 0.015 0.044 0.06 0.045 0.018 0.022 0.03 0.086 0.051 0.005 0.018 0.07
211 S 0.112 0.041 0.055 0.05 0.018 0.034 0.053 0.067 0.019 0.03 0.043 0.055 0.016 0.021 0.03 0.208 0.083 0.005 0.018 0.043
212 R 0.045 0.335 0.039 0.031 0.008 0.049 0.053 0.033 0.024 0.024 0.047 0.122 0.016 0.018 0.02 0.045 0.035 0.006 0.018 0.031
213 P 0.058 0.026 0.024 0.031 0.01 0.021 0.037 0.037 0.013 0.026 0.037 0.042 0.01 0.013 0.486 0.045 0.037 0.003 0.013 0.031
214 R 0.045 0.335 0.039 0.031 0.008 0.049 0.053 0.033 0.024 0.024 0.047 0.122 0.016 0.018 0.02 0.045 0.035 0.006 0.018 0.031
215 R 0.045 0.335 0.039 0.031 0.008 0.049 0.053 0.033 0.024 0.024 0.047 0.122 0.016 0.018 0.02 0.045 0.035 0.006 0.018 0.031
216 R 0.045 0.335 0.039 0.031 0.008 0.049 0.053 0.033 0.024 0.024 0.047 0.122 0.016 0.018 0.02 0.045 0.035 0.006 0.018 0.031
217 H 0.043 0.046 0.054 0.039 0.008 0.039 0.054 0.039 0.345 0.023 0.039 0.046 0.016 0.031 0.019 0.043 0.027 0.008 0.058 0.023
218 A 0.279 0.031 0.026 0.03 0.022 0.026 0.041 0.079 0.015 0.044 0.06 0.045 0.018 0.022 0.03 0.086 0.051 0.005 0.018 0.07
219 G 0.079 0.023 0.04 0.034 0.011 0.019 0.026 0.503 0.014 0.019 0.029 0.034 0.01 0.016 0.019 0.052 0.03 0.005 0.011 0.025
220 R 0.053 0.143 0.041 0.093 0.01 0.068 0.052 0.111 0.017 0.028 0.042 0.064 0.014 0.016 0.02 0.056 0.114 0.005 0.015 0.037
221 K 0.083 0.119 0.03 0.029 0.01 0.085 0.047 0.082 0.016 0.041 0.048 0.144 0.015 0.016 0.019 0.069 0.036 0.005 0.015 0.092
222 L 0.073 0.03 0.02 0.027 0.012 0.024 0.091 0.026 0.012 0.067 0.301 0.063 0.029 0.033 0.016 0.035 0.059 0.005 0.017 0.062
223 L 0.102 0.026 0.017 0.018 0.012 0.017 0.025 0.029 0.016 0.085 0.14 0.057 0.022 0.119 0.062 0.033 0.03 0.009 0.096 0.086
224 R 0.045 0.218 0.065 0.032 0.008 0.086 0.047 0.033 0.018 0.052 0.044 0.092 0.014 0.016 0.065 0.073 0.035 0.004 0.014 0.037
225 W 0.066 0.105 0.023 0.022 0.01 0.024 0.032 0.029 0.013 0.076 0.061 0.101 0.017 0.028 0.015 0.042 0.06 0.149 0.025 0.103
226 L 0.084 0.024 0.024 0.022 0.014 0.018 0.025 0.078 0.012 0.066 0.167 0.029 0.023 0.034 0.017 0.07 0.122 0.006 0.051 0.113
227 L 0.108 0.058 0.02 0.019 0.014 0.018 0.025 0.03 0.01 0.076 0.177 0.032 0.025 0.067 0.016 0.041 0.092 0.006 0.021 0.145
228 L 0.111 0.02 0.017 0.018 0.013 0.014 0.021 0.077 0.01 0.09 0.176 0.024 0.024 0.109 0.014 0.035 0.052 0.055 0.029 0.091
229 V 0.067 0.022 0.022 0.021 0.084 0.017 0.025 0.043 0.013 0.071 0.078 0.028 0.043 0.07 0.016 0.112 0.042 0.007 0.055 0.163
230 L 0.04 0.018 0.014 0.015 0.013 0.013 0.016 0.07 0.008 0.197 0.315 0.021 0.034 0.039 0.012 0.023 0.029 0.005 0.017 0.099
231 A 0.223 0.021 0.017 0.019 0.015 0.016 0.025 0.041 0.01 0.096 0.144 0.028 0.023 0.066 0.018 0.045 0.036 0.005 0.021 0.131
232 V 0.082 0.02 0.017 0.021 0.014 0.017 0.053 0.072 0.009 0.141 0.125 0.026 0.024 0.038 0.015 0.032 0.036 0.005 0.017 0.237
233 L 0.041 0.019 0.012 0.014 0.014 0.014 0.017 0.018 0.008 0.177 0.31 0.021 0.058 0.04 0.012 0.022 0.031 0.005 0.018 0.149
234 L 0.083 0.019 0.015 0.016 0.014 0.014 0.02 0.024 0.008 0.17 0.231 0.024 0.03 0.034 0.014 0.032 0.063 0.005 0.017 0.165
235 L 0.079 0.02 0.018 0.018 0.013 0.014 0.021 0.074 0.01 0.106 0.185 0.024 0.026 0.108 0.014 0.056 0.034 0.006 0.025 0.149
236 Y 0.036 0.031 0.021 0.021 0.008 0.101 0.037 0.024 0.028 0.04 0.094 0.036 0.019 0.143 0.014 0.029 0.026 0.015 0.238 0.04
237 G 0.104 0.026 0.037 0.033 0.012 0.021 0.032 0.28 0.013 0.023 0.032 0.036 0.011 0.016 0.021 0.18 0.073 0.004 0.012 0.032
238 A 0.2 0.021 0.018 0.02 0.015 0.016 0.025 0.039 0.011 0.091 0.11 0.028 0.021 0.104 0.018 0.047 0.064 0.006 0.025 0.121
239 A 0.167 0.02 0.015 0.017 0.015 0.015 0.022 0.034 0.01 0.155 0.158 0.025 0.025 0.069 0.016 0.038 0.035 0.006 0.021 0.139
240 L 0.051 0.024 0.024 0.022 0.013 0.018 0.024 0.075 0.01 0.065 0.267 0.029 0.027 0.031 0.017 0.069 0.149 0.005 0.016 0.063
241 L 0.049 0.021 0.018 0.018 0.013 0.016 0.021 0.071 0.01 0.112 0.2 0.024 0.075 0.072 0.014 0.054 0.035 0.006 0.021 0.153
242 L 0.109 0.019 0.016 0.017 0.014 0.014 0.02 0.075 0.009 0.114 0.187 0.024 0.026 0.069 0.014 0.033 0.034 0.006 0.021 0.18
243 L 0.038 0.019 0.013 0.013 0.013 0.012 0.017 0.019 0.009 0.091 0.326 0.02 0.033 0.155 0.011 0.021 0.028 0.008 0.032 0.124
244 F 0.036 0.021 0.02 0.018 0.009 0.015 0.022 0.025 0.056 0.047 0.083 0.023 0.043 0.315 0.012 0.052 0.026 0.013 0.123 0.043
245 G 0.053 0.1 0.064 0.032 0.009 0.05 0.036 0.223 0.015 0.019 0.03 0.048 0.01 0.013 0.159 0.068 0.032 0.004 0.012 0.024
246 A 0.203 0.027 0.061 0.029 0.014 0.021 0.032 0.094 0.042 0.034 0.048 0.035 0.014 0.058 0.032 0.061 0.122 0.005 0.021 0.047
247 N 0.053 0.034 0.14 0.089 0.009 0.03 0.106 0.043 0.056 0.022 0.032 0.045 0.011 0.016 0.067 0.128 0.071 0.004 0.016 0.029
248 P 0.043 0.019 0.018 0.02 0.011 0.014 0.022 0.072 0.01 0.103 0.136 0.026 0.02 0.103 0.204 0.032 0.057 0.006 0.023 0.06
249 I 0.128 0.022 0.021 0.022 0.015 0.017 0.025 0.033 0.01 0.147 0.081 0.029 0.02 0.024 0.065 0.048 0.13 0.004 0.015 0.141
250 A 0.25 0.027 0.031 0.03 0.015 0.022 0.034 0.15 0.013 0.028 0.04 0.038 0.013 0.017 0.023 0.162 0.047 0.004 0.013 0.043
251 A 0.264 0.025 0.021 0.023 0.015 0.021 0.03 0.049 0.017 0.043 0.095 0.033 0.041 0.037 0.02 0.079 0.038 0.008 0.086 0.055
252 L 0.061 0.019 0.013 0.014 0.013 0.013 0.017 0.021 0.009 0.119 0.327 0.021 0.033 0.116 0.012 0.024 0.029 0.007 0.027 0.106
253 A 0.307 0.027 0.028 0.029 0.016 0.022 0.035 0.106 0.013 0.031 0.043 0.038 0.013 0.017 0.024 0.14 0.046 0.004 0.014 0.048
254 S 0.088 0.033 0.044 0.039 0.014 0.027 0.042 0.053 0.015 0.026 0.036 0.044 0.013 0.017 0.024 0.337 0.093 0.004 0.014 0.036
255 L 0.105 0.022 0.019 0.019 0.013 0.016 0.023 0.031 0.012 0.089 0.186 0.026 0.049 0.148 0.015 0.062 0.062 0.007 0.031 0.066
256 R 0.037 0.463 0.032 0.025 0.006 0.04 0.043 0.027 0.019 0.019 0.038 0.099 0.013 0.014 0.016 0.037 0.029 0.005 0.014 0.025
257 N 0.035 0.037 0.44 0.068 0.007 0.028 0.04 0.053 0.026 0.018 0.026 0.044 0.009 0.015 0.017 0.057 0.04 0.004 0.013 0.022
258 L 0.039 0.017 0.012 0.014 0.013 0.012 0.016 0.017 0.008 0.252 0.281 0.02 0.034 0.039 0.012 0.021 0.031 0.005 0.017 0.139
259 L 0.112 0.022 0.019 0.019 0.015 0.017 0.024 0.031 0.01 0.109 0.189 0.027 0.05 0.031 0.016 0.064 0.067 0.005 0.017 0.155
260 A 0.242 0.027 0.029 0.028 0.016 0.022 0.033 0.098 0.012 0.036 0.047 0.037 0.014 0.018 0.023 0.094 0.156 0.005 0.014 0.052
261 P 0.047 0.02 0.019 0.024 0.056 0.016 0.028 0.029 0.01 0.022 0.032 0.032 0.009 0.011 0.537 0.036 0.03 0.002 0.011 0.027
262 L 0.037 0.021 0.014 0.015 0.012 0.016 0.019 0.021 0.012 0.102 0.22 0.023 0.147 0.118 0.011 0.024 0.028 0.056 0.031 0.073
263 L 0.037 0.019 0.012 0.013 0.013 0.013 0.016 0.017 0.008 0.12 0.459 0.021 0.04 0.044 0.012 0.02 0.028 0.006 0.018 0.084
264 F 0.03 0.015 0.013 0.014 0.01 0.009 0.015 0.02 0.012 0.14 0.105 0.017 0.023 0.382 0.01 0.021 0.024 0.012 0.059 0.07
265 L 0.037 0.02 0.017 0.016 0.011 0.014 0.019 0.022 0.013 0.067 0.248 0.022 0.028 0.197 0.013 0.03 0.084 0.01 0.071 0.061
266 L 0.04 0.02 0.014 0.014 0.06 0.014 0.018 0.02 0.011 0.081 0.38 0.022 0.034 0.046 0.013 0.026 0.057 0.007 0.052 0.071
267 I 0.041 0.017 0.013 0.014 0.013 0.012 0.017 0.019 0.011 0.195 0.174 0.02 0.028 0.119 0.012 0.022 0.031 0.008 0.062 0.172
268 G 0.068 0.021 0.034 0.03 0.01 0.017 0.025 0.508 0.012 0.017 0.025 0.03 0.009 0.014 0.017 0.095 0.031 0.004 0.01 0.022
269 L 0.037 0.018 0.013 0.014 0.012 0.012 0.017 0.018 0.011 0.163 0.267 0.02 0.031 0.122 0.012 0.021 0.028 0.008 0.062 0.113
270 L 0.069 0.024 0.02 0.018 0.011 0.018 0.025 0.025 0.096 0.061 0.2 0.027 0.024 0.059 0.014 0.029 0.027 0.011 0.163 0.08
271 A 0.273 0.026 0.025 0.026 0.016 0.021 0.032 0.1 0.012 0.044 0.058 0.035 0.039 0.02 0.022 0.109 0.043 0.005 0.015 0.08
272 S 0.123 0.027 0.065 0.033 0.013 0.021 0.033 0.046 0.015 0.063 0.056 0.036 0.016 0.099 0.02 0.178 0.076 0.006 0.024 0.05
273 R 0.089 0.187 0.031 0.028 0.057 0.033 0.042 0.037 0.015 0.029 0.042 0.149 0.014 0.016 0.02 0.079 0.072 0.004 0.014 0.043
274 R 0.043 0.143 0.095 0.032 0.009 0.054 0.039 0.033 0.017 0.065 0.055 0.082 0.016 0.061 0.016 0.063 0.034 0.054 0.023 0.069
275 A 0.171 0.021 0.017 0.019 0.015 0.016 0.024 0.035 0.009 0.158 0.122 0.027 0.024 0.028 0.017 0.043 0.066 0.005 0.016 0.167
276 D 0.048 0.08 0.081 0.152 0.103 0.027 0.048 0.038 0.054 0.023 0.034 0.088 0.011 0.015 0.018 0.094 0.037 0.004 0.015 0.028
277 L 0.075 0.022 0.02 0.019 0.013 0.016 0.023 0.038 0.039 0.074 0.211 0.025 0.026 0.109 0.015 0.036 0.088 0.007 0.028 0.117
278 R 0.069 0.113 0.072 0.113 0.008 0.058 0.051 0.085 0.055 0.023 0.034 0.112 0.012 0.015 0.019 0.07 0.034 0.004 0.016 0.034
279 R 0.075 0.146 0.062 0.028 0.01 0.029 0.037 0.033 0.017 0.042 0.085 0.111 0.017 0.027 0.018 0.046 0.091 0.006 0.05 0.07
280 Y 0.032 0.058 0.018 0.016 0.008 0.017 0.022 0.021 0.028 0.043 0.1 0.029 0.019 0.192 0.012 0.025 0.023 0.018 0.278 0.042
281 L 0.038 0.02 0.015 0.015 0.011 0.014 0.018 0.067 0.016 0.099 0.312 0.022 0.031 0.057 0.012 0.023 0.026 0.01 0.123 0.069
282 K 0.074 0.196 0.03 0.028 0.008 0.035 0.044 0.081 0.017 0.024 0.041 0.21 0.013 0.054 0.019 0.042 0.03 0.005 0.019 0.03
283 Y 0.069 0.022 0.018 0.016 0.01 0.017 0.022 0.072 0.025 0.047 0.132 0.026 0.043 0.071 0.013 0.029 0.026 0.062 0.232 0.047
284 L 0.043 0.019 0.013 0.014 0.014 0.014 0.017 0.018 0.008 0.181 0.278 0.021 0.057 0.038 0.012 0.023 0.032 0.005 0.018 0.176
285 T 0.073 0.036 0.043 0.038 0.018 0.028 0.039 0.043 0.014 0.053 0.065 0.045 0.02 0.024 0.028 0.093 0.246 0.006 0.018 0.071
286 V 0.087 0.021 0.021 0.021 0.108 0.016 0.024 0.032 0.01 0.07 0.074 0.026 0.019 0.101 0.016 0.09 0.068 0.006 0.024 0.164
287 V 0.107 0.06 0.055 0.024 0.012 0.02 0.027 0.034 0.015 0.083 0.075 0.034 0.042 0.073 0.015 0.064 0.036 0.055 0.059 0.11
288 L 0.039 0.019 0.014 0.015 0.013 0.013 0.017 0.019 0.008 0.193 0.335 0.022 0.035 0.04 0.013 0.025 0.059 0.005 0.018 0.099
289 G 0.155 0.022 0.03 0.028 0.012 0.018 0.027 0.326 0.012 0.054 0.041 0.032 0.012 0.017 0.019 0.1 0.036 0.004 0.012 0.042
290 I 0.074 0.019 0.016 0.017 0.012 0.014 0.021 0.027 0.012 0.147 0.12 0.023 0.023 0.079 0.013 0.054 0.033 0.104 0.063 0.128
291 V 0.083 0.018 0.014 0.015 0.06 0.013 0.019 0.025 0.01 0.11 0.132 0.022 0.048 0.147 0.013 0.03 0.032 0.007 0.03 0.171
292 V 0.119 0.021 0.019 0.02 0.016 0.016 0.024 0.031 0.009 0.124 0.089 0.027 0.022 0.026 0.017 0.065 0.071 0.005 0.016 0.263
293 I 0.045 0.017 0.013 0.014 0.014 0.012 0.016 0.018 0.007 0.256 0.185 0.02 0.03 0.035 0.013 0.023 0.035 0.005 0.017 0.224
294 L 0.143 0.022 0.02 0.021 0.015 0.017 0.025 0.036 0.011 0.102 0.178 0.028 0.025 0.068 0.017 0.09 0.039 0.006 0.021 0.117
295 F 0.03 0.016 0.014 0.014 0.009 0.009 0.016 0.021 0.013 0.059 0.095 0.016 0.021 0.458 0.009 0.021 0.022 0.013 0.068 0.075
296 G 0.094 0.019 0.031 0.027 0.01 0.016 0.022 0.554 0.011 0.017 0.025 0.028 0.008 0.014 0.016 0.044 0.026 0.004 0.009 0.023
297 F 0.035 0.016 0.013 0.014 0.011 0.01 0.016 0.02 0.011 0.128 0.136 0.018 0.025 0.305 0.01 0.022 0.027 0.01 0.05 0.124
298 L 0.038 0.018 0.013 0.014 0.012 0.013 0.017 0.019 0.014 0.161 0.199 0.02 0.028 0.126 0.012 0.022 0.029 0.01 0.097 0.137
299 E 0.045 0.041 0.033 0.074 0.006 0.053 0.423 0.029 0.021 0.018 0.03 0.062 0.011 0.014 0.021 0.045 0.03 0.005 0.014 0.026
300 Y 0.071 0.133 0.022 0.02 0.01 0.023 0.029 0.028 0.022 0.04 0.12 0.045 0.018 0.054 0.015 0.058 0.03 0.059 0.161 0.042
301 F 0.037 0.022 0.087 0.025 0.01 0.015 0.023 0.028 0.017 0.079 0.144 0.025 0.022 0.231 0.012 0.055 0.03 0.01 0.075 0.054
302 L 0.043 0.022 0.018 0.018 0.013 0.016 0.022 0.022 0.018 0.148 0.196 0.026 0.029 0.061 0.015 0.032 0.073 0.011 0.126 0.09
303 G 0.085 0.025 0.029 0.065 0.012 0.046 0.034 0.174 0.012 0.059 0.089 0.033 0.017 0.021 0.018 0.048 0.112 0.005 0.014 0.103
304 P 0.045 0.03 0.091 0.033 0.009 0.021 0.033 0.034 0.014 0.029 0.07 0.066 0.012 0.015 0.349 0.042 0.061 0.003 0.012 0.032
305 D 0.049 0.038 0.079 0.225 0.008 0.082 0.062 0.088 0.027 0.02 0.029 0.075 0.011 0.014 0.019 0.097 0.037 0.004 0.013 0.025
306 F 0.035 0.017 0.013 0.014 0.011 0.01 0.016 0.02 0.011 0.102 0.165 0.018 0.026 0.306 0.01 0.022 0.026 0.01 0.05 0.118
307 W 0.025 0.019 0.012 0.012 0.006 0.012 0.019 0.025 0.012 0.025 0.043 0.019 0.012 0.05 0.006 0.019 0.019 0.584 0.056 0.025
308 E 0.044 0.035 0.027 0.047 0.009 0.103 0.138 0.027 0.018 0.093 0.092 0.046 0.018 0.028 0.065 0.039 0.06 0.006 0.051 0.054
309 A 0.139 0.098 0.029 0.065 0.012 0.023 0.036 0.04 0.016 0.032 0.048 0.044 0.014 0.067 0.018 0.081 0.085 0.055 0.058 0.041
310 L 0.131 0.02 0.014 0.016 0.014 0.014 0.02 0.03 0.01 0.124 0.254 0.024 0.029 0.112 0.014 0.033 0.031 0.007 0.026 0.079
311 N 0.045 0.031 0.296 0.064 0.008 0.024 0.035 0.235 0.021 0.017 0.025 0.039 0.009 0.014 0.016 0.052 0.035 0.004 0.011 0.021
312 L 0.038 0.017 0.012 0.013 0.013 0.012 0.016 0.017 0.008 0.249 0.313 0.02 0.035 0.041 0.012 0.02 0.03 0.005 0.018 0.112
313 R 0.083 0.111 0.034 0.039 0.01 0.061 0.108 0.037 0.055 0.024 0.037 0.086 0.013 0.016 0.068 0.099 0.066 0.004 0.017 0.032
314 E 0.075 0.077 0.036 0.096 0.009 0.034 0.109 0.047 0.092 0.028 0.045 0.108 0.037 0.018 0.019 0.052 0.06 0.005 0.019 0.033
315 L 0.036 0.02 0.012 0.012 0.013 0.013 0.017 0.017 0.008 0.095 0.488 0.021 0.041 0.045 0.012 0.02 0.027 0.006 0.018 0.079
316 W 0.025 0.019 0.012 0.012 0.006 0.012 0.019 0.025 0.012 0.025 0.043 0.019 0.012 0.05 0.006 0.019 0.019 0.584 0.056 0.025
317 E 0.112 0.034 0.071 0.132 0.01 0.036 0.205 0.043 0.018 0.022 0.032 0.049 0.011 0.015 0.021 0.102 0.039 0.004 0.013 0.031
318 L 0.104 0.051 0.058 0.028 0.011 0.028 0.039 0.036 0.014 0.048 0.188 0.187 0.022 0.024 0.019 0.041 0.033 0.005 0.015 0.049
319 K 0.047 0.088 0.034 0.034 0.007 0.044 0.058 0.035 0.017 0.023 0.035 0.408 0.013 0.013 0.023 0.044 0.033 0.004 0.014 0.027
320 G 0.064 0.019 0.032 0.028 0.009 0.015 0.021 0.598 0.011 0.015 0.023 0.028 0.008 0.013 0.015 0.042 0.024 0.004 0.009 0.02
