#Seq2Logo.py -f /work3/idamei/ssn-clusterings/2206011120/clusters/0013_50/sequences.afa -m 0.0001 -b 50 -o /work3/idamei/ssn-clusterings/2206011120/clusters/0013_50/sequences.logo -p 640x1000 -l 30
#Position Specific Frequency Matrix
A R N D C Q E G H I L K M F P S T W Y V
0 M 0.046 0.028 0.018 0.018 0.014 0.025 0.025 0.025 0.014 0.088 0.173 0.032 0.264 0.042 0.014 0.032 0.035 0.007 0.021 0.081
1 L 0.112 0.028 0.099 0.035 0.015 0.021 0.031 0.044 0.016 0.119 0.162 0.035 0.028 0.033 0.019 0.049 0.041 0.005 0.018 0.088
2 I 0.059 0.029 0.106 0.04 0.014 0.022 0.033 0.041 0.016 0.163 0.098 0.037 0.024 0.03 0.019 0.092 0.051 0.005 0.018 0.101
3 S 0.09 0.061 0.049 0.045 0.014 0.039 0.057 0.057 0.019 0.028 0.041 0.134 0.015 0.019 0.028 0.176 0.066 0.005 0.017 0.038
4 R 0.169 0.189 0.032 0.03 0.015 0.037 0.046 0.055 0.019 0.033 0.053 0.082 0.016 0.019 0.024 0.065 0.042 0.006 0.017 0.05
5 I 0.047 0.018 0.015 0.018 0.016 0.013 0.018 0.021 0.009 0.274 0.167 0.024 0.037 0.044 0.015 0.025 0.04 0.006 0.021 0.176
6 N 0.076 0.042 0.187 0.066 0.013 0.033 0.051 0.065 0.025 0.026 0.037 0.054 0.013 0.019 0.025 0.146 0.065 0.005 0.017 0.034
7 V 0.063 0.048 0.03 0.032 0.014 0.117 0.063 0.033 0.019 0.095 0.088 0.058 0.026 0.025 0.02 0.044 0.045 0.006 0.021 0.153
8 F 0.072 0.029 0.035 0.033 0.014 0.022 0.036 0.046 0.018 0.046 0.078 0.036 0.02 0.205 0.02 0.124 0.053 0.011 0.053 0.048
9 A 0.29 0.031 0.026 0.03 0.022 0.026 0.04 0.078 0.015 0.043 0.059 0.045 0.018 0.022 0.03 0.085 0.05 0.005 0.018 0.069
10 C 0.049 0.135 0.04 0.153 0.17 0.029 0.052 0.036 0.016 0.029 0.045 0.06 0.013 0.017 0.019 0.045 0.035 0.004 0.013 0.037
11 K 0.048 0.155 0.116 0.047 0.008 0.045 0.058 0.044 0.023 0.024 0.039 0.196 0.014 0.016 0.023 0.053 0.039 0.005 0.016 0.03
12 C 0.066 0.017 0.017 0.017 0.475 0.012 0.017 0.033 0.008 0.045 0.066 0.021 0.017 0.021 0.017 0.041 0.037 0.004 0.012 0.058
13 K 0.058 0.109 0.042 0.042 0.009 0.054 0.072 0.044 0.021 0.028 0.044 0.266 0.016 0.016 0.028 0.054 0.04 0.005 0.018 0.033
14 D 0.042 0.03 0.07 0.388 0.008 0.03 0.093 0.047 0.019 0.023 0.028 0.046 0.009 0.015 0.023 0.053 0.036 0.004 0.011 0.025
15 F 0.034 0.019 0.017 0.017 0.011 0.011 0.019 0.026 0.017 0.064 0.116 0.019 0.026 0.377 0.011 0.026 0.026 0.017 0.09 0.056
16 L 0.125 0.027 0.024 0.024 0.018 0.021 0.03 0.04 0.011 0.09 0.161 0.034 0.028 0.032 0.021 0.056 0.101 0.006 0.019 0.131
17 K 0.046 0.161 0.034 0.032 0.007 0.043 0.054 0.034 0.021 0.025 0.041 0.269 0.014 0.025 0.021 0.043 0.033 0.007 0.059 0.03
18 W 0.039 0.02 0.015 0.015 0.011 0.014 0.02 0.022 0.017 0.103 0.127 0.022 0.024 0.107 0.012 0.024 0.029 0.136 0.122 0.121
19 F 0.042 0.023 0.063 0.026 0.012 0.016 0.024 0.028 0.013 0.124 0.133 0.027 0.024 0.168 0.015 0.04 0.1 0.008 0.036 0.077
20 I 0.048 0.018 0.015 0.018 0.016 0.014 0.018 0.021 0.009 0.259 0.171 0.024 0.037 0.045 0.015 0.025 0.04 0.006 0.021 0.18
21 S 0.112 0.041 0.055 0.05 0.018 0.034 0.053 0.067 0.02 0.03 0.043 0.055 0.016 0.021 0.03 0.207 0.083 0.005 0.018 0.043
22 L 0.045 0.025 0.014 0.015 0.016 0.016 0.021 0.022 0.01 0.117 0.365 0.026 0.05 0.056 0.014 0.025 0.034 0.007 0.023 0.098
23 I 0.048 0.018 0.015 0.018 0.016 0.014 0.018 0.021 0.009 0.259 0.171 0.024 0.037 0.045 0.015 0.025 0.04 0.006 0.021 0.18
24 K 0.058 0.109 0.042 0.042 0.009 0.054 0.072 0.044 0.021 0.028 0.044 0.266 0.016 0.016 0.028 0.054 0.04 0.005 0.018 0.033
25 K 0.058 0.109 0.042 0.042 0.009 0.054 0.072 0.044 0.021 0.028 0.044 0.266 0.016 0.016 0.028 0.054 0.04 0.005 0.018 0.033
26 T 0.074 0.036 0.044 0.038 0.018 0.028 0.04 0.044 0.014 0.054 0.066 0.046 0.02 0.024 0.028 0.094 0.234 0.006 0.018 0.072
27 C 0.066 0.017 0.017 0.017 0.475 0.012 0.017 0.033 0.008 0.045 0.066 0.021 0.017 0.021 0.017 0.041 0.037 0.004 0.012 0.058
28 L 0.092 0.024 0.025 0.025 0.014 0.018 0.027 0.036 0.012 0.12 0.126 0.03 0.024 0.117 0.018 0.101 0.076 0.007 0.029 0.077
29 L 0.044 0.023 0.024 0.06 0.01 0.018 0.027 0.147 0.021 0.053 0.183 0.027 0.023 0.06 0.014 0.031 0.027 0.012 0.147 0.05
30 V 0.071 0.026 0.028 0.027 0.016 0.02 0.03 0.036 0.011 0.118 0.085 0.033 0.022 0.027 0.019 0.132 0.086 0.005 0.017 0.192
31 L 0.048 0.02 0.017 0.017 0.014 0.014 0.02 0.023 0.01 0.13 0.185 0.023 0.03 0.123 0.014 0.031 0.068 0.007 0.03 0.176
32 L 0.042 0.021 0.013 0.014 0.015 0.014 0.018 0.019 0.009 0.106 0.414 0.022 0.042 0.046 0.013 0.022 0.031 0.006 0.019 0.116
33 L 0.117 0.022 0.015 0.017 0.015 0.016 0.022 0.031 0.01 0.087 0.283 0.025 0.033 0.087 0.015 0.034 0.033 0.007 0.025 0.106
34 F 0.03 0.017 0.015 0.015 0.009 0.009 0.017 0.022 0.015 0.056 0.1 0.017 0.022 0.462 0.009 0.022 0.022 0.015 0.078 0.048
35 L 0.045 0.021 0.018 0.018 0.073 0.015 0.021 0.026 0.012 0.069 0.208 0.024 0.055 0.182 0.013 0.058 0.033 0.009 0.038 0.062
36 F 0.037 0.019 0.019 0.018 0.01 0.012 0.02 0.026 0.015 0.052 0.093 0.02 0.021 0.412 0.011 0.056 0.028 0.014 0.071 0.047
37 I 0.05 0.017 0.014 0.016 0.015 0.013 0.018 0.02 0.007 0.267 0.133 0.022 0.03 0.036 0.014 0.025 0.039 0.005 0.018 0.243
38 F 0.032 0.019 0.016 0.015 0.009 0.013 0.019 0.022 0.024 0.05 0.087 0.02 0.02 0.344 0.011 0.024 0.023 0.018 0.188 0.046
39 A 0.272 0.029 0.07 0.034 0.016 0.023 0.036 0.123 0.015 0.032 0.044 0.04 0.014 0.018 0.024 0.097 0.045 0.005 0.015 0.049
40 F 0.032 0.016 0.014 0.015 0.01 0.01 0.016 0.021 0.013 0.125 0.111 0.018 0.025 0.366 0.01 0.022 0.025 0.013 0.064 0.073
41 P 0.052 0.123 0.028 0.03 0.009 0.028 0.04 0.034 0.015 0.023 0.035 0.091 0.011 0.013 0.325 0.065 0.035 0.003 0.013 0.028
42 L 0.04 0.019 0.013 0.014 0.014 0.013 0.017 0.018 0.008 0.213 0.321 0.022 0.039 0.044 0.013 0.022 0.032 0.006 0.019 0.115
43 P 0.043 0.021 0.018 0.022 0.01 0.016 0.026 0.027 0.015 0.07 0.064 0.029 0.016 0.129 0.308 0.032 0.029 0.008 0.072 0.048
44 G 0.059 0.029 0.025 0.024 0.013 0.02 0.027 0.151 0.011 0.132 0.122 0.066 0.023 0.028 0.017 0.065 0.038 0.005 0.016 0.13
45 L 0.038 0.018 0.014 0.014 0.012 0.012 0.017 0.021 0.011 0.116 0.227 0.02 0.031 0.224 0.011 0.023 0.029 0.01 0.044 0.108
46 L 0.048 0.027 0.021 0.02 0.012 0.017 0.024 0.147 0.011 0.098 0.163 0.062 0.025 0.118 0.014 0.031 0.03 0.007 0.028 0.096
47 N 0.041 0.037 0.319 0.063 0.008 0.029 0.041 0.113 0.072 0.019 0.028 0.044 0.01 0.017 0.017 0.057 0.039 0.004 0.017 0.023
48 S 0.093 0.035 0.046 0.042 0.015 0.029 0.045 0.056 0.016 0.028 0.039 0.047 0.014 0.019 0.026 0.289 0.102 0.005 0.015 0.04
49 G 0.14 0.027 0.036 0.081 0.014 0.022 0.038 0.157 0.013 0.042 0.048 0.037 0.014 0.019 0.022 0.116 0.079 0.005 0.014 0.077
50 Y 0.036 0.03 0.029 0.022 0.008 0.024 0.032 0.026 0.175 0.032 0.051 0.032 0.015 0.085 0.015 0.031 0.024 0.018 0.282 0.034
51 L 0.045 0.019 0.013 0.015 0.015 0.013 0.018 0.019 0.008 0.199 0.271 0.022 0.036 0.041 0.013 0.023 0.034 0.006 0.019 0.171
52 A 0.212 0.026 0.028 0.028 0.016 0.021 0.033 0.113 0.013 0.074 0.061 0.036 0.017 0.021 0.022 0.116 0.047 0.005 0.015 0.093
53 F 0.049 0.024 0.024 0.022 0.012 0.018 0.026 0.029 0.018 0.087 0.12 0.029 0.023 0.145 0.016 0.07 0.103 0.011 0.109 0.065
54 V 0.058 0.021 0.021 0.021 0.015 0.016 0.024 0.027 0.01 0.154 0.104 0.026 0.025 0.079 0.016 0.065 0.076 0.006 0.024 0.211
55 L 0.038 0.018 0.013 0.015 0.013 0.012 0.017 0.019 0.01 0.21 0.242 0.02 0.034 0.129 0.012 0.022 0.03 0.008 0.031 0.109
56 A 0.185 0.03 0.034 0.033 0.017 0.025 0.038 0.055 0.014 0.046 0.053 0.041 0.016 0.02 0.025 0.174 0.089 0.005 0.016 0.084
57 F 0.072 0.019 0.015 0.016 0.012 0.012 0.019 0.026 0.013 0.068 0.207 0.021 0.028 0.28 0.012 0.028 0.027 0.011 0.052 0.061
58 I 0.076 0.018 0.014 0.016 0.014 0.013 0.019 0.025 0.01 0.196 0.195 0.022 0.031 0.135 0.013 0.028 0.032 0.008 0.032 0.104
59 L 0.045 0.021 0.017 0.018 0.013 0.015 0.021 0.024 0.013 0.141 0.26 0.025 0.033 0.096 0.014 0.056 0.034 0.008 0.06 0.087
60 L 0.041 0.02 0.013 0.014 0.014 0.013 0.018 0.019 0.009 0.13 0.339 0.021 0.038 0.092 0.012 0.022 0.031 0.007 0.026 0.119
61 L 0.037 0.019 0.013 0.014 0.013 0.013 0.017 0.019 0.01 0.144 0.31 0.021 0.036 0.14 0.012 0.022 0.029 0.008 0.033 0.091
62 L 0.084 0.02 0.017 0.017 0.135 0.014 0.021 0.03 0.01 0.07 0.163 0.024 0.025 0.128 0.015 0.037 0.06 0.007 0.03 0.095
63 S 0.071 0.035 0.161 0.101 0.012 0.029 0.049 0.056 0.02 0.023 0.032 0.046 0.012 0.017 0.023 0.204 0.058 0.004 0.014 0.031
64 Q 0.051 0.09 0.031 0.031 0.07 0.123 0.054 0.034 0.018 0.056 0.052 0.092 0.017 0.021 0.018 0.071 0.037 0.067 0.021 0.044
65 K 0.053 0.136 0.079 0.044 0.009 0.041 0.088 0.04 0.019 0.025 0.039 0.169 0.013 0.016 0.022 0.082 0.073 0.005 0.015 0.032
66 A 0.163 0.085 0.027 0.027 0.013 0.028 0.038 0.104 0.014 0.072 0.06 0.116 0.017 0.02 0.021 0.051 0.037 0.005 0.015 0.087
67 R 0.042 0.199 0.026 0.022 0.01 0.03 0.034 0.026 0.063 0.061 0.157 0.061 0.05 0.029 0.015 0.033 0.031 0.006 0.021 0.083
68 N 0.048 0.042 0.202 0.051 0.01 0.029 0.042 0.046 0.068 0.062 0.047 0.079 0.014 0.02 0.019 0.083 0.069 0.005 0.019 0.044
69 L 0.046 0.021 0.057 0.021 0.075 0.015 0.021 0.025 0.01 0.123 0.255 0.025 0.032 0.036 0.014 0.029 0.035 0.005 0.017 0.138
70 L 0.116 0.022 0.018 0.019 0.014 0.016 0.023 0.033 0.012 0.066 0.204 0.026 0.027 0.17 0.016 0.041 0.066 0.009 0.037 0.065
71 F 0.085 0.032 0.024 0.023 0.013 0.021 0.029 0.032 0.016 0.061 0.115 0.067 0.022 0.125 0.018 0.046 0.102 0.009 0.073 0.089
72 S 0.105 0.072 0.033 0.03 0.014 0.024 0.034 0.103 0.014 0.079 0.061 0.044 0.017 0.022 0.021 0.133 0.082 0.005 0.015 0.09
73 L 0.076 0.02 0.014 0.015 0.014 0.014 0.019 0.025 0.011 0.113 0.292 0.023 0.034 0.138 0.013 0.028 0.03 0.008 0.032 0.081
74 L 0.042 0.019 0.016 0.017 0.014 0.014 0.019 0.021 0.009 0.202 0.236 0.023 0.033 0.088 0.014 0.029 0.066 0.007 0.025 0.108
75 K 0.058 0.12 0.038 0.037 0.009 0.043 0.057 0.041 0.018 0.024 0.038 0.272 0.014 0.015 0.024 0.101 0.042 0.005 0.015 0.03
76 N 0.05 0.046 0.161 0.053 0.01 0.065 0.087 0.044 0.021 0.029 0.04 0.087 0.014 0.017 0.021 0.063 0.134 0.005 0.015 0.038
77 K 0.083 0.14 0.034 0.032 0.009 0.038 0.051 0.038 0.065 0.024 0.039 0.201 0.013 0.016 0.082 0.046 0.033 0.005 0.019 0.031
78 I 0.04 0.022 0.017 0.018 0.012 0.045 0.025 0.022 0.012 0.194 0.115 0.026 0.027 0.179 0.013 0.026 0.032 0.008 0.038 0.128
79 F 0.048 0.021 0.02 0.02 0.013 0.015 0.022 0.027 0.012 0.136 0.14 0.025 0.026 0.169 0.015 0.063 0.07 0.008 0.037 0.112
80 L 0.036 0.019 0.014 0.015 0.012 0.013 0.018 0.02 0.014 0.165 0.186 0.021 0.029 0.138 0.011 0.022 0.028 0.072 0.079 0.09
81 L 0.05 0.021 0.02 0.02 0.074 0.016 0.022 0.027 0.01 0.127 0.213 0.026 0.029 0.083 0.015 0.063 0.07 0.006 0.024 0.083
82 L 0.122 0.024 0.023 0.023 0.015 0.019 0.027 0.038 0.011 0.13 0.207 0.031 0.028 0.033 0.018 0.099 0.043 0.005 0.017 0.085
83 L 0.076 0.02 0.015 0.016 0.013 0.014 0.02 0.025 0.014 0.136 0.221 0.023 0.03 0.135 0.014 0.028 0.03 0.01 0.074 0.085
84 L 0.092 0.024 0.022 0.022 0.015 0.018 0.026 0.034 0.012 0.077 0.234 0.029 0.029 0.083 0.017 0.095 0.041 0.006 0.025 0.098
85 L 0.095 0.025 0.025 0.025 0.015 0.019 0.028 0.037 0.012 0.124 0.165 0.031 0.026 0.08 0.018 0.121 0.045 0.006 0.024 0.078
86 Y 0.038 0.027 0.019 0.018 0.01 0.049 0.029 0.022 0.026 0.088 0.153 0.03 0.025 0.12 0.014 0.027 0.028 0.015 0.199 0.062
87 L 0.114 0.021 0.015 0.017 0.016 0.016 0.022 0.03 0.009 0.128 0.259 0.026 0.033 0.037 0.016 0.034 0.036 0.005 0.018 0.15
88 F 0.086 0.021 0.021 0.021 0.061 0.015 0.023 0.094 0.012 0.055 0.155 0.026 0.023 0.176 0.015 0.065 0.033 0.008 0.037 0.054
89 L 0.039 0.019 0.013 0.015 0.014 0.014 0.017 0.019 0.01 0.183 0.283 0.022 0.057 0.091 0.012 0.023 0.031 0.007 0.026 0.104
90 L 0.042 0.018 0.013 0.015 0.014 0.013 0.017 0.019 0.009 0.219 0.235 0.021 0.034 0.089 0.013 0.023 0.033 0.007 0.025 0.144
91 L 0.046 0.021 0.02 0.02 0.013 0.015 0.022 0.026 0.012 0.131 0.179 0.025 0.028 0.171 0.014 0.062 0.068 0.008 0.037 0.081
92 F 0.035 0.02 0.016 0.015 0.01 0.013 0.02 0.022 0.023 0.06 0.088 0.021 0.021 0.295 0.011 0.025 0.025 0.017 0.181 0.081
93 S 0.083 0.031 0.041 0.037 0.015 0.025 0.039 0.11 0.015 0.065 0.05 0.042 0.016 0.02 0.023 0.225 0.093 0.005 0.015 0.051
94 L 0.048 0.02 0.018 0.018 0.122 0.015 0.02 0.027 0.011 0.127 0.143 0.024 0.052 0.13 0.014 0.059 0.035 0.007 0.03 0.079
95 I 0.081 0.019 0.015 0.016 0.014 0.013 0.019 0.026 0.01 0.176 0.153 0.023 0.028 0.132 0.014 0.029 0.034 0.007 0.032 0.158
96 S 0.069 0.032 0.119 0.042 0.014 0.025 0.038 0.047 0.017 0.078 0.058 0.041 0.017 0.022 0.021 0.165 0.088 0.005 0.016 0.087
97 T 0.094 0.027 0.028 0.026 0.016 0.021 0.03 0.036 0.011 0.068 0.144 0.034 0.024 0.027 0.021 0.062 0.209 0.005 0.017 0.1
98 L 0.053 0.024 0.023 0.022 0.014 0.018 0.025 0.028 0.014 0.136 0.171 0.029 0.027 0.042 0.017 0.07 0.107 0.008 0.061 0.11
99 L 0.041 0.019 0.013 0.015 0.014 0.013 0.017 0.019 0.009 0.189 0.27 0.021 0.035 0.09 0.012 0.022 0.032 0.007 0.026 0.136
100 N 0.045 0.034 0.192 0.047 0.01 0.026 0.038 0.043 0.114 0.098 0.057 0.04 0.016 0.024 0.017 0.076 0.04 0.005 0.023 0.054
101 G 0.052 0.034 0.161 0.046 0.008 0.056 0.04 0.274 0.067 0.019 0.029 0.043 0.01 0.016 0.017 0.05 0.033 0.005 0.017 0.023
102 S 0.107 0.037 0.039 0.042 0.014 0.062 0.084 0.047 0.017 0.033 0.045 0.05 0.015 0.018 0.024 0.153 0.145 0.005 0.016 0.046
103 Y 0.04 0.027 0.027 0.076 0.008 0.024 0.071 0.075 0.033 0.032 0.05 0.033 0.014 0.083 0.016 0.033 0.026 0.018 0.277 0.035
104 D 0.036 0.026 0.061 0.471 0.007 0.026 0.08 0.041 0.016 0.02 0.025 0.039 0.008 0.013 0.02 0.046 0.031 0.003 0.01 0.021
105 F 0.036 0.018 0.015 0.015 0.011 0.012 0.018 0.021 0.016 0.103 0.135 0.02 0.025 0.288 0.011 0.023 0.027 0.013 0.096 0.098
106 S 0.078 0.031 0.038 0.035 0.015 0.025 0.038 0.045 0.017 0.046 0.053 0.041 0.016 0.031 0.023 0.197 0.124 0.007 0.06 0.08
107 I 0.042 0.018 0.014 0.016 0.014 0.015 0.018 0.02 0.009 0.299 0.153 0.023 0.085 0.04 0.013 0.024 0.035 0.006 0.019 0.138
108 L 0.041 0.021 0.06 0.023 0.012 0.015 0.021 0.086 0.013 0.13 0.181 0.025 0.054 0.132 0.013 0.029 0.03 0.007 0.03 0.077
109 R 0.085 0.184 0.032 0.03 0.009 0.036 0.045 0.097 0.017 0.023 0.038 0.172 0.012 0.014 0.081 0.045 0.033 0.004 0.014 0.03
110 T 0.061 0.028 0.033 0.03 0.015 0.022 0.032 0.035 0.011 0.054 0.06 0.037 0.017 0.021 0.083 0.07 0.281 0.005 0.015 0.092
111 L 0.037 0.021 0.013 0.014 0.012 0.015 0.018 0.021 0.01 0.112 0.302 0.022 0.061 0.047 0.011 0.022 0.028 0.13 0.028 0.078
112 I 0.081 0.019 0.017 0.018 0.014 0.014 0.02 0.027 0.01 0.202 0.111 0.024 0.026 0.129 0.015 0.035 0.069 0.007 0.03 0.133
113 N 0.037 0.039 0.411 0.072 0.008 0.029 0.043 0.056 0.027 0.019 0.027 0.046 0.01 0.016 0.017 0.06 0.043 0.004 0.014 0.023
114 N 0.04 0.035 0.33 0.112 0.008 0.027 0.044 0.112 0.024 0.019 0.027 0.044 0.009 0.015 0.018 0.057 0.039 0.004 0.013 0.023
115 L 0.078 0.019 0.014 0.016 0.013 0.013 0.019 0.025 0.01 0.146 0.21 0.022 0.03 0.153 0.013 0.028 0.031 0.008 0.034 0.118
116 L 0.076 0.019 0.014 0.015 0.013 0.013 0.019 0.024 0.01 0.143 0.265 0.022 0.033 0.136 0.013 0.027 0.03 0.008 0.031 0.088
117 S 0.16 0.033 0.041 0.038 0.016 0.027 0.043 0.059 0.016 0.028 0.039 0.045 0.014 0.018 0.026 0.271 0.065 0.005 0.015 0.041
118 L 0.044 0.021 0.016 0.016 0.014 0.014 0.02 0.022 0.01 0.093 0.258 0.023 0.032 0.135 0.013 0.029 0.066 0.008 0.031 0.136
119 F 0.039 0.018 0.014 0.014 0.012 0.012 0.018 0.021 0.011 0.089 0.223 0.02 0.03 0.232 0.011 0.023 0.029 0.01 0.044 0.131
120 G 0.114 0.026 0.036 0.033 0.074 0.022 0.033 0.229 0.013 0.025 0.036 0.037 0.012 0.017 0.021 0.172 0.048 0.004 0.013 0.035
121 C 0.141 0.024 0.027 0.026 0.196 0.019 0.029 0.045 0.012 0.071 0.058 0.032 0.016 0.02 0.02 0.14 0.047 0.004 0.014 0.058
122 L 0.092 0.023 0.018 0.019 0.015 0.017 0.024 0.03 0.01 0.127 0.185 0.028 0.056 0.034 0.016 0.064 0.041 0.005 0.018 0.178
123 I 0.155 0.02 0.016 0.018 0.015 0.015 0.022 0.035 0.01 0.195 0.144 0.026 0.026 0.081 0.017 0.039 0.035 0.006 0.024 0.102
124 L 0.041 0.019 0.013 0.014 0.013 0.013 0.018 0.02 0.01 0.129 0.268 0.021 0.033 0.137 0.012 0.023 0.031 0.008 0.031 0.146
125 V 0.13 0.021 0.019 0.021 0.016 0.017 0.025 0.034 0.01 0.182 0.101 0.028 0.025 0.029 0.017 0.069 0.043 0.005 0.017 0.191
126 S 0.113 0.029 0.035 0.033 0.075 0.023 0.036 0.048 0.014 0.069 0.054 0.039 0.016 0.021 0.023 0.205 0.09 0.005 0.015 0.056
127 L 0.046 0.024 0.02 0.019 0.073 0.017 0.023 0.025 0.058 0.076 0.322 0.026 0.033 0.038 0.014 0.058 0.033 0.006 0.021 0.067
128 L 0.039 0.019 0.014 0.014 0.013 0.013 0.018 0.02 0.013 0.118 0.262 0.021 0.032 0.146 0.012 0.023 0.029 0.01 0.075 0.11
129 F 0.034 0.018 0.015 0.015 0.01 0.012 0.018 0.02 0.018 0.126 0.14 0.02 0.025 0.248 0.011 0.023 0.026 0.014 0.132 0.073
130 S 0.07 0.033 0.033 0.031 0.014 0.059 0.041 0.039 0.018 0.059 0.062 0.042 0.019 0.033 0.021 0.145 0.088 0.007 0.065 0.12
131 W 0.037 0.03 0.025 0.022 0.008 0.055 0.034 0.029 0.071 0.033 0.054 0.033 0.016 0.1 0.013 0.035 0.063 0.215 0.093 0.035
132 F 0.101 0.026 0.088 0.034 0.012 0.019 0.029 0.144 0.018 0.04 0.066 0.032 0.017 0.177 0.017 0.049 0.034 0.009 0.042 0.044
133 G 0.095 0.032 0.047 0.042 0.014 0.026 0.039 0.286 0.017 0.025 0.036 0.044 0.013 0.019 0.025 0.131 0.057 0.005 0.014 0.034
134 S 0.057 0.08 0.076 0.041 0.009 0.062 0.082 0.099 0.021 0.023 0.036 0.053 0.012 0.026 0.08 0.106 0.04 0.007 0.058 0.03
135 K 0.052 0.104 0.12 0.043 0.008 0.037 0.049 0.103 0.019 0.022 0.034 0.198 0.012 0.015 0.021 0.079 0.039 0.004 0.014 0.027
136 K 0.046 0.096 0.037 0.131 0.008 0.065 0.058 0.034 0.017 0.035 0.043 0.161 0.014 0.015 0.081 0.042 0.034 0.004 0.014 0.064
137 N 0.05 0.079 0.205 0.05 0.009 0.029 0.04 0.106 0.068 0.023 0.033 0.049 0.012 0.017 0.019 0.085 0.074 0.005 0.018 0.029
138 I 0.046 0.017 0.013 0.015 0.014 0.012 0.017 0.019 0.008 0.26 0.129 0.021 0.029 0.084 0.013 0.024 0.036 0.006 0.024 0.213
139 F 0.042 0.024 0.021 0.03 0.01 0.022 0.102 0.084 0.017 0.116 0.122 0.031 0.022 0.136 0.014 0.03 0.028 0.009 0.073 0.066
140 K 0.042 0.058 0.087 0.188 0.007 0.036 0.063 0.04 0.066 0.021 0.031 0.19 0.011 0.015 0.021 0.046 0.033 0.004 0.017 0.024
141 L 0.037 0.023 0.018 0.016 0.011 0.016 0.022 0.021 0.065 0.102 0.249 0.024 0.03 0.106 0.013 0.024 0.027 0.011 0.116 0.07
142 L 0.036 0.02 0.014 0.015 0.012 0.014 0.018 0.021 0.012 0.077 0.235 0.021 0.085 0.234 0.011 0.024 0.027 0.01 0.045 0.066
143 F 0.054 0.021 0.02 0.02 0.074 0.015 0.023 0.028 0.011 0.078 0.087 0.024 0.021 0.174 0.015 0.066 0.072 0.008 0.036 0.155
144 L 0.083 0.026 0.025 0.023 0.012 0.021 0.029 0.032 0.11 0.12 0.158 0.031 0.024 0.041 0.016 0.065 0.034 0.008 0.068 0.072
145 I 0.045 0.017 0.013 0.015 0.015 0.012 0.017 0.019 0.008 0.29 0.173 0.021 0.032 0.037 0.013 0.023 0.036 0.005 0.018 0.193
146 L 0.076 0.021 0.014 0.015 0.014 0.014 0.019 0.024 0.01 0.088 0.376 0.023 0.037 0.091 0.013 0.027 0.03 0.007 0.025 0.076
147 L 0.039 0.019 0.014 0.015 0.013 0.013 0.018 0.02 0.011 0.118 0.234 0.021 0.059 0.185 0.012 0.023 0.029 0.009 0.038 0.11
148 L 0.039 0.018 0.012 0.014 0.014 0.013 0.016 0.018 0.008 0.22 0.321 0.021 0.038 0.043 0.012 0.021 0.031 0.006 0.019 0.114
149 Q 0.048 0.063 0.038 0.041 0.008 0.323 0.089 0.036 0.025 0.023 0.041 0.079 0.018 0.013 0.02 0.048 0.036 0.005 0.018 0.03
150 S 0.117 0.032 0.041 0.037 0.016 0.026 0.04 0.052 0.015 0.034 0.044 0.043 0.015 0.019 0.025 0.217 0.161 0.005 0.015 0.047
151 F 0.036 0.017 0.014 0.015 0.012 0.011 0.017 0.021 0.012 0.14 0.151 0.019 0.027 0.279 0.011 0.022 0.028 0.01 0.051 0.11
152 F 0.08 0.021 0.019 0.019 0.012 0.015 0.023 0.03 0.015 0.093 0.168 0.025 0.025 0.188 0.014 0.062 0.033 0.01 0.081 0.066
153 I 0.041 0.015 0.013 0.015 0.014 0.011 0.015 0.018 0.008 0.372 0.145 0.02 0.032 0.038 0.013 0.022 0.034 0.005 0.018 0.152
154 L 0.039 0.019 0.013 0.014 0.013 0.014 0.017 0.019 0.01 0.184 0.283 0.022 0.063 0.091 0.012 0.022 0.031 0.007 0.025 0.102
155 L 0.117 0.02 0.015 0.017 0.015 0.015 0.021 0.029 0.009 0.176 0.265 0.025 0.033 0.038 0.015 0.033 0.034 0.005 0.018 0.101
156 M 0.083 0.028 0.018 0.018 0.014 0.024 0.025 0.029 0.014 0.081 0.156 0.032 0.247 0.039 0.015 0.036 0.036 0.007 0.02 0.077
157 L 0.041 0.022 0.014 0.015 0.014 0.017 0.019 0.02 0.01 0.156 0.294 0.025 0.118 0.043 0.013 0.024 0.032 0.006 0.019 0.097
158 L 0.039 0.018 0.013 0.014 0.013 0.012 0.017 0.019 0.01 0.155 0.272 0.02 0.034 0.138 0.012 0.022 0.03 0.008 0.031 0.122
159 F 0.053 0.024 0.026 0.024 0.012 0.017 0.027 0.034 0.015 0.049 0.086 0.028 0.047 0.273 0.015 0.125 0.04 0.01 0.05 0.047
160 P 0.054 0.024 0.023 0.028 0.01 0.019 0.033 0.034 0.012 0.023 0.032 0.037 0.009 0.012 0.504 0.07 0.036 0.002 0.012 0.028
161 D 0.053 0.035 0.088 0.203 0.008 0.037 0.172 0.042 0.019 0.021 0.03 0.05 0.01 0.015 0.021 0.11 0.041 0.004 0.013 0.027
162 I 0.039 0.017 0.013 0.015 0.013 0.011 0.016 0.02 0.01 0.21 0.161 0.019 0.029 0.183 0.012 0.022 0.03 0.008 0.038 0.134
163 R 0.047 0.212 0.161 0.044 0.008 0.033 0.042 0.102 0.021 0.02 0.034 0.07 0.012 0.015 0.018 0.078 0.038 0.005 0.014 0.026
164 E 0.087 0.036 0.082 0.157 0.009 0.039 0.206 0.042 0.02 0.022 0.032 0.052 0.011 0.015 0.022 0.082 0.038 0.004 0.013 0.03
165 F 0.043 0.02 0.017 0.017 0.012 0.014 0.02 0.023 0.014 0.081 0.173 0.023 0.027 0.189 0.013 0.03 0.065 0.011 0.081 0.128
166 I 0.045 0.017 0.013 0.015 0.015 0.012 0.017 0.019 0.008 0.29 0.173 0.021 0.032 0.037 0.013 0.023 0.036 0.005 0.018 0.193
167 Q 0.048 0.063 0.038 0.041 0.008 0.323 0.089 0.036 0.025 0.023 0.041 0.079 0.018 0.013 0.02 0.048 0.036 0.005 0.018 0.03
168 S 0.127 0.034 0.044 0.04 0.015 0.028 0.044 0.058 0.016 0.027 0.038 0.046 0.014 0.018 0.026 0.299 0.068 0.005 0.015 0.039
169 L 0.039 0.022 0.059 0.021 0.012 0.016 0.021 0.024 0.018 0.137 0.174 0.025 0.027 0.102 0.013 0.028 0.031 0.01 0.112 0.11
170 I 0.045 0.017 0.013 0.015 0.015 0.012 0.017 0.019 0.008 0.29 0.173 0.021 0.032 0.037 0.013 0.023 0.036 0.005 0.018 0.193
171 R 0.038 0.435 0.033 0.027 0.007 0.042 0.045 0.028 0.02 0.02 0.04 0.104 0.013 0.015 0.017 0.038 0.03 0.005 0.015 0.027
172 T 0.064 0.032 0.08 0.038 0.014 0.025 0.036 0.042 0.014 0.041 0.051 0.041 0.016 0.02 0.023 0.105 0.285 0.005 0.015 0.054
173 D 0.043 0.049 0.046 0.243 0.007 0.07 0.146 0.037 0.019 0.021 0.031 0.124 0.011 0.013 0.021 0.046 0.032 0.004 0.013 0.025
174 S 0.141 0.032 0.043 0.14 0.013 0.03 0.089 0.053 0.016 0.026 0.036 0.045 0.012 0.017 0.024 0.177 0.051 0.004 0.014 0.037
175 E 0.048 0.05 0.036 0.065 0.007 0.145 0.292 0.032 0.023 0.02 0.035 0.07 0.013 0.014 0.022 0.048 0.033 0.005 0.015 0.028
176 L 0.081 0.022 0.017 0.018 0.015 0.016 0.021 0.026 0.01 0.176 0.233 0.026 0.059 0.037 0.015 0.035 0.069 0.006 0.018 0.101
177 E 0.046 0.041 0.038 0.123 0.006 0.052 0.359 0.031 0.022 0.019 0.031 0.062 0.011 0.014 0.022 0.047 0.032 0.005 0.014 0.026
178 R 0.035 0.25 0.026 0.021 0.008 0.028 0.033 0.025 0.02 0.034 0.062 0.066 0.017 0.178 0.014 0.032 0.027 0.01 0.08 0.035
179 M 0.045 0.028 0.017 0.017 0.014 0.024 0.024 0.024 0.014 0.087 0.17 0.031 0.276 0.042 0.014 0.031 0.035 0.007 0.021 0.08
180 A 0.29 0.029 0.03 0.031 0.017 0.024 0.038 0.064 0.014 0.033 0.046 0.041 0.015 0.018 0.026 0.158 0.052 0.005 0.015 0.052
181 A 0.143 0.046 0.143 0.05 0.012 0.108 0.06 0.057 0.024 0.029 0.043 0.059 0.015 0.017 0.023 0.065 0.044 0.005 0.017 0.041
182 T 0.063 0.028 0.034 0.03 0.015 0.022 0.031 0.096 0.011 0.053 0.059 0.036 0.017 0.021 0.022 0.07 0.28 0.005 0.015 0.091
183 Y 0.035 0.024 0.019 0.016 0.008 0.019 0.024 0.021 0.04 0.038 0.059 0.027 0.016 0.113 0.013 0.027 0.024 0.024 0.412 0.04
184 G 0.061 0.024 0.118 0.039 0.009 0.019 0.027 0.462 0.015 0.017 0.025 0.033 0.008 0.014 0.017 0.048 0.029 0.004 0.01 0.021
185 G 0.061 0.024 0.118 0.039 0.009 0.019 0.027 0.462 0.015 0.017 0.025 0.033 0.008 0.014 0.017 0.048 0.029 0.004 0.01 0.021
186 V 0.054 0.018 0.014 0.015 0.016 0.013 0.018 0.02 0.007 0.218 0.123 0.022 0.029 0.033 0.014 0.026 0.04 0.005 0.018 0.297
187 R 0.038 0.435 0.033 0.027 0.007 0.042 0.045 0.028 0.02 0.02 0.04 0.104 0.013 0.015 0.017 0.038 0.03 0.005 0.015 0.027
188 G 0.067 0.02 0.034 0.029 0.009 0.016 0.022 0.578 0.012 0.016 0.024 0.029 0.008 0.014 0.016 0.044 0.026 0.005 0.009 0.021
189 L 0.037 0.019 0.013 0.014 0.013 0.013 0.017 0.019 0.01 0.12 0.346 0.02 0.037 0.14 0.012 0.021 0.028 0.008 0.032 0.083
190 G 0.103 0.021 0.032 0.029 0.01 0.017 0.023 0.521 0.012 0.019 0.027 0.03 0.009 0.014 0.017 0.047 0.028 0.005 0.01 0.025
191 I 0.047 0.017 0.013 0.015 0.015 0.013 0.017 0.019 0.008 0.265 0.169 0.021 0.031 0.037 0.013 0.024 0.036 0.005 0.018 0.217
192 S 0.16 0.033 0.041 0.038 0.016 0.027 0.043 0.059 0.016 0.028 0.039 0.045 0.014 0.018 0.026 0.271 0.065 0.005 0.015 0.041
193 G 0.067 0.02 0.034 0.029 0.009 0.016 0.022 0.578 0.012 0.016 0.024 0.029 0.008 0.014 0.016 0.044 0.026 0.005 0.009 0.021
194 S 0.095 0.035 0.047 0.042 0.015 0.029 0.045 0.057 0.017 0.026 0.036 0.047 0.014 0.018 0.026 0.328 0.071 0.004 0.015 0.036
195 V 0.052 0.019 0.014 0.016 0.015 0.014 0.019 0.02 0.008 0.212 0.13 0.023 0.056 0.034 0.014 0.026 0.039 0.005 0.018 0.265
196 A 0.388 0.027 0.022 0.026 0.019 0.022 0.035 0.067 0.013 0.037 0.051 0.038 0.015 0.019 0.026 0.073 0.043 0.005 0.015 0.059
197 F 0.029 0.016 0.015 0.015 0.009 0.009 0.016 0.022 0.015 0.055 0.098 0.016 0.022 0.471 0.009 0.022 0.022 0.015 0.077 0.047
198 G 0.067 0.02 0.034 0.029 0.009 0.016 0.022 0.578 0.012 0.016 0.024 0.029 0.008 0.014 0.016 0.044 0.026 0.005 0.009 0.021
199 L 0.038 0.021 0.012 0.013 0.014 0.014 0.017 0.018 0.009 0.099 0.462 0.022 0.043 0.047 0.012 0.021 0.029 0.006 0.019 0.083
200 A 0.29 0.029 0.03 0.031 0.017 0.024 0.038 0.064 0.014 0.033 0.046 0.041 0.015 0.018 0.026 0.158 0.052 0.005 0.015 0.052
201 I 0.084 0.02 0.019 0.02 0.015 0.015 0.022 0.028 0.009 0.262 0.115 0.027 0.027 0.032 0.017 0.04 0.106 0.005 0.017 0.122
202 T 0.096 0.027 0.03 0.028 0.016 0.021 0.03 0.037 0.011 0.092 0.072 0.035 0.02 0.023 0.022 0.067 0.247 0.005 0.016 0.105
203 M 0.045 0.028 0.017 0.017 0.014 0.024 0.024 0.024 0.014 0.087 0.17 0.031 0.276 0.042 0.014 0.031 0.035 0.007 0.021 0.08
204 G 0.077 0.025 0.038 0.033 0.011 0.02 0.03 0.404 0.013 0.019 0.028 0.035 0.01 0.015 0.019 0.139 0.041 0.005 0.011 0.026
205 F 0.036 0.018 0.014 0.014 0.072 0.011 0.016 0.021 0.011 0.103 0.22 0.019 0.029 0.231 0.011 0.023 0.027 0.009 0.044 0.071
206 L 0.038 0.021 0.012 0.013 0.014 0.014 0.017 0.018 0.009 0.099 0.462 0.022 0.043 0.047 0.012 0.021 0.029 0.006 0.019 0.083
207 G 0.103 0.022 0.032 0.029 0.012 0.018 0.025 0.401 0.012 0.059 0.042 0.031 0.012 0.018 0.018 0.076 0.034 0.005 0.012 0.041
208 F 0.031 0.019 0.015 0.015 0.009 0.012 0.018 0.021 0.02 0.056 0.13 0.019 0.023 0.345 0.01 0.023 0.023 0.016 0.145 0.05
209 L 0.039 0.018 0.013 0.014 0.073 0.012 0.016 0.02 0.01 0.143 0.265 0.02 0.032 0.136 0.012 0.023 0.029 0.007 0.031 0.087
210 L 0.055 0.025 0.024 0.022 0.013 0.018 0.026 0.03 0.015 0.07 0.198 0.029 0.026 0.09 0.017 0.097 0.074 0.008 0.068 0.093
211 L 0.041 0.027 0.026 0.022 0.012 0.021 0.028 0.025 0.154 0.127 0.203 0.029 0.028 0.035 0.015 0.033 0.064 0.006 0.029 0.075
212 Y 0.043 0.021 0.016 0.016 0.012 0.015 0.021 0.021 0.023 0.111 0.091 0.024 0.022 0.117 0.013 0.026 0.031 0.014 0.199 0.163
213 W 0.027 0.022 0.017 0.015 0.007 0.015 0.023 0.027 0.061 0.025 0.044 0.022 0.013 0.049 0.008 0.021 0.02 0.501 0.058 0.025
214 F 0.038 0.017 0.014 0.015 0.072 0.011 0.017 0.022 0.011 0.103 0.141 0.018 0.025 0.277 0.011 0.024 0.027 0.01 0.05 0.099
215 A 0.202 0.028 0.112 0.037 0.014 0.022 0.034 0.115 0.016 0.032 0.046 0.038 0.014 0.068 0.021 0.09 0.042 0.006 0.021 0.043
216 F 0.049 0.035 0.074 0.087 0.01 0.027 0.079 0.036 0.016 0.045 0.058 0.074 0.016 0.119 0.018 0.075 0.072 0.007 0.028 0.073
217 Y 0.05 0.031 0.028 0.04 0.009 0.031 0.13 0.031 0.028 0.029 0.045 0.043 0.014 0.058 0.095 0.076 0.035 0.013 0.179 0.035
218 K 0.058 0.107 0.095 0.104 0.01 0.036 0.055 0.046 0.019 0.023 0.035 0.145 0.012 0.015 0.022 0.124 0.046 0.004 0.014 0.029
219 C 0.096 0.04 0.028 0.032 0.193 0.028 0.075 0.039 0.013 0.032 0.046 0.111 0.014 0.017 0.021 0.081 0.073 0.004 0.013 0.043
220 N 0.046 0.05 0.247 0.056 0.008 0.033 0.047 0.05 0.07 0.021 0.031 0.119 0.011 0.017 0.02 0.084 0.042 0.004 0.018 0.025
221 L 0.048 0.022 0.061 0.024 0.014 0.016 0.023 0.027 0.011 0.178 0.222 0.027 0.03 0.036 0.015 0.06 0.038 0.005 0.017 0.126
222 N 0.059 0.042 0.164 0.049 0.01 0.03 0.045 0.049 0.067 0.022 0.032 0.081 0.012 0.017 0.081 0.143 0.048 0.004 0.018 0.028
223 S 0.068 0.027 0.032 0.03 0.014 0.021 0.032 0.041 0.014 0.079 0.109 0.034 0.021 0.124 0.019 0.192 0.051 0.007 0.03 0.057
224 L 0.042 0.019 0.016 0.016 0.012 0.013 0.018 0.082 0.013 0.139 0.178 0.022 0.027 0.141 0.012 0.025 0.029 0.009 0.074 0.111
225 L 0.045 0.022 0.018 0.018 0.012 0.016 0.022 0.024 0.017 0.106 0.202 0.025 0.028 0.112 0.014 0.057 0.034 0.011 0.113 0.103
226 K 0.05 0.108 0.078 0.039 0.009 0.07 0.054 0.038 0.019 0.028 0.041 0.202 0.014 0.015 0.022 0.055 0.105 0.005 0.015 0.035
227 F 0.037 0.019 0.015 0.015 0.011 0.013 0.019 0.02 0.017 0.106 0.177 0.021 0.027 0.2 0.012 0.023 0.028 0.013 0.125 0.101
228 F 0.078 0.019 0.017 0.018 0.013 0.014 0.02 0.027 0.011 0.162 0.144 0.023 0.026 0.179 0.014 0.034 0.066 0.008 0.037 0.089
229 I 0.038 0.017 0.013 0.015 0.013 0.012 0.016 0.019 0.009 0.241 0.205 0.02 0.032 0.136 0.012 0.021 0.03 0.007 0.031 0.114
230 F 0.033 0.016 0.014 0.015 0.011 0.01 0.016 0.021 0.012 0.16 0.114 0.018 0.025 0.327 0.01 0.022 0.026 0.011 0.057 0.082
231 F 0.076 0.018 0.015 0.016 0.013 0.012 0.019 0.026 0.011 0.138 0.145 0.021 0.026 0.229 0.013 0.028 0.03 0.009 0.044 0.112
232 L 0.041 0.02 0.015 0.016 0.014 0.014 0.019 0.021 0.009 0.149 0.306 0.023 0.035 0.089 0.013 0.028 0.065 0.007 0.025 0.092
233 C 0.057 0.017 0.017 0.017 0.375 0.013 0.018 0.029 0.008 0.081 0.109 0.022 0.019 0.023 0.015 0.065 0.036 0.004 0.013 0.063
234 L 0.078 0.02 0.014 0.015 0.014 0.014 0.019 0.025 0.01 0.118 0.261 0.022 0.032 0.135 0.013 0.028 0.031 0.008 0.031 0.112
235 F 0.034 0.017 0.014 0.014 0.011 0.011 0.016 0.02 0.012 0.135 0.189 0.018 0.029 0.281 0.011 0.022 0.026 0.011 0.051 0.079
236 A 0.355 0.028 0.025 0.027 0.018 0.023 0.036 0.066 0.013 0.036 0.05 0.039 0.015 0.019 0.026 0.102 0.046 0.005 0.015 0.057
237 S 0.16 0.033 0.041 0.038 0.016 0.027 0.043 0.059 0.016 0.028 0.039 0.045 0.014 0.018 0.026 0.271 0.065 0.005 0.015 0.041
238 L 0.039 0.019 0.012 0.014 0.014 0.013 0.017 0.018 0.008 0.19 0.356 0.021 0.039 0.044 0.012 0.021 0.031 0.006 0.019 0.106
239 S 0.095 0.035 0.047 0.042 0.015 0.029 0.045 0.057 0.017 0.026 0.036 0.047 0.014 0.018 0.026 0.328 0.071 0.004 0.015 0.036
240 A 0.388 0.027 0.022 0.026 0.019 0.022 0.035 0.067 0.013 0.037 0.051 0.038 0.015 0.019 0.026 0.073 0.043 0.005 0.015 0.059
241 G 0.067 0.02 0.034 0.029 0.009 0.016 0.022 0.578 0.012 0.016 0.024 0.029 0.008 0.014 0.016 0.044 0.026 0.005 0.009 0.021
242 R 0.038 0.435 0.033 0.027 0.007 0.042 0.045 0.028 0.02 0.02 0.04 0.104 0.013 0.015 0.017 0.038 0.03 0.005 0.015 0.027
243 T 0.099 0.03 0.036 0.032 0.016 0.024 0.034 0.041 0.012 0.045 0.056 0.039 0.017 0.02 0.024 0.079 0.316 0.005 0.015 0.061
244 A 0.323 0.028 0.028 0.029 0.018 0.024 0.037 0.065 0.014 0.035 0.048 0.04 0.015 0.018 0.026 0.13 0.049 0.005 0.015 0.054
245 V 0.049 0.018 0.014 0.015 0.015 0.014 0.019 0.021 0.009 0.203 0.128 0.022 0.056 0.083 0.013 0.026 0.037 0.006 0.025 0.229
246 L 0.038 0.021 0.012 0.013 0.014 0.014 0.017 0.018 0.009 0.099 0.462 0.022 0.043 0.047 0.012 0.021 0.029 0.006 0.019 0.083
247 G 0.067 0.02 0.034 0.029 0.009 0.016 0.022 0.578 0.012 0.016 0.024 0.029 0.008 0.014 0.016 0.044 0.026 0.005 0.009 0.021
248 F 0.03 0.018 0.016 0.015 0.009 0.011 0.018 0.022 0.02 0.051 0.09 0.019 0.021 0.392 0.01 0.023 0.022 0.017 0.151 0.046
249 V 0.095 0.021 0.019 0.019 0.016 0.016 0.024 0.03 0.01 0.133 0.099 0.026 0.024 0.078 0.016 0.065 0.043 0.006 0.024 0.238
250 L 0.043 0.019 0.013 0.014 0.074 0.013 0.017 0.02 0.008 0.128 0.343 0.021 0.037 0.041 0.013 0.023 0.031 0.006 0.018 0.119
251 G 0.067 0.02 0.034 0.029 0.009 0.016 0.022 0.578 0.012 0.016 0.024 0.029 0.008 0.014 0.016 0.044 0.026 0.005 0.009 0.021
252 L 0.041 0.018 0.016 0.016 0.012 0.012 0.018 0.082 0.011 0.11 0.218 0.021 0.029 0.182 0.012 0.025 0.028 0.009 0.037 0.104
253 V 0.086 0.019 0.015 0.016 0.015 0.014 0.02 0.025 0.009 0.167 0.15 0.023 0.028 0.082 0.014 0.03 0.037 0.006 0.024 0.219
254 F 0.032 0.019 0.016 0.015 0.009 0.013 0.019 0.021 0.022 0.084 0.09 0.02 0.021 0.304 0.011 0.024 0.024 0.017 0.182 0.057
255 Y 0.044 0.022 0.019 0.018 0.011 0.016 0.023 0.025 0.021 0.065 0.161 0.025 0.024 0.158 0.014 0.058 0.032 0.014 0.162 0.087
256 F 0.038 0.021 0.017 0.017 0.011 0.014 0.02 0.022 0.018 0.095 0.171 0.023 0.026 0.199 0.013 0.029 0.062 0.013 0.125 0.067
257 F 0.037 0.018 0.015 0.016 0.011 0.011 0.018 0.022 0.012 0.101 0.138 0.02 0.024 0.276 0.072 0.024 0.027 0.01 0.05 0.097
258 S 0.067 0.03 0.076 0.035 0.073 0.024 0.036 0.044 0.021 0.031 0.045 0.038 0.014 0.039 0.021 0.171 0.084 0.009 0.103 0.04
259 S 0.065 0.036 0.031 0.029 0.013 0.026 0.036 0.037 0.017 0.055 0.079 0.074 0.074 0.035 0.02 0.136 0.081 0.007 0.061 0.085
260 S 0.06 0.037 0.085 0.094 0.011 0.026 0.043 0.11 0.016 0.068 0.048 0.08 0.014 0.019 0.021 0.119 0.082 0.004 0.014 0.048
261 F 0.04 0.021 0.019 0.019 0.01 0.014 0.023 0.027 0.016 0.048 0.114 0.024 0.02 0.236 0.073 0.058 0.029 0.073 0.091 0.045
262 L 0.085 0.04 0.067 0.03 0.012 0.025 0.035 0.037 0.015 0.084 0.151 0.107 0.023 0.076 0.018 0.071 0.038 0.006 0.023 0.06
263 K 0.056 0.062 0.079 0.04 0.009 0.067 0.053 0.101 0.018 0.025 0.037 0.195 0.013 0.015 0.022 0.083 0.074 0.005 0.015 0.032
264 L 0.054 0.048 0.03 0.028 0.012 0.028 0.038 0.033 0.013 0.084 0.148 0.147 0.023 0.026 0.02 0.077 0.107 0.005 0.016 0.062
265 F 0.039 0.018 0.016 0.017 0.012 0.012 0.018 0.022 0.011 0.177 0.156 0.021 0.028 0.199 0.013 0.029 0.068 0.009 0.04 0.093
266 K 0.051 0.091 0.029 0.027 0.01 0.027 0.036 0.1 0.018 0.071 0.06 0.124 0.016 0.087 0.018 0.071 0.035 0.008 0.072 0.048
267 N 0.055 0.085 0.12 0.041 0.01 0.031 0.042 0.103 0.066 0.028 0.048 0.085 0.041 0.02 0.019 0.108 0.042 0.005 0.019 0.033
268 T 0.106 0.029 0.034 0.031 0.015 0.023 0.034 0.044 0.013 0.05 0.06 0.037 0.017 0.071 0.022 0.15 0.152 0.006 0.022 0.085
269 L 0.037 0.019 0.013 0.014 0.013 0.013 0.017 0.019 0.01 0.12 0.346 0.02 0.037 0.14 0.012 0.021 0.028 0.008 0.032 0.083
270 K 0.049 0.073 0.031 0.032 0.009 0.07 0.055 0.033 0.016 0.045 0.093 0.265 0.019 0.019 0.021 0.042 0.035 0.005 0.016 0.073
271 Y 0.04 0.035 0.023 0.024 0.009 0.118 0.043 0.025 0.025 0.079 0.112 0.042 0.022 0.104 0.015 0.032 0.029 0.013 0.156 0.055
272 L 0.056 0.025 0.023 0.022 0.015 0.018 0.026 0.029 0.011 0.082 0.283 0.029 0.032 0.036 0.017 0.096 0.075 0.005 0.018 0.102
273 V 0.048 0.018 0.014 0.015 0.015 0.013 0.018 0.02 0.008 0.204 0.16 0.021 0.03 0.084 0.013 0.025 0.036 0.006 0.024 0.23
274 Y 0.04 0.022 0.018 0.017 0.011 0.016 0.022 0.022 0.023 0.157 0.132 0.026 0.024 0.07 0.014 0.03 0.064 0.014 0.193 0.085
275 I 0.053 0.02 0.022 0.021 0.073 0.015 0.022 0.089 0.011 0.125 0.086 0.025 0.021 0.124 0.015 0.067 0.07 0.007 0.029 0.104
276 L 0.051 0.022 0.02 0.021 0.012 0.017 0.024 0.088 0.011 0.099 0.165 0.028 0.052 0.033 0.075 0.061 0.035 0.067 0.021 0.097
277 L 0.076 0.02 0.014 0.015 0.014 0.014 0.019 0.024 0.01 0.118 0.34 0.023 0.036 0.09 0.013 0.027 0.03 0.007 0.025 0.084
278 I 0.043 0.018 0.017 0.018 0.012 0.013 0.019 0.024 0.011 0.197 0.152 0.022 0.028 0.181 0.013 0.056 0.034 0.008 0.037 0.097
279 V 0.061 0.023 0.026 0.024 0.014 0.018 0.026 0.092 0.011 0.103 0.12 0.029 0.023 0.077 0.017 0.1 0.076 0.006 0.023 0.131
280 C 0.081 0.03 0.037 0.033 0.177 0.024 0.035 0.046 0.013 0.042 0.056 0.039 0.017 0.021 0.024 0.123 0.127 0.005 0.015 0.055
281 I 0.085 0.021 0.019 0.019 0.014 0.016 0.023 0.029 0.014 0.168 0.139 0.026 0.026 0.09 0.015 0.063 0.037 0.008 0.068 0.121
282 L 0.054 0.02 0.017 0.017 0.075 0.015 0.021 0.025 0.009 0.129 0.218 0.024 0.03 0.034 0.015 0.059 0.039 0.005 0.017 0.177
283 L 0.042 0.021 0.019 0.018 0.012 0.015 0.02 0.084 0.014 0.098 0.207 0.024 0.027 0.141 0.013 0.031 0.063 0.01 0.074 0.069
284 Y 0.037 0.02 0.015 0.015 0.011 0.015 0.02 0.021 0.02 0.128 0.126 0.023 0.023 0.066 0.012 0.024 0.028 0.135 0.158 0.103
285 I 0.046 0.017 0.014 0.017 0.016 0.013 0.017 0.02 0.009 0.285 0.165 0.023 0.036 0.043 0.014 0.025 0.039 0.006 0.02 0.173
286 Y 0.042 0.066 0.018 0.017 0.011 0.018 0.023 0.021 0.021 0.135 0.092 0.032 0.022 0.107 0.013 0.027 0.031 0.012 0.155 0.138
287 L 0.041 0.018 0.013 0.014 0.014 0.013 0.017 0.019 0.009 0.19 0.277 0.021 0.035 0.089 0.012 0.022 0.031 0.007 0.025 0.134
288 I 0.043 0.019 0.014 0.015 0.013 0.014 0.019 0.02 0.013 0.186 0.161 0.022 0.056 0.094 0.013 0.025 0.033 0.008 0.069 0.161
289 S 0.098 0.04 0.119 0.047 0.012 0.031 0.081 0.049 0.018 0.033 0.083 0.082 0.016 0.02 0.022 0.143 0.048 0.005 0.015 0.039
290 N 0.038 0.032 0.208 0.202 0.008 0.029 0.091 0.044 0.021 0.058 0.04 0.043 0.012 0.017 0.018 0.049 0.036 0.004 0.013 0.037
291 E 0.054 0.043 0.077 0.058 0.009 0.041 0.199 0.038 0.019 0.024 0.035 0.09 0.012 0.015 0.083 0.082 0.073 0.004 0.014 0.032
292 L 0.048 0.034 0.028 0.03 0.01 0.025 0.071 0.091 0.062 0.046 0.143 0.07 0.021 0.125 0.016 0.065 0.032 0.007 0.033 0.044
293 L 0.045 0.02 0.016 0.016 0.014 0.014 0.019 0.021 0.009 0.128 0.263 0.023 0.033 0.087 0.014 0.029 0.067 0.007 0.025 0.148
294 F 0.083 0.027 0.023 0.027 0.011 0.023 0.067 0.032 0.021 0.049 0.086 0.033 0.074 0.145 0.016 0.068 0.034 0.012 0.118 0.051
295 R 0.045 0.334 0.039 0.032 0.008 0.049 0.053 0.033 0.024 0.024 0.047 0.122 0.016 0.018 0.02 0.045 0.035 0.006 0.018 0.032
296 E 0.09 0.036 0.08 0.107 0.01 0.039 0.201 0.042 0.019 0.025 0.036 0.052 0.012 0.016 0.022 0.086 0.074 0.004 0.014 0.034
297 I 0.043 0.016 0.013 0.015 0.014 0.012 0.016 0.018 0.008 0.316 0.176 0.021 0.032 0.038 0.013 0.022 0.035 0.005 0.018 0.169
298 L 0.117 0.02 0.015 0.017 0.014 0.014 0.021 0.03 0.01 0.141 0.18 0.024 0.028 0.131 0.015 0.034 0.033 0.007 0.031 0.117
299 F 0.051 0.036 0.032 0.088 0.01 0.03 0.118 0.033 0.016 0.045 0.058 0.076 0.016 0.119 0.019 0.074 0.071 0.007 0.028 0.074
300 K 0.045 0.063 0.07 0.033 0.01 0.035 0.045 0.034 0.016 0.047 0.145 0.223 0.049 0.024 0.019 0.04 0.034 0.005 0.016 0.046
301 Y 0.035 0.024 0.019 0.016 0.008 0.019 0.024 0.021 0.04 0.038 0.059 0.027 0.016 0.113 0.013 0.027 0.024 0.024 0.412 0.04
302 S 0.089 0.034 0.043 0.039 0.015 0.028 0.043 0.053 0.016 0.032 0.051 0.045 0.043 0.021 0.024 0.295 0.067 0.005 0.016 0.041
303 R 0.116 0.167 0.077 0.088 0.009 0.035 0.085 0.042 0.066 0.024 0.038 0.064 0.012 0.017 0.02 0.05 0.034 0.005 0.018 0.032
304 Y 0.035 0.024 0.019 0.016 0.008 0.019 0.024 0.021 0.04 0.038 0.059 0.027 0.016 0.113 0.013 0.027 0.024 0.024 0.412 0.04
305 A 0.21 0.024 0.021 0.023 0.017 0.019 0.029 0.046 0.011 0.082 0.077 0.032 0.02 0.024 0.021 0.082 0.046 0.005 0.016 0.195
306 F 0.029 0.016 0.015 0.015 0.009 0.009 0.016 0.022 0.015 0.055 0.098 0.016 0.022 0.471 0.009 0.022 0.022 0.015 0.077 0.047
307 Q 0.046 0.146 0.037 0.038 0.007 0.261 0.079 0.034 0.024 0.022 0.04 0.084 0.017 0.013 0.019 0.046 0.034 0.005 0.017 0.03
308 F 0.045 0.025 0.064 0.027 0.011 0.019 0.028 0.032 0.015 0.047 0.084 0.031 0.073 0.173 0.136 0.066 0.035 0.008 0.036 0.046
309 I 0.046 0.017 0.013 0.015 0.014 0.012 0.017 0.019 0.008 0.23 0.164 0.021 0.03 0.085 0.013 0.024 0.035 0.006 0.024 0.205
310 Y 0.035 0.023 0.017 0.015 0.009 0.017 0.022 0.022 0.028 0.078 0.078 0.025 0.046 0.083 0.012 0.025 0.025 0.14 0.246 0.054
311 N 0.036 0.037 0.286 0.057 0.008 0.029 0.041 0.047 0.121 0.021 0.032 0.043 0.011 0.029 0.017 0.051 0.036 0.007 0.066 0.024
312 Y 0.034 0.023 0.018 0.016 0.008 0.018 0.023 0.022 0.037 0.039 0.063 0.026 0.017 0.153 0.013 0.026 0.024 0.023 0.375 0.041
313 L 0.039 0.021 0.014 0.014 0.013 0.015 0.019 0.02 0.01 0.122 0.321 0.023 0.091 0.092 0.012 0.023 0.03 0.007 0.026 0.086
314 D 0.046 0.034 0.089 0.252 0.008 0.036 0.176 0.041 0.019 0.02 0.028 0.049 0.01 0.014 0.021 0.079 0.037 0.004 0.012 0.025
315 T 0.064 0.033 0.04 0.034 0.012 0.027 0.039 0.041 0.113 0.032 0.045 0.04 0.015 0.031 0.022 0.147 0.148 0.007 0.067 0.041
316 G 0.071 0.021 0.035 0.031 0.01 0.018 0.025 0.52 0.012 0.017 0.026 0.031 0.009 0.014 0.017 0.076 0.031 0.005 0.01 0.023
317 S 0.078 0.045 0.085 0.045 0.013 0.063 0.051 0.052 0.019 0.024 0.036 0.087 0.014 0.017 0.024 0.235 0.06 0.004 0.015 0.033
318 F 0.036 0.018 0.014 0.014 0.012 0.011 0.017 0.021 0.012 0.079 0.221 0.019 0.029 0.281 0.011 0.022 0.026 0.011 0.051 0.095
319 S 0.108 0.044 0.039 0.042 0.013 0.065 0.088 0.048 0.017 0.028 0.04 0.087 0.014 0.017 0.024 0.178 0.086 0.005 0.015 0.039
