#Seq2Logo.py -f /work3/idamei/ssn-clusterings/clustering/2205111239/clusters/0016_64/sequences.afa -o /work3/idamei/ssn-clusterings/clustering/2205111239/clusters/0016_64/sequences.logo
#Position Specific Frequency Matrix
A R N D C Q E G H I L K M F P S T W Y V
0 L 0.052 0.032 0.02 0.02 0.016 0.028 0.028 0.028 0.016 0.101 0.197 0.036 0.158 0.048 0.016 0.036 0.04 0.008 0.024 0.093
1 W 0.03 0.023 0.015 0.015 0.008 0.015 0.023 0.03 0.015 0.03 0.053 0.023 0.015 0.061 0.008 0.023 0.023 0.49 0.068 0.03
2 Y 0.041 0.028 0.022 0.019 0.009 0.022 0.028 0.025 0.047 0.044 0.069 0.031 0.019 0.131 0.016 0.031 0.028 0.028 0.315 0.047
3 I 0.047 0.018 0.015 0.018 0.016 0.013 0.018 0.021 0.009 0.268 0.169 0.024 0.037 0.044 0.015 0.025 0.04 0.006 0.021 0.177
4 W 0.03 0.023 0.015 0.015 0.008 0.015 0.023 0.03 0.015 0.03 0.053 0.023 0.015 0.061 0.008 0.023 0.023 0.49 0.068 0.03
5 R 0.045 0.342 0.039 0.031 0.008 0.049 0.053 0.033 0.023 0.023 0.047 0.121 0.016 0.017 0.019 0.045 0.035 0.006 0.017 0.031
6 L 0.045 0.024 0.014 0.015 0.016 0.016 0.02 0.021 0.01 0.116 0.373 0.025 0.05 0.055 0.014 0.024 0.034 0.007 0.022 0.097
7 K 0.057 0.107 0.042 0.042 0.009 0.054 0.071 0.043 0.021 0.028 0.043 0.276 0.016 0.016 0.028 0.054 0.04 0.005 0.017 0.033
8 K 0.057 0.107 0.042 0.042 0.009 0.054 0.071 0.043 0.021 0.028 0.043 0.276 0.016 0.016 0.028 0.054 0.04 0.005 0.017 0.033
9 R 0.05 0.208 0.042 0.039 0.008 0.13 0.078 0.037 0.026 0.025 0.047 0.106 0.018 0.016 0.022 0.05 0.038 0.006 0.019 0.033
10 V 0.07 0.022 0.017 0.018 0.019 0.017 0.023 0.025 0.008 0.165 0.131 0.026 0.032 0.036 0.017 0.033 0.05 0.006 0.021 0.266
11 L 0.039 0.022 0.016 0.016 0.013 0.013 0.02 0.023 0.014 0.09 0.244 0.022 0.038 0.22 0.012 0.025 0.03 0.012 0.056 0.076
12 W 0.07 0.032 0.035 0.032 0.013 0.024 0.038 0.048 0.017 0.03 0.048 0.039 0.016 0.041 0.019 0.12 0.053 0.248 0.043 0.036
13 L 0.045 0.184 0.027 0.023 0.012 0.032 0.036 0.027 0.017 0.07 0.21 0.073 0.033 0.036 0.017 0.035 0.034 0.006 0.02 0.064
14 Y 0.041 0.028 0.022 0.019 0.009 0.022 0.028 0.025 0.047 0.044 0.069 0.031 0.019 0.131 0.016 0.031 0.028 0.028 0.315 0.047
15 L 0.043 0.035 0.034 0.027 0.012 0.027 0.037 0.03 0.181 0.069 0.206 0.036 0.033 0.043 0.017 0.033 0.03 0.007 0.04 0.06
16 V 0.059 0.02 0.016 0.018 0.018 0.015 0.021 0.023 0.009 0.217 0.15 0.025 0.034 0.04 0.016 0.029 0.045 0.006 0.021 0.222
17 S 0.11 0.04 0.054 0.049 0.018 0.033 0.053 0.067 0.019 0.03 0.042 0.054 0.016 0.021 0.03 0.217 0.082 0.005 0.018 0.042
18 N 0.05 0.076 0.178 0.063 0.009 0.044 0.06 0.054 0.026 0.025 0.037 0.165 0.013 0.017 0.024 0.062 0.045 0.005 0.017 0.03
19 E 0.055 0.05 0.041 0.091 0.007 0.065 0.294 0.035 0.026 0.022 0.037 0.076 0.013 0.017 0.026 0.055 0.037 0.006 0.017 0.031
20 D 0.042 0.038 0.192 0.239 0.008 0.032 0.071 0.056 0.025 0.023 0.03 0.05 0.01 0.017 0.021 0.061 0.043 0.004 0.013 0.026
21 I 0.047 0.018 0.015 0.018 0.016 0.013 0.018 0.021 0.009 0.268 0.168 0.024 0.037 0.044 0.015 0.025 0.04 0.006 0.021 0.177
22 Y 0.048 0.039 0.031 0.055 0.008 0.043 0.161 0.03 0.036 0.033 0.053 0.054 0.016 0.074 0.021 0.043 0.033 0.017 0.166 0.039
23 L 0.053 0.031 0.019 0.02 0.016 0.027 0.027 0.027 0.015 0.104 0.188 0.035 0.163 0.046 0.016 0.035 0.04 0.008 0.023 0.107
24 S 0.095 0.038 0.049 0.044 0.017 0.031 0.047 0.057 0.017 0.037 0.049 0.05 0.017 0.022 0.028 0.183 0.144 0.005 0.017 0.051
25 K 0.054 0.156 0.04 0.039 0.008 0.052 0.066 0.04 0.021 0.026 0.043 0.256 0.015 0.016 0.025 0.051 0.038 0.005 0.017 0.032
26 S 0.084 0.063 0.064 0.047 0.014 0.039 0.057 0.056 0.02 0.029 0.042 0.136 0.015 0.019 0.028 0.152 0.075 0.005 0.017 0.039
27 N 0.046 0.04 0.221 0.061 0.011 0.031 0.042 0.052 0.025 0.047 0.082 0.047 0.061 0.027 0.019 0.06 0.056 0.006 0.018 0.048
28 R 0.044 0.176 0.108 0.041 0.01 0.035 0.043 0.038 0.021 0.091 0.073 0.084 0.02 0.024 0.018 0.046 0.039 0.005 0.017 0.067
29 T 0.076 0.037 0.053 0.039 0.017 0.028 0.041 0.046 0.015 0.075 0.07 0.055 0.02 0.025 0.025 0.116 0.161 0.006 0.018 0.08
30 L 0.097 0.025 0.018 0.019 0.016 0.019 0.025 0.035 0.013 0.091 0.214 0.03 0.063 0.117 0.017 0.039 0.036 0.009 0.035 0.082
31 I 0.053 0.036 0.02 0.022 0.015 0.022 0.029 0.026 0.011 0.206 0.132 0.079 0.031 0.036 0.017 0.032 0.041 0.006 0.02 0.167
32 I 0.05 0.02 0.015 0.017 0.017 0.014 0.019 0.021 0.009 0.224 0.203 0.024 0.038 0.044 0.015 0.026 0.04 0.006 0.021 0.18
33 S 0.104 0.036 0.046 0.044 0.016 0.03 0.048 0.059 0.017 0.029 0.041 0.05 0.014 0.019 0.127 0.19 0.07 0.005 0.016 0.04
34 F 0.036 0.022 0.019 0.017 0.01 0.015 0.022 0.025 0.029 0.054 0.093 0.024 0.022 0.287 0.012 0.027 0.026 0.021 0.188 0.051
35 L 0.051 0.024 0.016 0.017 0.016 0.018 0.022 0.023 0.01 0.156 0.247 0.027 0.069 0.046 0.015 0.028 0.039 0.007 0.022 0.149
36 L 0.045 0.027 0.018 0.017 0.015 0.02 0.024 0.024 0.019 0.093 0.27 0.029 0.068 0.067 0.015 0.03 0.041 0.011 0.086 0.083
37 L 0.044 0.023 0.014 0.015 0.016 0.015 0.019 0.021 0.01 0.149 0.341 0.024 0.046 0.052 0.014 0.024 0.034 0.007 0.022 0.111
38 Y 0.04 0.027 0.021 0.018 0.009 0.021 0.027 0.024 0.046 0.043 0.067 0.031 0.018 0.128 0.015 0.031 0.027 0.027 0.331 0.046
39 I 0.044 0.018 0.015 0.017 0.015 0.013 0.018 0.021 0.01 0.234 0.153 0.022 0.034 0.117 0.014 0.025 0.036 0.008 0.034 0.152
40 L 0.055 0.023 0.02 0.021 0.017 0.017 0.023 0.026 0.01 0.17 0.19 0.028 0.035 0.04 0.017 0.04 0.085 0.006 0.02 0.155
41 F 0.034 0.019 0.017 0.017 0.011 0.011 0.019 0.026 0.017 0.064 0.115 0.019 0.026 0.384 0.011 0.026 0.026 0.017 0.089 0.055
42 F 0.034 0.019 0.017 0.017 0.011 0.011 0.019 0.026 0.017 0.064 0.115 0.019 0.026 0.384 0.011 0.026 0.026 0.017 0.089 0.055
43 L 0.074 0.031 0.035 0.032 0.017 0.024 0.035 0.042 0.014 0.104 0.143 0.039 0.027 0.033 0.023 0.118 0.099 0.006 0.019 0.085
44 A 0.157 0.031 0.027 0.028 0.018 0.025 0.036 0.053 0.015 0.066 0.151 0.04 0.056 0.033 0.023 0.092 0.05 0.006 0.019 0.072
45 L 0.047 0.025 0.021 0.02 0.015 0.017 0.023 0.026 0.012 0.094 0.248 0.027 0.037 0.129 0.016 0.038 0.078 0.009 0.036 0.082
46 I 0.051 0.018 0.015 0.017 0.017 0.014 0.019 0.021 0.009 0.259 0.157 0.024 0.035 0.042 0.015 0.026 0.041 0.006 0.02 0.196
47 S 0.108 0.039 0.053 0.048 0.017 0.033 0.051 0.065 0.019 0.029 0.041 0.053 0.015 0.021 0.029 0.235 0.08 0.005 0.017 0.041
48 L 0.051 0.026 0.02 0.02 0.015 0.02 0.024 0.068 0.014 0.093 0.19 0.029 0.085 0.114 0.015 0.034 0.043 0.009 0.034 0.1
49 F 0.045 0.022 0.017 0.017 0.013 0.015 0.022 0.024 0.019 0.092 0.162 0.024 0.03 0.191 0.013 0.028 0.032 0.014 0.107 0.114
50 Q 0.065 0.066 0.045 0.047 0.01 0.191 0.091 0.045 0.027 0.027 0.045 0.082 0.019 0.016 0.024 0.091 0.048 0.006 0.02 0.036
51 L 0.06 0.03 0.031 0.028 0.017 0.023 0.031 0.034 0.012 0.077 0.193 0.037 0.031 0.035 0.022 0.064 0.17 0.006 0.019 0.079
52 L 0.044 0.024 0.014 0.015 0.016 0.016 0.02 0.021 0.01 0.113 0.388 0.025 0.049 0.054 0.014 0.024 0.033 0.007 0.022 0.094
53 N 0.054 0.04 0.215 0.064 0.012 0.031 0.045 0.055 0.024 0.034 0.044 0.05 0.014 0.02 0.023 0.077 0.134 0.005 0.016 0.044
54 Q 0.115 0.056 0.042 0.043 0.013 0.143 0.077 0.052 0.035 0.03 0.047 0.071 0.018 0.017 0.025 0.096 0.05 0.006 0.02 0.042
55 N 0.046 0.046 0.208 0.12 0.008 0.042 0.129 0.053 0.027 0.022 0.032 0.066 0.011 0.017 0.022 0.062 0.043 0.005 0.015 0.028
56 N 0.044 0.052 0.209 0.06 0.01 0.033 0.047 0.051 0.025 0.037 0.081 0.095 0.017 0.054 0.02 0.056 0.043 0.006 0.023 0.038
57 F 0.038 0.027 0.081 0.03 0.01 0.019 0.028 0.033 0.031 0.046 0.078 0.03 0.019 0.214 0.014 0.036 0.031 0.018 0.17 0.045
58 P 0.054 0.024 0.021 0.028 0.011 0.019 0.032 0.032 0.012 0.077 0.061 0.037 0.015 0.019 0.406 0.039 0.036 0.003 0.014 0.059
59 G 0.077 0.022 0.038 0.033 0.011 0.019 0.025 0.52 0.013 0.019 0.028 0.033 0.009 0.016 0.019 0.05 0.029 0.005 0.011 0.024
60 E 0.054 0.049 0.04 0.088 0.007 0.063 0.31 0.034 0.025 0.022 0.036 0.074 0.013 0.016 0.025 0.054 0.036 0.005 0.016 0.031
61 L 0.044 0.024 0.014 0.015 0.016 0.016 0.02 0.021 0.01 0.113 0.388 0.025 0.049 0.054 0.014 0.024 0.033 0.007 0.022 0.094
62 E 0.074 0.047 0.047 0.063 0.011 0.062 0.159 0.047 0.062 0.025 0.039 0.064 0.015 0.019 0.026 0.125 0.053 0.006 0.022 0.034
63 E 0.05 0.105 0.039 0.055 0.008 0.046 0.152 0.035 0.091 0.023 0.038 0.07 0.013 0.018 0.118 0.047 0.034 0.005 0.024 0.029
64 F 0.034 0.02 0.018 0.017 0.01 0.013 0.02 0.025 0.022 0.058 0.103 0.021 0.024 0.345 0.011 0.026 0.025 0.019 0.136 0.052
65 T 0.072 0.032 0.035 0.031 0.016 0.025 0.036 0.04 0.02 0.068 0.073 0.04 0.021 0.046 0.023 0.096 0.136 0.01 0.081 0.102
66 R 0.044 0.223 0.028 0.025 0.011 0.034 0.038 0.028 0.017 0.093 0.138 0.08 0.026 0.03 0.017 0.036 0.035 0.006 0.019 0.072
67 S 0.073 0.037 0.109 0.124 0.014 0.031 0.055 0.056 0.02 0.032 0.042 0.049 0.014 0.019 0.025 0.131 0.107 0.005 0.016 0.041
68 I 0.05 0.019 0.015 0.017 0.016 0.014 0.019 0.021 0.009 0.226 0.202 0.024 0.038 0.044 0.015 0.026 0.04 0.006 0.021 0.179
69 S 0.112 0.034 0.042 0.039 0.016 0.027 0.042 0.056 0.017 0.039 0.059 0.044 0.018 0.096 0.025 0.163 0.081 0.007 0.031 0.049
70 N 0.056 0.038 0.163 0.13 0.012 0.03 0.054 0.053 0.022 0.033 0.042 0.048 0.014 0.019 0.023 0.084 0.119 0.005 0.015 0.041
71 V 0.056 0.022 0.026 0.096 0.015 0.018 0.035 0.028 0.011 0.152 0.114 0.028 0.027 0.057 0.017 0.034 0.042 0.006 0.023 0.194
72 E 0.054 0.049 0.04 0.088 0.007 0.063 0.31 0.034 0.025 0.022 0.036 0.074 0.013 0.016 0.025 0.054 0.036 0.005 0.016 0.031
73 V 0.061 0.023 0.017 0.018 0.018 0.018 0.023 0.024 0.01 0.174 0.148 0.027 0.061 0.039 0.016 0.031 0.045 0.006 0.021 0.223
74 I 0.057 0.022 0.021 0.021 0.017 0.017 0.023 0.026 0.009 0.206 0.135 0.028 0.031 0.037 0.017 0.04 0.086 0.006 0.02 0.182
75 L 0.046 0.023 0.019 0.019 0.014 0.016 0.023 0.025 0.019 0.118 0.201 0.026 0.033 0.133 0.015 0.04 0.035 0.013 0.096 0.089
76 L 0.046 0.022 0.015 0.016 0.015 0.015 0.02 0.023 0.01 0.146 0.217 0.024 0.035 0.049 0.013 0.025 0.035 0.105 0.03 0.138
77 S 0.071 0.032 0.037 0.033 0.014 0.025 0.037 0.044 0.023 0.044 0.066 0.04 0.019 0.118 0.022 0.119 0.101 0.012 0.094 0.051
78 L 0.052 0.028 0.023 0.022 0.015 0.021 0.027 0.03 0.015 0.08 0.183 0.031 0.079 0.137 0.016 0.054 0.063 0.01 0.039 0.075
79 L 0.048 0.022 0.015 0.016 0.016 0.015 0.02 0.022 0.01 0.154 0.273 0.024 0.041 0.071 0.014 0.026 0.037 0.007 0.026 0.145
80 N 0.043 0.039 0.267 0.069 0.01 0.029 0.042 0.055 0.026 0.075 0.058 0.047 0.016 0.023 0.019 0.06 0.047 0.005 0.016 0.056
81 I 0.063 0.023 0.022 0.023 0.017 0.018 0.025 0.03 0.011 0.209 0.133 0.03 0.031 0.037 0.018 0.068 0.049 0.006 0.02 0.169
82 I 0.046 0.018 0.015 0.017 0.016 0.014 0.018 0.02 0.009 0.279 0.166 0.024 0.041 0.043 0.014 0.025 0.039 0.006 0.02 0.17
83 S 0.108 0.039 0.053 0.048 0.017 0.033 0.051 0.065 0.019 0.029 0.041 0.053 0.015 0.02 0.029 0.235 0.08 0.005 0.017 0.041
84 F 0.035 0.02 0.016 0.016 0.011 0.011 0.019 0.024 0.015 0.072 0.167 0.02 0.03 0.33 0.011 0.025 0.026 0.015 0.074 0.062
85 I 0.044 0.018 0.015 0.017 0.015 0.013 0.018 0.021 0.01 0.237 0.153 0.022 0.034 0.114 0.014 0.025 0.037 0.008 0.034 0.153
86 F 0.059 0.021 0.018 0.018 0.015 0.014 0.022 0.027 0.012 0.124 0.138 0.024 0.029 0.182 0.014 0.036 0.038 0.01 0.047 0.151
87 C 0.108 0.019 0.017 0.019 0.304 0.015 0.021 0.039 0.009 0.092 0.083 0.025 0.02 0.025 0.018 0.046 0.039 0.005 0.015 0.082
88 Y 0.042 0.025 0.018 0.017 0.012 0.019 0.024 0.023 0.031 0.105 0.151 0.028 0.028 0.096 0.015 0.028 0.031 0.019 0.207 0.081
89 F 0.038 0.02 0.016 0.016 0.013 0.012 0.019 0.023 0.015 0.116 0.176 0.021 0.032 0.25 0.012 0.025 0.029 0.013 0.069 0.086
90 L 0.056 0.022 0.018 0.019 0.017 0.016 0.022 0.024 0.009 0.183 0.185 0.027 0.035 0.04 0.016 0.035 0.066 0.006 0.02 0.182
91 F 0.05 0.024 0.025 0.023 0.012 0.017 0.027 0.033 0.023 0.059 0.091 0.028 0.022 0.257 0.015 0.068 0.037 0.016 0.12 0.054
92 L 0.048 0.045 0.025 0.035 0.028 0.033 0.088 0.029 0.015 0.073 0.226 0.088 0.033 0.038 0.019 0.036 0.034 0.023 0.021 0.066
93 V 0.057 0.023 0.017 0.017 0.016 0.017 0.023 0.024 0.016 0.13 0.171 0.027 0.037 0.058 0.015 0.03 0.04 0.01 0.083 0.188
94 L 0.042 0.038 0.02 0.021 0.012 0.021 0.029 0.027 0.015 0.074 0.199 0.076 0.032 0.196 0.015 0.03 0.031 0.011 0.049 0.064
95 S 0.082 0.042 0.044 0.041 0.014 0.068 0.055 0.052 0.02 0.035 0.056 0.053 0.018 0.095 0.024 0.157 0.061 0.008 0.032 0.042
96 S 0.079 0.045 0.041 0.038 0.015 0.031 0.044 0.061 0.016 0.05 0.115 0.08 0.023 0.027 0.025 0.132 0.099 0.006 0.018 0.056
97 F 0.035 0.024 0.079 0.03 0.01 0.015 0.025 0.033 0.019 0.054 0.096 0.025 0.022 0.323 0.012 0.034 0.03 0.014 0.073 0.048
98 R 0.046 0.307 0.039 0.032 0.008 0.048 0.055 0.034 0.022 0.024 0.045 0.153 0.015 0.017 0.021 0.045 0.035 0.006 0.017 0.031
99 L 0.042 0.021 0.015 0.016 0.014 0.014 0.019 0.022 0.012 0.116 0.265 0.023 0.039 0.16 0.013 0.025 0.032 0.01 0.042 0.1
100 K 0.057 0.112 0.041 0.038 0.009 0.044 0.057 0.136 0.049 0.024 0.039 0.199 0.014 0.017 0.024 0.05 0.035 0.005 0.019 0.029
101 F 0.039 0.02 0.015 0.016 0.013 0.013 0.019 0.023 0.013 0.135 0.2 0.021 0.034 0.212 0.012 0.025 0.031 0.011 0.052 0.097
102 N 0.063 0.054 0.184 0.075 0.011 0.037 0.055 0.059 0.025 0.025 0.036 0.1 0.013 0.018 0.024 0.112 0.055 0.005 0.016 0.032
103 K 0.052 0.098 0.037 0.036 0.009 0.046 0.06 0.038 0.025 0.03 0.047 0.234 0.016 0.038 0.024 0.048 0.036 0.01 0.08 0.035
104 N 0.046 0.121 0.204 0.062 0.008 0.04 0.054 0.053 0.027 0.023 0.037 0.122 0.013 0.017 0.021 0.06 0.043 0.005 0.016 0.029
105 I 0.051 0.021 0.018 0.019 0.043 0.016 0.022 0.023 0.041 0.205 0.142 0.026 0.032 0.044 0.015 0.029 0.039 0.007 0.041 0.166
106 N 0.063 0.054 0.123 0.052 0.011 0.037 0.053 0.068 0.093 0.026 0.038 0.098 0.014 0.024 0.023 0.102 0.049 0.006 0.035 0.031
107 V 0.053 0.022 0.018 0.017 0.014 0.016 0.023 0.024 0.02 0.107 0.109 0.025 0.026 0.149 0.015 0.03 0.037 0.014 0.115 0.166
108 I 0.046 0.027 0.035 0.038 0.012 0.026 0.092 0.027 0.016 0.147 0.112 0.036 0.026 0.124 0.016 0.034 0.036 0.008 0.036 0.106
109 F 0.045 0.02 0.016 0.017 0.014 0.013 0.019 0.023 0.012 0.135 0.173 0.022 0.032 0.196 0.013 0.026 0.034 0.011 0.049 0.131
110 N 0.046 0.055 0.262 0.071 0.009 0.036 0.052 0.058 0.028 0.028 0.036 0.1 0.012 0.018 0.021 0.064 0.047 0.005 0.016 0.036
111 K 0.047 0.06 0.1 0.12 0.008 0.038 0.069 0.043 0.027 0.028 0.042 0.135 0.014 0.038 0.022 0.051 0.038 0.009 0.078 0.032
112 R 0.068 0.156 0.044 0.041 0.011 0.044 0.065 0.046 0.02 0.028 0.044 0.148 0.015 0.018 0.025 0.105 0.064 0.005 0.017 0.037
113 R 0.044 0.278 0.097 0.041 0.008 0.045 0.052 0.039 0.024 0.023 0.042 0.116 0.014 0.017 0.02 0.049 0.037 0.005 0.017 0.03
114 L 0.047 0.021 0.015 0.017 0.016 0.017 0.02 0.022 0.01 0.213 0.215 0.026 0.067 0.046 0.015 0.027 0.038 0.006 0.021 0.141
115 N 0.042 0.044 0.219 0.064 0.008 0.035 0.05 0.053 0.166 0.022 0.034 0.05 0.013 0.023 0.019 0.057 0.04 0.006 0.032 0.025
116 F 0.042 0.052 0.026 0.026 0.009 0.027 0.039 0.033 0.017 0.042 0.073 0.121 0.019 0.178 0.016 0.037 0.037 0.109 0.055 0.042
117 L 0.043 0.02 0.015 0.016 0.015 0.013 0.018 0.021 0.011 0.183 0.228 0.023 0.038 0.118 0.013 0.024 0.034 0.008 0.034 0.123
118 L 0.042 0.022 0.016 0.017 0.014 0.016 0.02 0.024 0.013 0.126 0.203 0.024 0.063 0.177 0.013 0.027 0.032 0.01 0.046 0.095
119 L 0.046 0.022 0.015 0.016 0.015 0.014 0.02 0.023 0.011 0.109 0.261 0.023 0.039 0.144 0.013 0.026 0.034 0.009 0.039 0.121
120 F 0.065 0.02 0.017 0.018 0.014 0.013 0.021 0.028 0.013 0.127 0.122 0.023 0.028 0.23 0.014 0.031 0.034 0.011 0.056 0.117
121 L 0.051 0.024 0.016 0.017 0.016 0.018 0.021 0.023 0.01 0.154 0.252 0.027 0.068 0.047 0.015 0.028 0.038 0.007 0.022 0.147
122 L 0.042 0.023 0.014 0.015 0.015 0.015 0.02 0.022 0.011 0.103 0.333 0.024 0.044 0.123 0.013 0.024 0.031 0.009 0.035 0.086
123 I 0.049 0.018 0.015 0.017 0.016 0.014 0.018 0.021 0.009 0.265 0.168 0.023 0.036 0.043 0.015 0.025 0.04 0.006 0.02 0.184
124 A 0.213 0.03 0.029 0.031 0.019 0.024 0.038 0.063 0.014 0.088 0.076 0.041 0.021 0.025 0.026 0.102 0.053 0.005 0.018 0.083
125 Q 0.052 0.062 0.1 0.062 0.008 0.157 0.132 0.044 0.029 0.024 0.041 0.079 0.017 0.015 0.023 0.057 0.041 0.005 0.018 0.032
126 L 0.045 0.02 0.014 0.016 0.016 0.014 0.018 0.02 0.009 0.221 0.247 0.024 0.041 0.047 0.014 0.024 0.037 0.006 0.021 0.144
127 L 0.063 0.022 0.021 0.021 0.013 0.015 0.022 0.126 0.013 0.097 0.163 0.026 0.028 0.157 0.015 0.035 0.038 0.01 0.041 0.076
128 F 0.033 0.019 0.017 0.017 0.01 0.01 0.019 0.025 0.017 0.062 0.112 0.019 0.025 0.399 0.01 0.025 0.025 0.017 0.087 0.054
129 L 0.054 0.026 0.02 0.02 0.017 0.018 0.024 0.026 0.01 0.111 0.271 0.029 0.039 0.044 0.017 0.039 0.082 0.006 0.021 0.127
130 L 0.052 0.022 0.016 0.017 0.016 0.017 0.022 0.023 0.016 0.15 0.192 0.026 0.034 0.06 0.015 0.028 0.038 0.01 0.083 0.163
131 T 0.064 0.043 0.031 0.029 0.014 0.028 0.038 0.035 0.02 0.099 0.084 0.086 0.022 0.047 0.022 0.055 0.111 0.01 0.081 0.081
132 T 0.072 0.035 0.043 0.037 0.017 0.027 0.039 0.043 0.014 0.052 0.064 0.045 0.019 0.023 0.027 0.091 0.261 0.006 0.017 0.07
133 G 0.078 0.023 0.039 0.034 0.011 0.019 0.026 0.505 0.013 0.019 0.028 0.034 0.009 0.016 0.019 0.056 0.031 0.005 0.011 0.024
134 V 0.066 0.021 0.016 0.017 0.018 0.016 0.022 0.024 0.008 0.176 0.132 0.025 0.032 0.036 0.016 0.031 0.047 0.005 0.02 0.271
135 G 0.077 0.022 0.038 0.033 0.011 0.019 0.025 0.52 0.013 0.019 0.028 0.033 0.009 0.016 0.019 0.05 0.029 0.005 0.011 0.024
136 K 0.061 0.072 0.031 0.031 0.013 0.038 0.051 0.035 0.015 0.081 0.077 0.186 0.022 0.023 0.023 0.044 0.043 0.005 0.018 0.133
137 V 0.069 0.021 0.016 0.017 0.019 0.016 0.023 0.024 0.008 0.161 0.128 0.026 0.031 0.035 0.016 0.032 0.048 0.005 0.02 0.283
138 G 0.074 0.03 0.041 0.035 0.015 0.024 0.033 0.233 0.013 0.039 0.049 0.04 0.015 0.02 0.024 0.075 0.168 0.006 0.015 0.051
139 T 0.085 0.033 0.041 0.037 0.018 0.027 0.04 0.047 0.014 0.073 0.071 0.043 0.021 0.025 0.025 0.135 0.139 0.005 0.018 0.104
140 N 0.059 0.043 0.256 0.073 0.011 0.033 0.049 0.064 0.028 0.024 0.034 0.053 0.012 0.018 0.022 0.113 0.057 0.005 0.016 0.03
141 A 0.198 0.027 0.022 0.025 0.02 0.021 0.033 0.054 0.012 0.088 0.084 0.036 0.022 0.026 0.05 0.061 0.048 0.005 0.018 0.149
142 N 0.046 0.045 0.218 0.102 0.008 0.043 0.138 0.053 0.028 0.022 0.032 0.059 0.011 0.017 0.022 0.063 0.044 0.005 0.015 0.028
143 E 0.054 0.057 0.041 0.074 0.008 0.119 0.24 0.036 0.027 0.023 0.04 0.079 0.015 0.016 0.025 0.054 0.038 0.006 0.018 0.032
144 I 0.045 0.131 0.022 0.022 0.013 0.025 0.029 0.024 0.013 0.197 0.125 0.055 0.029 0.035 0.016 0.031 0.037 0.006 0.019 0.126
145 A 0.144 0.036 0.097 0.046 0.017 0.029 0.044 0.062 0.019 0.038 0.05 0.048 0.016 0.021 0.027 0.118 0.113 0.005 0.017 0.054
146 T 0.087 0.036 0.044 0.039 0.018 0.028 0.041 0.048 0.015 0.047 0.059 0.046 0.018 0.023 0.028 0.119 0.218 0.006 0.017 0.064
147 S 0.094 0.04 0.053 0.046 0.015 0.034 0.052 0.059 0.089 0.028 0.04 0.051 0.015 0.022 0.027 0.196 0.07 0.006 0.025 0.037
148 I 0.07 0.027 0.031 0.03 0.015 0.021 0.033 0.04 0.015 0.117 0.095 0.035 0.024 0.103 0.052 0.11 0.053 0.007 0.032 0.091
149 L 0.04 0.024 0.017 0.017 0.012 0.017 0.023 0.023 0.026 0.075 0.204 0.026 0.032 0.153 0.014 0.027 0.029 0.017 0.159 0.067
150 S 0.101 0.038 0.051 0.046 0.017 0.031 0.049 0.061 0.018 0.034 0.046 0.051 0.016 0.021 0.029 0.206 0.117 0.005 0.017 0.047
151 P 0.105 0.026 0.023 0.03 0.012 0.021 0.036 0.044 0.013 0.029 0.04 0.041 0.012 0.014 0.409 0.051 0.038 0.003 0.014 0.038
152 L 0.043 0.021 0.014 0.016 0.015 0.014 0.019 0.021 0.01 0.176 0.267 0.023 0.041 0.089 0.014 0.024 0.034 0.008 0.029 0.121
153 F 0.04 0.019 0.016 0.017 0.012 0.012 0.019 0.025 0.015 0.082 0.115 0.02 0.026 0.326 0.012 0.026 0.03 0.014 0.074 0.1
154 L 0.135 0.029 0.03 0.03 0.018 0.023 0.035 0.05 0.014 0.101 0.14 0.039 0.027 0.032 0.023 0.11 0.054 0.006 0.019 0.085
155 L 0.041 0.02 0.016 0.017 0.014 0.014 0.019 0.023 0.013 0.146 0.191 0.023 0.046 0.188 0.013 0.025 0.032 0.011 0.048 0.103
156 L 0.042 0.021 0.015 0.016 0.015 0.014 0.019 0.022 0.011 0.137 0.288 0.023 0.041 0.121 0.013 0.024 0.032 0.009 0.035 0.102
157 K 0.066 0.092 0.043 0.042 0.01 0.048 0.066 0.047 0.02 0.027 0.042 0.244 0.015 0.016 0.027 0.089 0.047 0.005 0.017 0.034
158 P 0.056 0.025 0.023 0.03 0.01 0.02 0.035 0.035 0.013 0.025 0.035 0.04 0.01 0.013 0.503 0.043 0.035 0.003 0.013 0.03
159 E 0.054 0.039 0.041 0.138 0.01 0.047 0.209 0.035 0.02 0.05 0.053 0.058 0.016 0.02 0.023 0.049 0.038 0.005 0.016 0.08
160 P 0.054 0.026 0.026 0.029 0.012 0.02 0.033 0.035 0.014 0.038 0.056 0.037 0.015 0.092 0.31 0.049 0.079 0.006 0.028 0.043
161 F 0.034 0.02 0.018 0.017 0.01 0.013 0.02 0.025 0.022 0.058 0.103 0.021 0.024 0.345 0.011 0.026 0.025 0.019 0.136 0.052
162 I 0.041 0.018 0.015 0.017 0.014 0.012 0.018 0.022 0.012 0.196 0.144 0.021 0.032 0.186 0.013 0.025 0.033 0.01 0.047 0.126
163 Y 0.042 0.025 0.021 0.02 0.01 0.019 0.027 0.027 0.033 0.043 0.07 0.03 0.018 0.159 0.112 0.032 0.029 0.02 0.219 0.044
164 L 0.047 0.021 0.015 0.016 0.015 0.014 0.02 0.022 0.011 0.147 0.236 0.023 0.038 0.117 0.014 0.026 0.036 0.008 0.034 0.14
165 F 0.037 0.024 0.019 0.018 0.01 0.017 0.024 0.025 0.034 0.051 0.085 0.026 0.021 0.237 0.013 0.028 0.026 0.023 0.234 0.049
166 F 0.034 0.02 0.018 0.017 0.01 0.013 0.02 0.025 0.022 0.058 0.103 0.021 0.024 0.345 0.011 0.026 0.025 0.019 0.136 0.052
167 L 0.042 0.023 0.014 0.015 0.015 0.015 0.02 0.022 0.011 0.103 0.333 0.024 0.044 0.123 0.013 0.024 0.031 0.009 0.035 0.086
168 Y 0.042 0.026 0.019 0.018 0.012 0.019 0.025 0.024 0.03 0.071 0.195 0.029 0.03 0.095 0.015 0.03 0.037 0.019 0.197 0.066
169 F 0.038 0.023 0.018 0.017 0.011 0.016 0.022 0.024 0.027 0.065 0.149 0.025 0.027 0.222 0.013 0.027 0.027 0.019 0.172 0.059
170 R 0.044 0.358 0.038 0.03 0.008 0.047 0.051 0.032 0.023 0.023 0.046 0.118 0.015 0.017 0.019 0.044 0.034 0.006 0.017 0.03
171 L 0.051 0.03 0.023 0.035 0.013 0.029 0.083 0.029 0.015 0.106 0.142 0.041 0.063 0.033 0.115 0.039 0.045 0.006 0.019 0.083
172 D 0.048 0.064 0.125 0.151 0.009 0.041 0.076 0.049 0.023 0.025 0.036 0.147 0.013 0.016 0.024 0.058 0.048 0.005 0.015 0.03
173 K 0.064 0.058 0.034 0.035 0.012 0.034 0.049 0.041 0.016 0.079 0.065 0.14 0.018 0.021 0.12 0.082 0.047 0.005 0.017 0.062
174 N 0.052 0.037 0.234 0.081 0.009 0.029 0.043 0.196 0.025 0.021 0.03 0.047 0.01 0.017 0.02 0.062 0.042 0.005 0.014 0.026
175 F 0.033 0.019 0.017 0.017 0.01 0.01 0.019 0.025 0.017 0.062 0.112 0.019 0.025 0.398 0.01 0.025 0.025 0.017 0.087 0.054
176 S 0.108 0.037 0.048 0.043 0.017 0.03 0.047 0.059 0.017 0.037 0.049 0.05 0.017 0.021 0.028 0.181 0.135 0.005 0.017 0.052
177 F 0.042 0.022 0.018 0.017 0.107 0.015 0.022 0.026 0.027 0.051 0.084 0.024 0.02 0.215 0.013 0.03 0.028 0.018 0.17 0.051
178 K 0.052 0.09 0.032 0.032 0.011 0.039 0.051 0.034 0.017 0.113 0.083 0.192 0.022 0.025 0.022 0.043 0.039 0.005 0.018 0.079
179 G 0.068 0.059 0.039 0.036 0.01 0.034 0.045 0.307 0.016 0.022 0.034 0.148 0.012 0.016 0.022 0.051 0.034 0.005 0.013 0.028
180 D 0.045 0.115 0.144 0.15 0.008 0.039 0.064 0.048 0.024 0.023 0.035 0.111 0.012 0.016 0.022 0.056 0.04 0.005 0.015 0.028
181 I 0.051 0.055 0.026 0.027 0.013 0.032 0.04 0.031 0.015 0.139 0.129 0.133 0.056 0.033 0.02 0.038 0.039 0.006 0.02 0.098
182 L 0.045 0.043 0.016 0.017 0.015 0.018 0.022 0.022 0.011 0.16 0.288 0.037 0.042 0.047 0.015 0.026 0.035 0.006 0.021 0.114
183 F 0.033 0.019 0.017 0.017 0.01 0.01 0.019 0.025 0.017 0.062 0.112 0.019 0.025 0.399 0.01 0.025 0.025 0.017 0.087 0.054
184 I 0.058 0.025 0.026 0.025 0.017 0.019 0.026 0.029 0.011 0.181 0.121 0.032 0.029 0.035 0.02 0.052 0.129 0.006 0.019 0.141
185 I 0.05 0.022 0.022 0.022 0.015 0.016 0.023 0.027 0.012 0.179 0.127 0.028 0.029 0.109 0.017 0.042 0.095 0.008 0.033 0.122
186 N 0.042 0.044 0.33 0.081 0.009 0.033 0.048 0.064 0.031 0.022 0.031 0.053 0.011 0.018 0.02 0.068 0.048 0.004 0.015 0.026
187 I 0.051 0.019 0.015 0.018 0.016 0.015 0.019 0.022 0.009 0.244 0.16 0.025 0.047 0.042 0.015 0.027 0.041 0.006 0.02 0.188
188 L 0.045 0.022 0.014 0.016 0.015 0.015 0.019 0.021 0.01 0.151 0.287 0.024 0.042 0.089 0.014 0.025 0.034 0.008 0.029 0.121
189 L 0.044 0.024 0.014 0.015 0.016 0.016 0.02 0.021 0.01 0.113 0.388 0.025 0.049 0.054 0.014 0.024 0.033 0.007 0.022 0.094
190 F 0.033 0.019 0.017 0.017 0.01 0.01 0.019 0.025 0.017 0.062 0.112 0.019 0.025 0.399 0.01 0.025 0.025 0.017 0.087 0.054
191 I 0.068 0.023 0.023 0.023 0.113 0.018 0.025 0.033 0.01 0.153 0.11 0.029 0.027 0.032 0.018 0.072 0.049 0.005 0.018 0.153
192 L 0.127 0.024 0.019 0.021 0.016 0.018 0.027 0.041 0.013 0.079 0.159 0.03 0.028 0.144 0.018 0.046 0.045 0.009 0.04 0.094
193 F 0.035 0.02 0.016 0.016 0.011 0.011 0.019 0.024 0.015 0.072 0.167 0.02 0.03 0.33 0.011 0.025 0.026 0.015 0.074 0.062
194 K 0.056 0.105 0.041 0.041 0.008 0.052 0.069 0.042 0.02 0.027 0.042 0.292 0.015 0.015 0.027 0.052 0.039 0.005 0.017 0.032
195 L 0.044 0.021 0.014 0.016 0.015 0.014 0.019 0.021 0.01 0.178 0.275 0.024 0.042 0.079 0.014 0.024 0.035 0.007 0.027 0.122
196 L 0.067 0.029 0.03 0.028 0.015 0.021 0.032 0.039 0.015 0.069 0.194 0.035 0.031 0.109 0.019 0.109 0.05 0.008 0.033 0.065
197 Q 0.055 0.072 0.043 0.046 0.009 0.23 0.101 0.04 0.029 0.026 0.046 0.089 0.02 0.014 0.023 0.055 0.04 0.006 0.02 0.035
198 G 0.077 0.022 0.038 0.033 0.011 0.019 0.025 0.52 0.013 0.019 0.028 0.033 0.009 0.016 0.019 0.05 0.029 0.005 0.011 0.024
199 W 0.03 0.022 0.015 0.015 0.007 0.015 0.022 0.03 0.015 0.03 0.052 0.022 0.015 0.059 0.007 0.022 0.022 0.502 0.067 0.03
200 T 0.079 0.036 0.045 0.039 0.017 0.028 0.041 0.047 0.015 0.048 0.059 0.046 0.019 0.023 0.027 0.12 0.225 0.006 0.017 0.064
201 S 0.141 0.034 0.045 0.041 0.017 0.028 0.044 0.158 0.017 0.03 0.042 0.047 0.015 0.02 0.027 0.168 0.064 0.005 0.016 0.043
202 F 0.033 0.019 0.017 0.017 0.01 0.01 0.019 0.025 0.017 0.062 0.112 0.019 0.025 0.399 0.01 0.025 0.025 0.017 0.087 0.054
203 L 0.049 0.022 0.014 0.016 0.016 0.015 0.02 0.021 0.009 0.157 0.291 0.025 0.043 0.048 0.014 0.026 0.037 0.006 0.021 0.148
204 L 0.039 0.022 0.015 0.016 0.014 0.014 0.019 0.022 0.013 0.093 0.277 0.022 0.039 0.192 0.013 0.024 0.03 0.011 0.048 0.078
205 I 0.099 0.031 0.022 0.025 0.015 0.059 0.039 0.036 0.014 0.17 0.139 0.041 0.03 0.034 0.019 0.042 0.041 0.006 0.02 0.118
206 L 0.045 0.023 0.014 0.016 0.016 0.016 0.02 0.021 0.01 0.147 0.33 0.025 0.055 0.051 0.014 0.025 0.034 0.007 0.022 0.11
207 F 0.033 0.019 0.017 0.017 0.01 0.01 0.019 0.025 0.017 0.062 0.112 0.019 0.025 0.399 0.01 0.025 0.025 0.017 0.087 0.054
208 F 0.039 0.022 0.018 0.018 0.012 0.014 0.021 0.027 0.016 0.068 0.126 0.023 0.055 0.318 0.012 0.033 0.029 0.014 0.072 0.061
209 L 0.043 0.025 0.015 0.016 0.015 0.017 0.021 0.022 0.017 0.099 0.324 0.026 0.043 0.069 0.014 0.025 0.032 0.011 0.084 0.085
210 E 0.054 0.049 0.04 0.088 0.007 0.063 0.31 0.034 0.025 0.022 0.036 0.074 0.013 0.016 0.025 0.054 0.036 0.005 0.016 0.031
211 L 0.06 0.026 0.017 0.018 0.017 0.02 0.024 0.026 0.012 0.121 0.252 0.029 0.086 0.046 0.016 0.031 0.039 0.007 0.022 0.133
212 Y 0.039 0.029 0.027 0.022 0.009 0.022 0.031 0.027 0.104 0.043 0.07 0.031 0.019 0.163 0.015 0.032 0.027 0.021 0.227 0.043
213 A 0.197 0.027 0.023 0.024 0.017 0.021 0.033 0.056 0.021 0.046 0.071 0.036 0.019 0.118 0.023 0.061 0.04 0.012 0.094 0.06
214 R 0.043 0.292 0.035 0.028 0.008 0.042 0.047 0.031 0.027 0.027 0.05 0.1 0.016 0.039 0.018 0.041 0.033 0.01 0.08 0.033
215 F 0.046 0.025 0.019 0.018 0.013 0.019 0.024 0.025 0.024 0.083 0.116 0.027 0.054 0.166 0.014 0.03 0.033 0.016 0.142 0.104
216 R 0.047 0.164 0.097 0.044 0.008 0.076 0.061 0.041 0.027 0.026 0.044 0.127 0.016 0.026 0.021 0.051 0.039 0.007 0.044 0.032
217 L 0.045 0.066 0.084 0.035 0.012 0.028 0.037 0.035 0.018 0.066 0.193 0.089 0.029 0.076 0.018 0.04 0.036 0.007 0.027 0.059
218 K 0.059 0.125 0.051 0.038 0.012 0.041 0.053 0.041 0.018 0.036 0.051 0.15 0.017 0.019 0.025 0.067 0.127 0.005 0.017 0.047
219 D 0.041 0.03 0.069 0.395 0.008 0.03 0.092 0.047 0.019 0.022 0.028 0.045 0.009 0.015 0.022 0.052 0.036 0.004 0.011 0.024
220 N 0.058 0.057 0.207 0.065 0.01 0.037 0.054 0.059 0.026 0.025 0.036 0.109 0.013 0.018 0.023 0.098 0.053 0.005 0.016 0.031
221 K 0.084 0.074 0.048 0.045 0.013 0.044 0.062 0.055 0.02 0.029 0.043 0.165 0.016 0.018 0.029 0.135 0.061 0.005 0.017 0.037
222 L 0.039 0.022 0.016 0.016 0.013 0.013 0.02 0.023 0.014 0.09 0.244 0.022 0.038 0.22 0.012 0.025 0.03 0.012 0.056 0.076
223 K 0.056 0.094 0.084 0.047 0.009 0.049 0.066 0.046 0.022 0.026 0.041 0.249 0.015 0.016 0.026 0.061 0.042 0.005 0.017 0.032
224 R 0.047 0.168 0.135 0.051 0.008 0.045 0.057 0.046 0.025 0.024 0.04 0.153 0.014 0.017 0.022 0.055 0.041 0.005 0.017 0.03
225 L 0.043 0.023 0.017 0.017 0.014 0.017 0.022 0.022 0.022 0.146 0.206 0.026 0.035 0.075 0.015 0.026 0.033 0.013 0.123 0.105
226 K 0.061 0.126 0.037 0.035 0.012 0.04 0.052 0.041 0.018 0.044 0.112 0.156 0.022 0.024 0.023 0.082 0.045 0.006 0.018 0.046
227 I 0.043 0.022 0.017 0.018 0.013 0.016 0.022 0.022 0.024 0.175 0.131 0.026 0.029 0.089 0.015 0.027 0.034 0.015 0.147 0.116
228 I 0.054 0.019 0.015 0.017 0.017 0.014 0.019 0.022 0.009 0.235 0.15 0.024 0.034 0.052 0.015 0.027 0.042 0.006 0.022 0.207
229 L 0.044 0.025 0.015 0.016 0.015 0.018 0.021 0.023 0.012 0.104 0.316 0.026 0.071 0.093 0.014 0.026 0.033 0.008 0.03 0.089
230 L 0.042 0.021 0.015 0.016 0.015 0.014 0.019 0.022 0.011 0.137 0.288 0.023 0.041 0.121 0.013 0.024 0.032 0.009 0.035 0.102
231 L 0.096 0.024 0.016 0.018 0.017 0.017 0.023 0.032 0.011 0.133 0.277 0.028 0.04 0.045 0.017 0.036 0.037 0.006 0.021 0.105
232 P 0.056 0.025 0.023 0.03 0.01 0.02 0.035 0.035 0.013 0.025 0.035 0.04 0.01 0.013 0.503 0.043 0.035 0.003 0.013 0.03
233 L 0.044 0.024 0.014 0.015 0.016 0.016 0.02 0.021 0.01 0.119 0.38 0.025 0.048 0.053 0.014 0.024 0.033 0.007 0.022 0.097
234 L 0.046 0.02 0.016 0.017 0.015 0.013 0.02 0.023 0.012 0.141 0.182 0.022 0.033 0.174 0.013 0.026 0.035 0.01 0.045 0.139
235 I 0.046 0.017 0.014 0.017 0.016 0.013 0.017 0.02 0.009 0.285 0.165 0.023 0.036 0.043 0.014 0.025 0.039 0.006 0.02 0.173
236 L 0.045 0.02 0.014 0.016 0.016 0.014 0.018 0.02 0.009 0.216 0.254 0.024 0.041 0.047 0.014 0.024 0.037 0.006 0.021 0.142
237 F 0.036 0.02 0.016 0.016 0.012 0.012 0.019 0.024 0.015 0.074 0.176 0.02 0.03 0.318 0.011 0.025 0.027 0.014 0.072 0.063
238 F 0.038 0.021 0.015 0.016 0.013 0.013 0.019 0.023 0.014 0.084 0.231 0.021 0.035 0.249 0.012 0.024 0.028 0.012 0.059 0.071
239 G 0.077 0.022 0.038 0.033 0.011 0.019 0.025 0.52 0.013 0.019 0.028 0.033 0.009 0.016 0.019 0.05 0.029 0.005 0.011 0.024
240 G 0.077 0.022 0.038 0.033 0.011 0.019 0.025 0.52 0.013 0.019 0.028 0.033 0.009 0.016 0.019 0.05 0.029 0.005 0.011 0.024
241 W 0.092 0.024 0.017 0.018 0.012 0.017 0.026 0.038 0.013 0.059 0.068 0.027 0.019 0.047 0.014 0.036 0.033 0.304 0.048 0.088
242 V 0.056 0.021 0.015 0.017 0.017 0.015 0.02 0.022 0.009 0.191 0.192 0.025 0.036 0.041 0.015 0.028 0.042 0.006 0.021 0.21
243 Y 0.04 0.027 0.021 0.018 0.009 0.021 0.027 0.024 0.046 0.043 0.067 0.031 0.018 0.128 0.015 0.031 0.027 0.027 0.331 0.046
244 Q 0.066 0.072 0.045 0.045 0.01 0.155 0.085 0.046 0.025 0.027 0.044 0.123 0.018 0.016 0.025 0.09 0.048 0.006 0.019 0.035
245 Y 0.046 0.043 0.026 0.025 0.009 0.027 0.037 0.03 0.034 0.036 0.056 0.085 0.016 0.083 0.115 0.037 0.031 0.018 0.205 0.04
246 A 0.205 0.026 0.021 0.024 0.02 0.021 0.032 0.055 0.012 0.115 0.093 0.036 0.024 0.028 0.024 0.061 0.047 0.005 0.018 0.132
247 Y 0.037 0.024 0.02 0.018 0.01 0.017 0.024 0.025 0.035 0.05 0.084 0.026 0.021 0.227 0.013 0.029 0.027 0.023 0.242 0.049
248 V 0.066 0.027 0.021 0.032 0.017 0.026 0.08 0.026 0.011 0.133 0.109 0.035 0.027 0.031 0.018 0.037 0.046 0.005 0.019 0.233
249 L 0.044 0.022 0.014 0.016 0.016 0.015 0.019 0.021 0.009 0.168 0.317 0.024 0.045 0.05 0.014 0.024 0.035 0.007 0.021 0.119
250 K 0.056 0.105 0.041 0.041 0.008 0.052 0.069 0.042 0.02 0.027 0.042 0.292 0.015 0.015 0.027 0.052 0.039 0.005 0.017 0.032
251 N 0.044 0.042 0.268 0.069 0.01 0.032 0.044 0.057 0.028 0.037 0.063 0.049 0.044 0.024 0.019 0.062 0.047 0.005 0.017 0.039
252 E 0.054 0.053 0.04 0.08 0.008 0.097 0.268 0.036 0.026 0.023 0.038 0.077 0.014 0.016 0.025 0.054 0.037 0.005 0.017 0.031
253 I 0.046 0.017 0.014 0.017 0.016 0.013 0.017 0.02 0.009 0.285 0.165 0.023 0.036 0.043 0.014 0.025 0.039 0.006 0.02 0.173
254 R 0.044 0.358 0.038 0.03 0.008 0.047 0.051 0.032 0.023 0.023 0.046 0.118 0.015 0.017 0.019 0.044 0.034 0.006 0.017 0.03
255 G 0.07 0.027 0.097 0.043 0.01 0.021 0.03 0.429 0.017 0.019 0.028 0.037 0.01 0.016 0.019 0.054 0.033 0.005 0.012 0.024
256 N 0.103 0.035 0.139 0.048 0.015 0.027 0.039 0.054 0.02 0.051 0.115 0.044 0.022 0.027 0.022 0.073 0.089 0.005 0.018 0.057
257 D 0.055 0.041 0.056 0.165 0.009 0.029 0.058 0.141 0.017 0.024 0.033 0.085 0.011 0.015 0.121 0.052 0.043 0.004 0.013 0.028
258 V 0.076 0.025 0.024 0.024 0.018 0.02 0.029 0.033 0.01 0.133 0.119 0.031 0.028 0.033 0.019 0.074 0.055 0.005 0.02 0.227
259 D 0.145 0.036 0.041 0.149 0.013 0.038 0.14 0.053 0.019 0.03 0.042 0.053 0.013 0.018 0.042 0.064 0.041 0.005 0.015 0.043
260 P 0.07 0.035 0.037 0.047 0.013 0.033 0.096 0.043 0.017 0.031 0.043 0.051 0.014 0.017 0.207 0.096 0.091 0.004 0.015 0.041
261 L 0.045 0.02 0.014 0.017 0.016 0.014 0.018 0.02 0.009 0.226 0.241 0.024 0.04 0.047 0.014 0.024 0.037 0.006 0.021 0.146
262 S 0.094 0.038 0.049 0.044 0.017 0.03 0.047 0.056 0.017 0.038 0.05 0.05 0.017 0.022 0.028 0.18 0.149 0.005 0.017 0.052
263 Y 0.042 0.023 0.019 0.018 0.012 0.018 0.023 0.023 0.031 0.14 0.106 0.028 0.025 0.094 0.015 0.028 0.032 0.019 0.207 0.097
264 Y 0.057 0.033 0.03 0.038 0.012 0.031 0.087 0.034 0.028 0.05 0.116 0.043 0.027 0.078 0.02 0.075 0.041 0.014 0.135 0.052
265 E 0.052 0.057 0.047 0.131 0.008 0.142 0.158 0.04 0.026 0.024 0.04 0.076 0.016 0.015 0.023 0.054 0.038 0.005 0.017 0.031
266 G 0.083 0.026 0.041 0.036 0.012 0.021 0.03 0.429 0.014 0.021 0.03 0.037 0.01 0.017 0.021 0.087 0.039 0.005 0.012 0.027
267 V 0.063 0.021 0.016 0.017 0.018 0.015 0.022 0.023 0.008 0.19 0.136 0.025 0.032 0.037 0.016 0.03 0.046 0.005 0.02 0.258
268 E 0.059 0.043 0.039 0.077 0.008 0.054 0.253 0.131 0.023 0.021 0.034 0.066 0.012 0.016 0.024 0.053 0.035 0.005 0.015 0.029
269 H 0.047 0.056 0.049 0.041 0.008 0.115 0.072 0.039 0.232 0.024 0.041 0.063 0.017 0.024 0.02 0.047 0.032 0.007 0.042 0.027
270 L 0.044 0.024 0.014 0.015 0.016 0.016 0.02 0.021 0.01 0.113 0.388 0.025 0.049 0.054 0.014 0.024 0.033 0.007 0.022 0.094
271 A 0.211 0.032 0.032 0.032 0.02 0.026 0.039 0.063 0.014 0.046 0.06 0.044 0.018 0.022 0.028 0.086 0.134 0.005 0.017 0.068
272 S 0.095 0.04 0.108 0.055 0.015 0.033 0.051 0.065 0.021 0.028 0.039 0.053 0.015 0.02 0.027 0.202 0.074 0.005 0.017 0.038
273 R 0.044 0.358 0.038 0.03 0.008 0.047 0.051 0.032 0.023 0.023 0.046 0.118 0.015 0.017 0.019 0.044 0.034 0.006 0.017 0.03
274 L 0.044 0.024 0.014 0.015 0.016 0.016 0.02 0.021 0.01 0.113 0.388 0.025 0.049 0.054 0.014 0.024 0.033 0.007 0.022 0.094
275 S 0.108 0.039 0.053 0.048 0.017 0.033 0.051 0.065 0.019 0.029 0.041 0.053 0.015 0.02 0.029 0.235 0.08 0.005 0.017 0.041
276 L 0.048 0.028 0.019 0.019 0.014 0.023 0.025 0.025 0.02 0.125 0.162 0.032 0.117 0.063 0.015 0.032 0.037 0.011 0.084 0.098
277 N 0.043 0.036 0.204 0.055 0.012 0.026 0.037 0.047 0.022 0.058 0.174 0.042 0.026 0.032 0.017 0.051 0.042 0.005 0.018 0.054
278 P 0.056 0.025 0.023 0.03 0.01 0.02 0.035 0.035 0.013 0.025 0.035 0.04 0.01 0.013 0.503 0.043 0.035 0.003 0.013 0.03
279 V 0.054 0.024 0.078 0.03 0.016 0.018 0.026 0.031 0.013 0.183 0.123 0.03 0.029 0.035 0.016 0.036 0.045 0.005 0.019 0.188
280 S 0.147 0.038 0.047 0.044 0.018 0.031 0.049 0.067 0.018 0.032 0.045 0.051 0.016 0.021 0.029 0.205 0.074 0.005 0.017 0.046
281 L 0.049 0.022 0.014 0.016 0.016 0.015 0.02 0.021 0.009 0.157 0.291 0.025 0.043 0.048 0.014 0.026 0.037 0.006 0.021 0.148
282 G 0.077 0.022 0.038 0.033 0.011 0.019 0.025 0.52 0.013 0.019 0.028 0.033 0.009 0.016 0.019 0.05 0.029 0.005 0.011 0.024
283 A 0.304 0.03 0.025 0.029 0.021 0.025 0.04 0.077 0.015 0.042 0.058 0.044 0.017 0.021 0.029 0.083 0.049 0.005 0.017 0.067
284 Y 0.047 0.024 0.019 0.018 0.012 0.019 0.025 0.024 0.031 0.115 0.099 0.028 0.024 0.093 0.015 0.03 0.034 0.019 0.207 0.119
285 Q 0.055 0.064 0.042 0.06 0.008 0.174 0.171 0.038 0.028 0.025 0.043 0.084 0.018 0.015 0.024 0.055 0.039 0.006 0.019 0.033
286 N 0.042 0.044 0.33 0.081 0.009 0.033 0.048 0.064 0.031 0.022 0.031 0.053 0.011 0.018 0.02 0.068 0.048 0.004 0.015 0.026
287 Y 0.046 0.058 0.029 0.027 0.009 0.033 0.044 0.032 0.035 0.037 0.059 0.135 0.017 0.092 0.02 0.039 0.032 0.018 0.197 0.041
288 D 0.067 0.033 0.062 0.265 0.011 0.031 0.074 0.053 0.019 0.025 0.033 0.048 0.012 0.017 0.025 0.125 0.053 0.004 0.013 0.031
289 K 0.063 0.074 0.035 0.034 0.012 0.04 0.053 0.038 0.016 0.065 0.067 0.188 0.02 0.021 0.024 0.057 0.065 0.005 0.018 0.103
290 V 0.063 0.02 0.016 0.017 0.018 0.015 0.021 0.023 0.008 0.194 0.137 0.025 0.032 0.037 0.016 0.03 0.046 0.005 0.02 0.254
291 V 0.06 0.037 0.021 0.022 0.016 0.023 0.031 0.027 0.011 0.168 0.12 0.078 0.029 0.033 0.018 0.034 0.044 0.005 0.02 0.204
292 H 0.068 0.044 0.108 0.063 0.012 0.035 0.053 0.054 0.138 0.025 0.037 0.058 0.014 0.023 0.023 0.125 0.053 0.006 0.03 0.031
293 L 0.044 0.024 0.014 0.015 0.016 0.016 0.02 0.021 0.01 0.113 0.388 0.025 0.049 0.054 0.014 0.024 0.033 0.007 0.022 0.094
294 Y 0.038 0.026 0.02 0.018 0.009 0.019 0.026 0.025 0.04 0.047 0.076 0.028 0.02 0.182 0.014 0.029 0.027 0.025 0.282 0.047
295 Q 0.055 0.074 0.042 0.054 0.008 0.161 0.136 0.04 0.026 0.025 0.043 0.127 0.018 0.015 0.024 0.054 0.039 0.006 0.019 0.033
296 K 0.063 0.089 0.101 0.05 0.01 0.07 0.065 0.05 0.023 0.026 0.041 0.158 0.015 0.017 0.025 0.092 0.049 0.005 0.017 0.033
297 E 0.051 0.045 0.045 0.153 0.007 0.056 0.266 0.037 0.024 0.022 0.034 0.068 0.012 0.016 0.025 0.054 0.036 0.005 0.015 0.029
298 N 0.075 0.038 0.161 0.058 0.013 0.03 0.045 0.156 0.023 0.024 0.034 0.049 0.012 0.018 0.023 0.131 0.057 0.005 0.015 0.032
299 R 0.048 0.161 0.034 0.042 0.01 0.08 0.106 0.032 0.021 0.05 0.116 0.082 0.023 0.025 0.02 0.043 0.036 0.006 0.019 0.049
300 R 0.045 0.342 0.039 0.031 0.008 0.049 0.053 0.033 0.023 0.023 0.047 0.121 0.016 0.017 0.019 0.045 0.035 0.006 0.017 0.031
301 Y 0.041 0.028 0.022 0.019 0.009 0.022 0.028 0.025 0.047 0.044 0.069 0.031 0.019 0.131 0.016 0.031 0.028 0.028 0.315 0.047
302 V 0.082 0.024 0.032 0.101 0.015 0.02 0.038 0.132 0.012 0.106 0.084 0.033 0.021 0.027 0.019 0.045 0.048 0.005 0.016 0.141
303 F 0.037 0.021 0.016 0.016 0.012 0.012 0.019 0.023 0.014 0.081 0.214 0.021 0.034 0.271 0.012 0.025 0.028 0.013 0.063 0.069
304 K 0.054 0.087 0.035 0.036 0.01 0.045 0.059 0.038 0.018 0.079 0.067 0.238 0.019 0.021 0.025 0.047 0.039 0.005 0.018 0.06
305 E 0.054 0.049 0.04 0.088 0.007 0.063 0.31 0.034 0.025 0.022 0.036 0.074 0.013 0.016 0.025 0.054 0.036 0.005 0.016 0.031
306 S 0.086 0.034 0.044 0.039 0.016 0.027 0.042 0.052 0.017 0.04 0.06 0.044 0.018 0.097 0.025 0.164 0.105 0.008 0.031 0.049
307 K 0.065 0.08 0.04 0.054 0.009 0.053 0.138 0.073 0.021 0.025 0.04 0.201 0.014 0.016 0.026 0.054 0.038 0.005 0.016 0.032
308 S 0.147 0.038 0.047 0.044 0.018 0.031 0.049 0.067 0.018 0.032 0.045 0.051 0.016 0.021 0.029 0.205 0.074 0.005 0.017 0.046
309 L 0.043 0.022 0.014 0.016 0.015 0.015 0.019 0.021 0.01 0.142 0.312 0.024 0.043 0.091 0.014 0.024 0.033 0.008 0.029 0.105
310 L 0.042 0.023 0.014 0.015 0.015 0.015 0.02 0.022 0.011 0.103 0.333 0.024 0.044 0.123 0.013 0.024 0.031 0.009 0.035 0.086
311 R 0.044 0.358 0.038 0.03 0.008 0.047 0.051 0.032 0.023 0.023 0.046 0.118 0.015 0.017 0.019 0.044 0.034 0.006 0.017 0.03
312 P 0.056 0.025 0.023 0.03 0.01 0.02 0.035 0.035 0.013 0.025 0.035 0.04 0.01 0.013 0.503 0.043 0.035 0.003 0.013 0.03
313 I 0.044 0.021 0.016 0.017 0.015 0.015 0.02 0.021 0.016 0.202 0.19 0.025 0.035 0.062 0.014 0.026 0.035 0.01 0.083 0.132
314 L 0.054 0.024 0.018 0.018 0.017 0.017 0.023 0.024 0.01 0.126 0.269 0.027 0.04 0.044 0.016 0.034 0.064 0.006 0.021 0.148
315 P 0.056 0.025 0.023 0.03 0.01 0.02 0.035 0.035 0.013 0.025 0.035 0.04 0.01 0.013 0.503 0.043 0.035 0.003 0.013 0.03
316 G 0.091 0.031 0.099 0.045 0.012 0.025 0.036 0.308 0.018 0.023 0.033 0.042 0.011 0.018 0.022 0.093 0.045 0.005 0.013 0.031
317 G 0.067 0.022 0.03 0.027 0.012 0.017 0.024 0.306 0.013 0.056 0.065 0.029 0.017 0.096 0.017 0.048 0.034 0.008 0.028 0.082
318 L 0.038 0.021 0.015 0.016 0.013 0.013 0.019 0.023 0.013 0.086 0.241 0.022 0.036 0.238 0.012 0.024 0.029 0.012 0.057 0.073
319 I 0.047 0.021 0.017 0.017 0.014 0.015 0.021 0.023 0.018 0.161 0.128 0.025 0.034 0.13 0.014 0.028 0.036 0.012 0.096 0.143
320 G 0.094 0.032 0.047 0.041 0.014 0.026 0.039 0.287 0.016 0.024 0.035 0.044 0.013 0.019 0.024 0.134 0.056 0.005 0.014 0.033
