#Seq2Logo.py -f /work3/idamei/ssn-clusterings/2206011120/clusters/0021_75/sequences.afa -m 0.0001 -b 50 -o /work3/idamei/ssn-clusterings/2206011120/clusters/0021_75/sequences.logo -p 640x1000 -l 30
#Position Specific Frequency Matrix
A R N D C Q E G H I L K M F P S T W Y V
0 L 0.053 0.032 0.02 0.02 0.016 0.028 0.028 0.028 0.016 0.101 0.198 0.036 0.154 0.049 0.016 0.036 0.041 0.008 0.024 0.093
1 C 0.065 0.016 0.016 0.016 0.48 0.012 0.016 0.033 0.008 0.045 0.065 0.02 0.016 0.02 0.016 0.041 0.037 0.004 0.012 0.057
2 N 0.043 0.045 0.312 0.084 0.009 0.034 0.05 0.066 0.032 0.023 0.032 0.054 0.011 0.018 0.02 0.07 0.05 0.005 0.016 0.027
3 K 0.057 0.108 0.042 0.042 0.009 0.054 0.071 0.044 0.021 0.028 0.044 0.273 0.016 0.016 0.028 0.054 0.04 0.005 0.017 0.033
4 L 0.062 0.023 0.016 0.017 0.018 0.017 0.022 0.024 0.009 0.149 0.211 0.026 0.038 0.042 0.016 0.03 0.044 0.006 0.021 0.208
5 L 0.045 0.024 0.014 0.015 0.016 0.016 0.02 0.021 0.01 0.116 0.371 0.025 0.05 0.055 0.014 0.024 0.034 0.007 0.022 0.097
6 S 0.111 0.04 0.055 0.049 0.018 0.033 0.053 0.067 0.019 0.03 0.042 0.055 0.016 0.021 0.03 0.214 0.083 0.005 0.018 0.042
7 Y 0.041 0.028 0.022 0.019 0.009 0.022 0.028 0.025 0.047 0.044 0.069 0.031 0.019 0.132 0.016 0.031 0.028 0.028 0.313 0.047
8 S 0.111 0.04 0.055 0.049 0.018 0.033 0.053 0.067 0.019 0.03 0.042 0.055 0.016 0.021 0.03 0.214 0.083 0.005 0.018 0.042
9 L 0.045 0.024 0.014 0.015 0.016 0.016 0.02 0.021 0.01 0.116 0.371 0.025 0.05 0.055 0.014 0.024 0.034 0.007 0.022 0.097
10 S 0.111 0.04 0.055 0.049 0.018 0.033 0.053 0.067 0.019 0.03 0.042 0.055 0.016 0.021 0.03 0.214 0.083 0.005 0.018 0.042
11 L 0.045 0.024 0.014 0.015 0.016 0.016 0.02 0.021 0.01 0.116 0.371 0.025 0.05 0.055 0.014 0.024 0.034 0.007 0.022 0.097
12 N 0.043 0.045 0.312 0.084 0.009 0.034 0.05 0.066 0.032 0.023 0.032 0.054 0.011 0.018 0.02 0.07 0.05 0.005 0.016 0.027
13 N 0.043 0.045 0.312 0.084 0.009 0.034 0.05 0.066 0.032 0.023 0.032 0.054 0.011 0.018 0.02 0.07 0.05 0.005 0.016 0.027
14 L 0.051 0.031 0.02 0.02 0.016 0.027 0.027 0.027 0.016 0.097 0.191 0.035 0.185 0.047 0.016 0.035 0.039 0.008 0.023 0.09
15 R 0.043 0.364 0.038 0.03 0.008 0.047 0.051 0.032 0.023 0.023 0.045 0.117 0.015 0.017 0.019 0.043 0.034 0.006 0.017 0.03
16 C 0.063 0.016 0.016 0.016 0.499 0.012 0.016 0.032 0.008 0.043 0.063 0.02 0.016 0.02 0.016 0.04 0.036 0.004 0.012 0.055
17 V 0.086 0.022 0.017 0.018 0.019 0.016 0.024 0.028 0.009 0.161 0.124 0.027 0.03 0.034 0.017 0.036 0.047 0.005 0.02 0.262
18 M 0.049 0.03 0.019 0.019 0.015 0.027 0.027 0.027 0.015 0.095 0.186 0.034 0.208 0.045 0.015 0.034 0.038 0.008 0.023 0.087
19 A 0.264 0.027 0.022 0.025 0.02 0.022 0.034 0.061 0.012 0.069 0.073 0.038 0.02 0.024 0.025 0.068 0.047 0.005 0.017 0.126
20 L 0.04 0.022 0.014 0.015 0.014 0.014 0.019 0.021 0.011 0.097 0.34 0.022 0.041 0.138 0.013 0.023 0.03 0.009 0.036 0.082
21 L 0.039 0.022 0.014 0.015 0.014 0.014 0.019 0.021 0.011 0.1 0.331 0.022 0.041 0.144 0.013 0.023 0.03 0.009 0.037 0.082
22 L 0.107 0.023 0.017 0.018 0.015 0.016 0.023 0.034 0.012 0.081 0.247 0.027 0.034 0.137 0.016 0.037 0.034 0.009 0.036 0.078
23 W 0.029 0.021 0.015 0.015 0.008 0.013 0.021 0.027 0.015 0.036 0.064 0.021 0.017 0.148 0.008 0.022 0.022 0.395 0.069 0.034
24 C 0.061 0.022 0.024 0.024 0.139 0.016 0.025 0.034 0.012 0.112 0.092 0.028 0.022 0.119 0.017 0.088 0.044 0.007 0.032 0.082
25 I 0.041 0.017 0.014 0.016 0.014 0.012 0.017 0.021 0.01 0.246 0.15 0.021 0.032 0.137 0.013 0.024 0.034 0.008 0.036 0.137
26 V 0.118 0.021 0.017 0.019 0.018 0.017 0.024 0.033 0.009 0.172 0.118 0.028 0.028 0.033 0.018 0.04 0.044 0.005 0.019 0.218
27 V 0.06 0.022 0.021 0.021 0.141 0.016 0.023 0.029 0.009 0.14 0.101 0.027 0.025 0.029 0.018 0.045 0.102 0.005 0.017 0.149
28 L 0.061 0.02 0.02 0.02 0.139 0.015 0.02 0.153 0.009 0.081 0.155 0.025 0.025 0.03 0.016 0.035 0.035 0.005 0.016 0.119
29 F 0.035 0.018 0.015 0.016 0.011 0.011 0.018 0.023 0.014 0.12 0.124 0.019 0.027 0.327 0.011 0.024 0.027 0.013 0.068 0.079
30 Y 0.038 0.026 0.021 0.018 0.009 0.021 0.026 0.023 0.044 0.041 0.065 0.029 0.018 0.123 0.015 0.029 0.026 0.026 0.356 0.044
31 L 0.05 0.022 0.021 0.021 0.016 0.017 0.022 0.025 0.01 0.192 0.196 0.028 0.034 0.045 0.017 0.039 0.099 0.006 0.02 0.121
32 G 0.066 0.026 0.031 0.028 0.013 0.021 0.03 0.161 0.021 0.093 0.07 0.034 0.019 0.05 0.019 0.092 0.046 0.01 0.101 0.069
33 F 0.048 0.018 0.016 0.016 0.138 0.012 0.018 0.025 0.012 0.079 0.1 0.02 0.023 0.224 0.013 0.029 0.032 0.01 0.05 0.117
34 G 0.074 0.022 0.037 0.032 0.01 0.018 0.024 0.538 0.013 0.018 0.027 0.032 0.009 0.015 0.018 0.048 0.028 0.005 0.01 0.023
35 L 0.04 0.02 0.014 0.015 0.014 0.013 0.018 0.021 0.011 0.147 0.272 0.022 0.038 0.142 0.013 0.023 0.031 0.009 0.036 0.1
36 L 0.111 0.023 0.017 0.018 0.015 0.016 0.023 0.035 0.013 0.08 0.228 0.027 0.032 0.153 0.016 0.038 0.033 0.009 0.039 0.074
37 Y 0.038 0.026 0.021 0.018 0.009 0.021 0.026 0.023 0.044 0.041 0.065 0.029 0.018 0.123 0.015 0.029 0.026 0.026 0.356 0.044
38 L 0.044 0.025 0.015 0.015 0.015 0.018 0.021 0.022 0.011 0.105 0.355 0.026 0.087 0.05 0.014 0.026 0.033 0.007 0.021 0.09
39 Q 0.07 0.052 0.044 0.043 0.012 0.144 0.07 0.045 0.022 0.032 0.047 0.066 0.018 0.017 0.025 0.114 0.111 0.005 0.018 0.043
40 F 0.033 0.02 0.017 0.016 0.01 0.013 0.02 0.024 0.023 0.055 0.097 0.021 0.022 0.347 0.011 0.025 0.025 0.019 0.152 0.05
41 S 0.078 0.042 0.041 0.041 0.013 0.085 0.058 0.05 0.019 0.026 0.039 0.057 0.015 0.016 0.15 0.156 0.057 0.004 0.016 0.035
42 E 0.062 0.048 0.121 0.064 0.01 0.089 0.135 0.049 0.025 0.024 0.038 0.063 0.014 0.023 0.023 0.108 0.049 0.005 0.018 0.032
43 L 0.039 0.022 0.014 0.015 0.014 0.014 0.019 0.021 0.011 0.097 0.335 0.022 0.041 0.144 0.013 0.023 0.03 0.009 0.037 0.081
44 S 0.144 0.033 0.048 0.138 0.015 0.029 0.056 0.061 0.017 0.029 0.04 0.047 0.014 0.018 0.026 0.164 0.059 0.005 0.015 0.042
45 P 0.054 0.024 0.022 0.029 0.01 0.02 0.034 0.034 0.012 0.024 0.034 0.039 0.01 0.012 0.522 0.041 0.034 0.002 0.012 0.029
46 L 0.042 0.023 0.013 0.014 0.015 0.015 0.019 0.02 0.01 0.109 0.411 0.024 0.047 0.052 0.013 0.023 0.032 0.007 0.021 0.091
47 G 0.074 0.022 0.037 0.032 0.01 0.018 0.024 0.538 0.013 0.018 0.027 0.032 0.009 0.015 0.018 0.048 0.028 0.005 0.01 0.023
48 A 0.33 0.029 0.024 0.028 0.02 0.024 0.038 0.074 0.014 0.041 0.056 0.042 0.017 0.02 0.028 0.08 0.047 0.005 0.017 0.065
49 L 0.047 0.028 0.018 0.018 0.015 0.024 0.025 0.025 0.014 0.098 0.242 0.032 0.168 0.047 0.015 0.031 0.036 0.007 0.022 0.088
50 A 0.2 0.025 0.025 0.026 0.017 0.02 0.031 0.177 0.012 0.064 0.065 0.035 0.018 0.022 0.022 0.06 0.042 0.005 0.016 0.116
51 Y 0.042 0.027 0.018 0.017 0.012 0.021 0.025 0.023 0.028 0.071 0.181 0.029 0.073 0.086 0.015 0.029 0.031 0.017 0.189 0.067
52 T 0.058 0.033 0.115 0.045 0.013 0.026 0.039 0.044 0.017 0.036 0.046 0.044 0.014 0.018 0.156 0.07 0.161 0.004 0.015 0.047
53 G 0.06 0.03 0.044 0.145 0.009 0.031 0.118 0.288 0.017 0.019 0.029 0.044 0.01 0.015 0.02 0.05 0.031 0.005 0.012 0.025
54 V 0.127 0.025 0.024 0.024 0.018 0.02 0.029 0.039 0.011 0.14 0.1 0.033 0.025 0.03 0.021 0.056 0.105 0.005 0.018 0.152
55 V 0.129 0.024 0.019 0.023 0.017 0.019 0.029 0.039 0.01 0.094 0.084 0.033 0.021 0.025 0.145 0.046 0.044 0.004 0.017 0.179
56 G 0.055 0.028 0.118 0.047 0.017 0.022 0.032 0.267 0.025 0.025 0.038 0.036 0.012 0.043 0.017 0.048 0.033 0.01 0.098 0.029
57 D 0.039 0.032 0.138 0.343 0.007 0.029 0.076 0.048 0.021 0.021 0.027 0.044 0.009 0.015 0.021 0.053 0.037 0.004 0.012 0.024
58 V 0.055 0.02 0.015 0.016 0.017 0.015 0.02 0.022 0.008 0.183 0.204 0.024 0.035 0.04 0.015 0.027 0.041 0.006 0.02 0.22
59 L 0.121 0.023 0.017 0.019 0.017 0.017 0.024 0.034 0.01 0.148 0.191 0.028 0.035 0.037 0.018 0.04 0.041 0.006 0.019 0.156
60 I 0.044 0.032 0.022 0.024 0.012 0.075 0.038 0.026 0.016 0.153 0.118 0.038 0.044 0.131 0.015 0.032 0.034 0.009 0.041 0.095
61 V 0.067 0.027 0.028 0.026 0.017 0.021 0.03 0.032 0.01 0.103 0.092 0.034 0.024 0.028 0.021 0.059 0.168 0.005 0.018 0.189
62 F 0.049 0.021 0.017 0.017 0.013 0.015 0.021 0.023 0.019 0.14 0.112 0.024 0.026 0.155 0.014 0.028 0.034 0.013 0.12 0.139
63 S 0.079 0.028 0.032 0.03 0.015 0.022 0.034 0.043 0.015 0.068 0.079 0.035 0.021 0.13 0.02 0.139 0.055 0.008 0.035 0.111
64 V 0.061 0.023 0.021 0.021 0.017 0.017 0.024 0.026 0.009 0.172 0.118 0.028 0.028 0.033 0.018 0.042 0.101 0.005 0.019 0.215
65 G 0.074 0.022 0.037 0.032 0.01 0.018 0.024 0.538 0.013 0.018 0.027 0.032 0.009 0.015 0.018 0.048 0.028 0.005 0.01 0.023
66 V 0.055 0.02 0.017 0.017 0.139 0.015 0.021 0.025 0.017 0.123 0.098 0.024 0.024 0.054 0.015 0.031 0.037 0.01 0.102 0.157
67 V 0.064 0.018 0.015 0.017 0.141 0.014 0.019 0.025 0.008 0.164 0.115 0.023 0.027 0.032 0.015 0.032 0.041 0.005 0.017 0.206
68 G 0.089 0.03 0.044 0.039 0.013 0.025 0.037 0.3 0.015 0.023 0.033 0.041 0.012 0.017 0.023 0.156 0.053 0.005 0.013 0.031
69 V 0.07 0.021 0.016 0.017 0.018 0.016 0.022 0.024 0.008 0.153 0.122 0.025 0.03 0.033 0.016 0.032 0.047 0.005 0.019 0.306
70 F 0.044 0.018 0.015 0.016 0.013 0.012 0.019 0.023 0.012 0.148 0.129 0.021 0.028 0.224 0.012 0.026 0.033 0.011 0.051 0.146
71 L 0.043 0.021 0.014 0.015 0.015 0.015 0.018 0.02 0.009 0.163 0.344 0.023 0.044 0.049 0.014 0.023 0.033 0.006 0.021 0.111
72 G 0.081 0.026 0.04 0.035 0.012 0.021 0.03 0.419 0.014 0.02 0.03 0.037 0.01 0.016 0.02 0.102 0.04 0.005 0.012 0.027
73 Y 0.038 0.026 0.021 0.018 0.009 0.021 0.026 0.023 0.044 0.041 0.065 0.029 0.018 0.123 0.015 0.029 0.026 0.026 0.356 0.044
74 W 0.109 0.021 0.017 0.019 0.013 0.015 0.024 0.036 0.013 0.111 0.098 0.026 0.023 0.129 0.015 0.037 0.033 0.137 0.045 0.079
75 L 0.103 0.024 0.019 0.019 0.013 0.018 0.026 0.035 0.021 0.063 0.16 0.028 0.026 0.154 0.017 0.042 0.036 0.014 0.119 0.063
76 F 0.106 0.021 0.018 0.019 0.013 0.014 0.023 0.036 0.015 0.055 0.095 0.024 0.022 0.321 0.015 0.038 0.03 0.013 0.067 0.055
77 S 0.079 0.031 0.039 0.036 0.016 0.025 0.038 0.046 0.014 0.106 0.081 0.041 0.021 0.026 0.024 0.156 0.12 0.005 0.017 0.079
78 R 0.045 0.312 0.037 0.032 0.008 0.047 0.054 0.033 0.021 0.023 0.043 0.165 0.015 0.016 0.02 0.044 0.034 0.005 0.016 0.03
79 R 0.052 0.133 0.033 0.03 0.012 0.034 0.042 0.033 0.016 0.103 0.076 0.124 0.021 0.024 0.021 0.051 0.099 0.005 0.017 0.073
80 K 0.051 0.176 0.038 0.037 0.008 0.049 0.062 0.038 0.02 0.025 0.042 0.264 0.015 0.015 0.024 0.048 0.036 0.005 0.016 0.03
81 L 0.051 0.042 0.02 0.021 0.014 0.024 0.032 0.026 0.012 0.1 0.246 0.098 0.035 0.038 0.017 0.032 0.037 0.006 0.019 0.131
82 P 0.081 0.027 0.028 0.031 0.014 0.022 0.036 0.041 0.013 0.055 0.055 0.039 0.015 0.019 0.273 0.097 0.048 0.004 0.015 0.088
83 G 0.052 0.137 0.117 0.045 0.008 0.037 0.052 0.16 0.021 0.022 0.035 0.129 0.012 0.016 0.02 0.052 0.036 0.005 0.015 0.027
84 L 0.047 0.023 0.021 0.021 0.014 0.016 0.023 0.026 0.012 0.133 0.185 0.027 0.031 0.134 0.016 0.039 0.096 0.008 0.035 0.094
85 K 0.071 0.065 0.042 0.039 0.011 0.038 0.052 0.17 0.017 0.024 0.037 0.18 0.013 0.016 0.024 0.103 0.045 0.005 0.015 0.031
86 F 0.046 0.024 0.034 0.125 0.012 0.019 0.04 0.032 0.014 0.111 0.088 0.031 0.022 0.125 0.018 0.046 0.096 0.008 0.033 0.077
87 L 0.04 0.02 0.014 0.015 0.014 0.013 0.018 0.021 0.011 0.147 0.272 0.022 0.038 0.142 0.013 0.023 0.031 0.009 0.036 0.1
88 N 0.063 0.039 0.196 0.065 0.013 0.03 0.046 0.056 0.022 0.03 0.04 0.049 0.014 0.019 0.023 0.12 0.115 0.005 0.016 0.039
89 D 0.039 0.035 0.21 0.255 0.008 0.03 0.066 0.053 0.024 0.021 0.028 0.047 0.01 0.016 0.02 0.058 0.04 0.004 0.013 0.024
90 P 0.061 0.051 0.116 0.048 0.011 0.033 0.049 0.049 0.02 0.026 0.037 0.115 0.012 0.016 0.156 0.096 0.055 0.004 0.015 0.032
91 C 0.061 0.031 0.116 0.04 0.129 0.024 0.035 0.045 0.025 0.033 0.048 0.038 0.015 0.045 0.019 0.1 0.046 0.01 0.1 0.04
92 F 0.032 0.018 0.016 0.016 0.01 0.01 0.018 0.024 0.016 0.06 0.108 0.018 0.024 0.422 0.01 0.024 0.024 0.016 0.084 0.052
93 L 0.044 0.023 0.015 0.016 0.015 0.018 0.02 0.022 0.011 0.153 0.292 0.026 0.087 0.048 0.014 0.026 0.035 0.007 0.021 0.108
94 R 0.053 0.124 0.116 0.045 0.017 0.034 0.045 0.107 0.114 0.022 0.036 0.062 0.013 0.02 0.02 0.075 0.039 0.005 0.025 0.027
95 F 0.033 0.02 0.017 0.016 0.01 0.013 0.02 0.024 0.023 0.055 0.097 0.021 0.022 0.347 0.011 0.025 0.025 0.019 0.152 0.05
96 C 0.124 0.021 0.017 0.018 0.265 0.016 0.022 0.039 0.01 0.058 0.147 0.026 0.024 0.028 0.018 0.045 0.037 0.005 0.015 0.066
97 S 0.16 0.036 0.044 0.042 0.017 0.03 0.047 0.065 0.017 0.031 0.044 0.049 0.015 0.02 0.028 0.218 0.07 0.005 0.017 0.046
98 L 0.044 0.022 0.016 0.016 0.013 0.015 0.021 0.023 0.019 0.09 0.176 0.024 0.029 0.164 0.013 0.027 0.032 0.014 0.121 0.12
99 G 0.057 0.021 0.021 0.021 0.138 0.017 0.021 0.154 0.011 0.117 0.108 0.027 0.067 0.03 0.016 0.036 0.035 0.006 0.016 0.083
100 Y 0.037 0.024 0.019 0.017 0.009 0.018 0.024 0.024 0.037 0.046 0.075 0.027 0.019 0.198 0.014 0.028 0.026 0.024 0.288 0.046
101 L 0.045 0.018 0.015 0.016 0.138 0.012 0.017 0.024 0.01 0.131 0.185 0.021 0.03 0.134 0.013 0.027 0.032 0.008 0.034 0.091
102 G 0.091 0.023 0.022 0.022 0.015 0.019 0.024 0.158 0.012 0.131 0.115 0.03 0.069 0.032 0.017 0.04 0.038 0.006 0.018 0.116
103 L 0.06 0.025 0.023 0.023 0.015 0.018 0.027 0.032 0.013 0.088 0.171 0.029 0.029 0.138 0.016 0.082 0.044 0.008 0.036 0.123
104 A 0.274 0.031 0.031 0.033 0.019 0.026 0.041 0.071 0.015 0.038 0.052 0.044 0.016 0.02 0.028 0.126 0.055 0.005 0.017 0.059
105 L 0.041 0.022 0.015 0.015 0.014 0.014 0.019 0.022 0.011 0.096 0.334 0.023 0.041 0.138 0.013 0.027 0.03 0.009 0.036 0.081
106 L 0.122 0.024 0.022 0.022 0.015 0.018 0.025 0.163 0.011 0.07 0.222 0.03 0.029 0.034 0.018 0.044 0.035 0.006 0.017 0.071
107 C 0.056 0.024 0.022 0.022 0.14 0.019 0.024 0.029 0.011 0.122 0.116 0.03 0.069 0.032 0.018 0.046 0.1 0.006 0.018 0.096
108 F 0.032 0.018 0.016 0.016 0.01 0.01 0.018 0.024 0.016 0.06 0.108 0.018 0.024 0.422 0.01 0.024 0.024 0.016 0.084 0.052
109 F 0.111 0.025 0.024 0.024 0.015 0.018 0.028 0.039 0.013 0.116 0.096 0.031 0.023 0.127 0.019 0.057 0.104 0.008 0.034 0.087
110 L 0.111 0.024 0.016 0.018 0.015 0.017 0.024 0.036 0.012 0.072 0.232 0.028 0.031 0.045 0.015 0.037 0.033 0.135 0.031 0.069
111 G 0.074 0.022 0.037 0.032 0.01 0.018 0.024 0.538 0.013 0.018 0.027 0.032 0.009 0.015 0.018 0.048 0.028 0.005 0.01 0.023
112 V 0.056 0.019 0.015 0.017 0.017 0.014 0.02 0.022 0.008 0.232 0.139 0.024 0.032 0.037 0.015 0.031 0.043 0.005 0.019 0.234
113 Q 0.135 0.051 0.04 0.041 0.013 0.143 0.07 0.054 0.022 0.03 0.046 0.066 0.018 0.017 0.025 0.112 0.051 0.005 0.018 0.043
114 Y 0.106 0.025 0.021 0.02 0.012 0.019 0.027 0.036 0.03 0.046 0.073 0.03 0.019 0.172 0.017 0.044 0.031 0.018 0.203 0.051
115 Y 0.038 0.026 0.021 0.018 0.009 0.021 0.026 0.023 0.044 0.041 0.065 0.029 0.018 0.123 0.015 0.029 0.026 0.026 0.356 0.044
116 G 0.074 0.022 0.037 0.032 0.01 0.018 0.024 0.538 0.013 0.018 0.027 0.032 0.009 0.015 0.018 0.048 0.028 0.005 0.01 0.023
117 G 0.074 0.022 0.037 0.032 0.01 0.018 0.024 0.538 0.013 0.018 0.027 0.032 0.009 0.015 0.018 0.048 0.028 0.005 0.01 0.023
118 Y 0.038 0.026 0.021 0.018 0.009 0.021 0.026 0.023 0.044 0.041 0.065 0.029 0.018 0.123 0.015 0.029 0.026 0.026 0.356 0.044
119 F 0.038 0.018 0.015 0.016 0.013 0.011 0.017 0.022 0.012 0.183 0.133 0.02 0.032 0.232 0.012 0.024 0.031 0.011 0.052 0.108
120 A 0.206 0.03 0.034 0.034 0.017 0.024 0.038 0.187 0.015 0.032 0.044 0.042 0.014 0.019 0.025 0.121 0.05 0.005 0.015 0.048
121 F 0.032 0.018 0.016 0.016 0.01 0.01 0.018 0.024 0.016 0.06 0.108 0.018 0.024 0.422 0.01 0.024 0.024 0.016 0.084 0.052
122 L 0.043 0.021 0.014 0.015 0.015 0.015 0.018 0.02 0.009 0.163 0.344 0.023 0.044 0.049 0.014 0.023 0.033 0.006 0.021 0.111
123 S 0.072 0.125 0.047 0.039 0.012 0.036 0.05 0.048 0.112 0.025 0.04 0.065 0.015 0.021 0.023 0.152 0.053 0.006 0.026 0.032
124 T 0.069 0.033 0.041 0.035 0.017 0.026 0.037 0.041 0.013 0.05 0.061 0.043 0.019 0.022 0.026 0.087 0.289 0.006 0.017 0.067
125 P 0.054 0.025 0.022 0.03 0.01 0.02 0.034 0.035 0.012 0.024 0.034 0.039 0.01 0.012 0.514 0.045 0.035 0.002 0.012 0.029
126 Y 0.038 0.026 0.021 0.018 0.009 0.021 0.026 0.023 0.044 0.041 0.065 0.029 0.018 0.123 0.015 0.029 0.026 0.026 0.356 0.044
127 I 0.074 0.028 0.033 0.032 0.016 0.022 0.033 0.041 0.013 0.166 0.097 0.037 0.025 0.03 0.021 0.145 0.061 0.005 0.018 0.102
128 A 0.326 0.029 0.024 0.028 0.02 0.024 0.038 0.073 0.014 0.04 0.056 0.042 0.016 0.02 0.036 0.08 0.047 0.005 0.016 0.064
129 I 0.044 0.017 0.014 0.017 0.015 0.013 0.017 0.019 0.008 0.312 0.158 0.022 0.035 0.042 0.014 0.024 0.038 0.006 0.019 0.167
130 Y 0.038 0.022 0.018 0.017 0.011 0.016 0.022 0.023 0.028 0.114 0.099 0.025 0.023 0.178 0.013 0.027 0.029 0.019 0.204 0.077
131 D 0.131 0.036 0.045 0.148 0.013 0.036 0.128 0.053 0.019 0.028 0.039 0.052 0.013 0.017 0.025 0.111 0.048 0.005 0.015 0.039
132 G 0.075 0.022 0.038 0.032 0.01 0.018 0.025 0.528 0.013 0.018 0.027 0.032 0.009 0.016 0.018 0.049 0.029 0.005 0.01 0.023
133 S 0.088 0.039 0.127 0.054 0.015 0.031 0.049 0.062 0.021 0.026 0.037 0.051 0.014 0.019 0.026 0.214 0.07 0.005 0.016 0.036
134 A 0.274 0.031 0.031 0.033 0.019 0.026 0.041 0.071 0.015 0.038 0.052 0.044 0.016 0.02 0.028 0.126 0.055 0.005 0.017 0.059
135 E 0.053 0.042 0.045 0.171 0.007 0.052 0.269 0.036 0.023 0.021 0.033 0.064 0.011 0.015 0.024 0.052 0.035 0.005 0.014 0.028
136 N 0.04 0.042 0.356 0.078 0.008 0.032 0.047 0.062 0.03 0.021 0.03 0.051 0.011 0.017 0.019 0.066 0.047 0.004 0.015 0.025
137 E 0.058 0.046 0.039 0.062 0.008 0.097 0.202 0.161 0.022 0.021 0.035 0.065 0.013 0.015 0.022 0.051 0.034 0.005 0.015 0.029
138 I 0.056 0.022 0.021 0.021 0.016 0.017 0.023 0.026 0.009 0.208 0.125 0.028 0.029 0.035 0.017 0.041 0.103 0.005 0.019 0.178
139 K 0.051 0.171 0.039 0.037 0.008 0.049 0.062 0.038 0.02 0.025 0.042 0.268 0.015 0.015 0.024 0.048 0.036 0.005 0.016 0.031
140 D 0.039 0.028 0.065 0.432 0.007 0.028 0.086 0.044 0.018 0.021 0.026 0.042 0.009 0.014 0.021 0.049 0.033 0.003 0.011 0.023
141 V 0.061 0.02 0.015 0.017 0.017 0.015 0.021 0.022 0.008 0.192 0.131 0.024 0.031 0.036 0.015 0.029 0.044 0.005 0.019 0.277
142 L 0.042 0.023 0.013 0.014 0.015 0.015 0.019 0.02 0.01 0.109 0.411 0.024 0.047 0.052 0.013 0.023 0.032 0.007 0.021 0.091
143 I 0.044 0.017 0.014 0.017 0.015 0.013 0.017 0.019 0.008 0.312 0.158 0.022 0.035 0.042 0.014 0.024 0.038 0.006 0.019 0.167
144 S 0.104 0.038 0.051 0.046 0.017 0.031 0.049 0.063 0.018 0.028 0.04 0.051 0.015 0.02 0.028 0.264 0.077 0.005 0.017 0.04
145 S 0.094 0.037 0.048 0.043 0.017 0.03 0.046 0.057 0.017 0.034 0.045 0.049 0.016 0.02 0.027 0.217 0.134 0.005 0.017 0.047
146 S 0.107 0.038 0.051 0.046 0.017 0.031 0.049 0.063 0.018 0.028 0.04 0.051 0.015 0.02 0.028 0.261 0.077 0.005 0.017 0.04
147 G 0.074 0.022 0.037 0.032 0.01 0.018 0.024 0.538 0.013 0.018 0.027 0.032 0.009 0.015 0.018 0.048 0.028 0.005 0.01 0.023
148 L 0.042 0.023 0.013 0.014 0.015 0.015 0.019 0.02 0.01 0.109 0.411 0.024 0.047 0.052 0.013 0.023 0.032 0.007 0.021 0.091
149 L 0.044 0.025 0.015 0.015 0.015 0.018 0.021 0.022 0.011 0.105 0.355 0.026 0.087 0.05 0.014 0.026 0.033 0.007 0.021 0.09
150 A 0.213 0.034 0.038 0.037 0.018 0.028 0.044 0.068 0.016 0.034 0.048 0.047 0.016 0.02 0.028 0.175 0.063 0.005 0.017 0.052
151 I 0.049 0.023 0.078 0.028 0.015 0.017 0.024 0.028 0.012 0.218 0.125 0.028 0.029 0.035 0.015 0.033 0.042 0.005 0.019 0.176
152 F 0.033 0.02 0.017 0.016 0.01 0.013 0.02 0.024 0.023 0.055 0.097 0.021 0.022 0.347 0.011 0.025 0.025 0.019 0.152 0.05
153 A 0.217 0.034 0.038 0.037 0.018 0.028 0.044 0.068 0.016 0.034 0.048 0.047 0.016 0.02 0.028 0.172 0.062 0.005 0.017 0.052
154 I 0.044 0.018 0.014 0.016 0.015 0.013 0.017 0.02 0.009 0.261 0.222 0.023 0.038 0.044 0.014 0.023 0.036 0.006 0.02 0.148
155 L 0.042 0.023 0.013 0.014 0.015 0.015 0.019 0.02 0.01 0.109 0.411 0.024 0.047 0.052 0.013 0.023 0.032 0.007 0.021 0.091
156 C 0.063 0.02 0.022 0.02 0.389 0.015 0.021 0.033 0.009 0.044 0.061 0.025 0.016 0.02 0.018 0.051 0.098 0.004 0.013 0.057
157 A 0.199 0.029 0.029 0.03 0.017 0.022 0.036 0.059 0.015 0.042 0.065 0.038 0.018 0.121 0.024 0.112 0.049 0.008 0.033 0.055
158 F 0.055 0.025 0.025 0.024 0.013 0.019 0.028 0.032 0.022 0.108 0.092 0.03 0.023 0.151 0.017 0.085 0.041 0.013 0.119 0.078
159 S 0.076 0.132 0.045 0.041 0.012 0.092 0.061 0.049 0.021 0.026 0.042 0.075 0.016 0.017 0.024 0.156 0.057 0.005 0.017 0.035
160 V 0.077 0.025 0.03 0.028 0.016 0.02 0.029 0.162 0.012 0.089 0.078 0.033 0.021 0.026 0.019 0.094 0.05 0.005 0.016 0.171
161 N 0.049 0.036 0.192 0.153 0.009 0.028 0.052 0.175 0.022 0.021 0.029 0.052 0.01 0.016 0.02 0.057 0.039 0.004 0.013 0.024
162 F 0.037 0.199 0.026 0.023 0.009 0.028 0.034 0.027 0.019 0.043 0.085 0.066 0.02 0.207 0.014 0.033 0.029 0.01 0.048 0.042
163 G 0.059 0.047 0.031 0.03 0.011 0.028 0.037 0.197 0.014 0.114 0.077 0.12 0.02 0.024 0.02 0.042 0.035 0.005 0.016 0.075
164 R 0.05 0.173 0.038 0.051 0.008 0.053 0.141 0.036 0.022 0.025 0.044 0.164 0.018 0.017 0.023 0.049 0.036 0.005 0.017 0.032
165 I 0.065 0.023 0.024 0.024 0.016 0.018 0.026 0.031 0.011 0.2 0.119 0.03 0.028 0.034 0.018 0.086 0.05 0.005 0.019 0.173
166 S 0.075 0.055 0.124 0.052 0.012 0.036 0.053 0.057 0.021 0.026 0.038 0.118 0.014 0.018 0.025 0.158 0.063 0.005 0.016 0.034
167 R 0.114 0.119 0.024 0.023 0.013 0.026 0.033 0.037 0.022 0.099 0.079 0.053 0.021 0.05 0.019 0.044 0.036 0.011 0.102 0.074
168 L 0.055 0.023 0.021 0.021 0.016 0.017 0.024 0.026 0.01 0.16 0.19 0.028 0.033 0.038 0.017 0.043 0.094 0.006 0.019 0.16
169 A 0.13 0.123 0.112 0.045 0.013 0.033 0.046 0.057 0.021 0.028 0.042 0.064 0.014 0.018 0.023 0.116 0.051 0.005 0.016 0.04
170 K 0.05 0.082 0.035 0.034 0.008 0.043 0.057 0.036 0.026 0.03 0.047 0.247 0.015 0.042 0.023 0.045 0.035 0.01 0.101 0.034
171 P 0.054 0.025 0.023 0.024 0.013 0.019 0.029 0.032 0.012 0.07 0.068 0.032 0.018 0.032 0.143 0.045 0.098 0.134 0.028 0.104
172 V 0.052 0.019 0.015 0.017 0.015 0.013 0.02 0.022 0.01 0.173 0.129 0.022 0.03 0.133 0.014 0.027 0.039 0.008 0.036 0.208
173 L 0.042 0.022 0.015 0.016 0.014 0.016 0.02 0.021 0.018 0.143 0.261 0.025 0.036 0.067 0.014 0.025 0.032 0.011 0.104 0.098
174 A 0.183 0.023 0.019 0.022 0.018 0.018 0.027 0.046 0.011 0.178 0.113 0.032 0.026 0.032 0.021 0.051 0.042 0.005 0.018 0.116
175 L 0.054 0.022 0.014 0.016 0.017 0.015 0.02 0.022 0.009 0.135 0.267 0.024 0.038 0.043 0.014 0.027 0.039 0.006 0.02 0.198
176 G 0.153 0.032 0.041 0.038 0.016 0.026 0.04 0.184 0.016 0.029 0.04 0.044 0.014 0.019 0.025 0.164 0.057 0.005 0.015 0.042
177 L 0.044 0.02 0.015 0.015 0.138 0.013 0.018 0.024 0.011 0.08 0.248 0.021 0.033 0.136 0.013 0.027 0.03 0.008 0.034 0.072
178 L 0.041 0.018 0.014 0.016 0.014 0.013 0.018 0.021 0.01 0.201 0.205 0.022 0.035 0.139 0.013 0.024 0.033 0.008 0.036 0.12
179 V 0.055 0.019 0.015 0.017 0.017 0.014 0.019 0.021 0.008 0.234 0.141 0.023 0.032 0.038 0.015 0.027 0.042 0.005 0.019 0.238
180 L 0.042 0.023 0.013 0.014 0.015 0.015 0.019 0.02 0.01 0.109 0.411 0.024 0.047 0.052 0.013 0.023 0.032 0.007 0.021 0.091
181 L 0.045 0.021 0.015 0.015 0.015 0.014 0.02 0.022 0.011 0.108 0.263 0.023 0.037 0.14 0.013 0.025 0.033 0.009 0.036 0.136
182 S 0.104 0.038 0.051 0.046 0.017 0.031 0.049 0.063 0.018 0.028 0.04 0.051 0.015 0.02 0.028 0.264 0.077 0.005 0.017 0.04
183 I 0.044 0.017 0.014 0.017 0.015 0.013 0.017 0.019 0.008 0.312 0.158 0.022 0.035 0.042 0.014 0.024 0.038 0.006 0.019 0.167
184 F 0.032 0.018 0.016 0.016 0.01 0.01 0.018 0.024 0.016 0.06 0.108 0.018 0.024 0.422 0.01 0.024 0.024 0.016 0.084 0.052
185 V 0.055 0.019 0.015 0.017 0.017 0.014 0.019 0.021 0.008 0.234 0.141 0.023 0.032 0.038 0.015 0.027 0.042 0.005 0.019 0.238
186 Q 0.053 0.069 0.042 0.044 0.008 0.259 0.097 0.039 0.028 0.025 0.044 0.086 0.019 0.014 0.022 0.053 0.039 0.006 0.019 0.033
187 G 0.074 0.022 0.037 0.032 0.01 0.018 0.024 0.538 0.013 0.018 0.027 0.032 0.009 0.015 0.018 0.048 0.028 0.005 0.01 0.023
188 R 0.042 0.382 0.037 0.029 0.007 0.046 0.049 0.031 0.022 0.022 0.044 0.113 0.015 0.016 0.018 0.042 0.033 0.005 0.016 0.029
189 R 0.042 0.382 0.037 0.029 0.007 0.046 0.049 0.031 0.022 0.022 0.044 0.113 0.015 0.016 0.018 0.042 0.033 0.005 0.016 0.029
190 E 0.052 0.047 0.038 0.085 0.007 0.061 0.336 0.033 0.024 0.021 0.035 0.071 0.012 0.016 0.024 0.052 0.035 0.005 0.016 0.03
191 T 0.062 0.036 0.12 0.046 0.015 0.027 0.04 0.046 0.017 0.043 0.053 0.045 0.017 0.021 0.024 0.082 0.229 0.005 0.016 0.057
192 L 0.049 0.026 0.02 0.02 0.016 0.018 0.024 0.025 0.01 0.094 0.323 0.029 0.04 0.044 0.017 0.039 0.096 0.006 0.02 0.085
193 L 0.044 0.023 0.015 0.016 0.015 0.017 0.02 0.022 0.011 0.156 0.291 0.026 0.084 0.048 0.014 0.026 0.035 0.007 0.021 0.109
194 L 0.042 0.023 0.013 0.014 0.015 0.015 0.019 0.02 0.01 0.109 0.411 0.024 0.047 0.052 0.013 0.023 0.032 0.007 0.021 0.091
195 L 0.041 0.022 0.014 0.015 0.015 0.015 0.019 0.021 0.01 0.103 0.373 0.023 0.044 0.098 0.013 0.023 0.031 0.008 0.029 0.086
196 I 0.044 0.018 0.014 0.016 0.015 0.013 0.017 0.02 0.009 0.258 0.225 0.023 0.038 0.044 0.014 0.023 0.036 0.006 0.02 0.147
197 L 0.047 0.028 0.018 0.018 0.015 0.024 0.025 0.025 0.014 0.098 0.242 0.032 0.168 0.047 0.015 0.031 0.036 0.007 0.022 0.088
198 C 0.065 0.024 0.028 0.025 0.265 0.019 0.026 0.036 0.01 0.046 0.061 0.031 0.017 0.021 0.021 0.063 0.162 0.005 0.014 0.06
199 F 0.044 0.018 0.015 0.016 0.013 0.012 0.019 0.023 0.012 0.147 0.124 0.021 0.028 0.23 0.012 0.026 0.033 0.011 0.052 0.145
200 L 0.122 0.026 0.018 0.02 0.017 0.02 0.026 0.036 0.012 0.102 0.194 0.031 0.075 0.038 0.018 0.042 0.041 0.006 0.02 0.136
201 S 0.104 0.038 0.051 0.046 0.017 0.031 0.049 0.063 0.018 0.028 0.04 0.051 0.015 0.02 0.028 0.264 0.077 0.005 0.017 0.04
202 Y 0.037 0.025 0.02 0.018 0.009 0.018 0.025 0.024 0.043 0.045 0.074 0.027 0.019 0.192 0.014 0.028 0.026 0.024 0.288 0.046
203 R 0.046 0.135 0.029 0.026 0.01 0.036 0.042 0.03 0.025 0.046 0.084 0.124 0.064 0.05 0.019 0.039 0.034 0.011 0.103 0.048
204 F 0.036 0.021 0.017 0.017 0.011 0.014 0.02 0.024 0.016 0.069 0.131 0.022 0.067 0.328 0.011 0.026 0.027 0.014 0.068 0.061
205 L 0.042 0.021 0.014 0.015 0.015 0.015 0.018 0.02 0.009 0.159 0.343 0.023 0.043 0.055 0.013 0.023 0.033 0.007 0.022 0.109
206 G 0.073 0.03 0.115 0.046 0.011 0.024 0.036 0.299 0.018 0.026 0.033 0.041 0.011 0.017 0.021 0.106 0.045 0.005 0.013 0.03
207 E 0.049 0.056 0.039 0.058 0.008 0.048 0.192 0.033 0.028 0.027 0.043 0.123 0.014 0.041 0.022 0.047 0.034 0.01 0.096 0.033
208 K 0.059 0.081 0.039 0.037 0.009 0.042 0.056 0.165 0.018 0.024 0.037 0.247 0.013 0.015 0.024 0.05 0.035 0.005 0.015 0.029
209 I 0.044 0.018 0.014 0.016 0.015 0.013 0.017 0.02 0.009 0.259 0.221 0.023 0.038 0.044 0.014 0.024 0.036 0.006 0.02 0.15
210 R 0.06 0.141 0.121 0.048 0.01 0.04 0.053 0.049 0.022 0.024 0.038 0.134 0.014 0.017 0.023 0.106 0.049 0.005 0.016 0.031
211 F 0.038 0.019 0.015 0.016 0.013 0.012 0.018 0.022 0.012 0.137 0.196 0.021 0.032 0.228 0.012 0.024 0.03 0.011 0.051 0.094
212 K 0.05 0.158 0.033 0.031 0.01 0.043 0.052 0.035 0.019 0.042 0.078 0.193 0.063 0.023 0.021 0.044 0.036 0.006 0.018 0.045
213 N 0.048 0.125 0.197 0.055 0.01 0.034 0.045 0.049 0.024 0.029 0.041 0.064 0.014 0.018 0.021 0.065 0.104 0.005 0.016 0.037
214 L 0.116 0.021 0.016 0.019 0.017 0.016 0.023 0.033 0.01 0.191 0.195 0.028 0.033 0.039 0.017 0.038 0.039 0.006 0.019 0.125
215 L 0.049 0.024 0.02 0.02 0.016 0.017 0.023 0.025 0.01 0.145 0.26 0.028 0.037 0.042 0.017 0.039 0.097 0.006 0.02 0.104
216 K 0.054 0.1 0.044 0.04 0.008 0.05 0.066 0.041 0.02 0.026 0.041 0.315 0.015 0.015 0.026 0.051 0.038 0.005 0.016 0.031
217 V 0.141 0.027 0.027 0.027 0.018 0.022 0.033 0.046 0.012 0.097 0.086 0.036 0.023 0.027 0.022 0.101 0.054 0.005 0.018 0.179
218 L 0.062 0.026 0.023 0.022 0.016 0.019 0.027 0.031 0.011 0.101 0.247 0.03 0.035 0.045 0.017 0.081 0.046 0.006 0.021 0.133
219 I 0.045 0.019 0.014 0.017 0.015 0.014 0.018 0.02 0.009 0.255 0.219 0.023 0.037 0.044 0.014 0.027 0.037 0.006 0.02 0.148
220 I 0.042 0.017 0.014 0.017 0.014 0.012 0.017 0.021 0.01 0.247 0.145 0.021 0.032 0.137 0.013 0.024 0.034 0.008 0.036 0.14
221 V 0.131 0.022 0.018 0.019 0.135 0.017 0.024 0.038 0.009 0.1 0.092 0.028 0.023 0.027 0.019 0.045 0.044 0.005 0.017 0.189
222 V 0.058 0.025 0.021 0.021 0.015 0.02 0.026 0.029 0.012 0.14 0.134 0.03 0.078 0.085 0.016 0.062 0.044 0.007 0.028 0.148
223 L 0.04 0.02 0.014 0.015 0.014 0.013 0.018 0.021 0.011 0.147 0.272 0.022 0.038 0.142 0.013 0.023 0.031 0.009 0.036 0.1
224 L 0.044 0.023 0.015 0.016 0.015 0.017 0.02 0.021 0.01 0.166 0.29 0.025 0.076 0.047 0.014 0.025 0.035 0.007 0.021 0.113
225 F 0.109 0.022 0.017 0.019 0.014 0.015 0.023 0.035 0.014 0.068 0.175 0.026 0.028 0.223 0.015 0.038 0.032 0.011 0.05 0.065
226 L 0.046 0.02 0.015 0.016 0.015 0.013 0.019 0.022 0.01 0.159 0.2 0.022 0.034 0.137 0.013 0.025 0.035 0.008 0.036 0.155
227 V 0.052 0.019 0.015 0.017 0.015 0.013 0.02 0.023 0.01 0.168 0.127 0.022 0.029 0.133 0.014 0.028 0.039 0.008 0.036 0.212
228 A 0.33 0.029 0.024 0.028 0.02 0.024 0.038 0.074 0.014 0.041 0.056 0.042 0.017 0.02 0.028 0.08 0.047 0.005 0.017 0.065
229 G 0.074 0.022 0.037 0.032 0.01 0.018 0.024 0.538 0.013 0.018 0.027 0.032 0.009 0.015 0.018 0.048 0.028 0.005 0.01 0.023
230 L 0.12 0.024 0.017 0.018 0.017 0.017 0.025 0.034 0.01 0.103 0.245 0.028 0.035 0.045 0.018 0.039 0.039 0.006 0.02 0.139
231 G 0.074 0.022 0.037 0.032 0.01 0.018 0.024 0.538 0.013 0.018 0.027 0.032 0.009 0.015 0.018 0.048 0.028 0.005 0.01 0.023
232 L 0.042 0.023 0.013 0.014 0.015 0.015 0.019 0.02 0.01 0.109 0.411 0.024 0.047 0.052 0.013 0.023 0.032 0.007 0.021 0.091
233 Y 0.038 0.026 0.021 0.018 0.009 0.021 0.026 0.023 0.044 0.041 0.065 0.029 0.018 0.123 0.015 0.029 0.026 0.026 0.356 0.044
234 L 0.043 0.02 0.014 0.016 0.015 0.014 0.018 0.02 0.009 0.211 0.285 0.023 0.041 0.047 0.014 0.023 0.035 0.006 0.02 0.129
235 R 0.042 0.382 0.037 0.029 0.007 0.046 0.049 0.031 0.022 0.022 0.044 0.113 0.015 0.016 0.018 0.042 0.033 0.005 0.016 0.029
236 A 0.261 0.034 0.028 0.042 0.017 0.033 0.113 0.064 0.017 0.036 0.051 0.049 0.015 0.019 0.027 0.073 0.044 0.005 0.016 0.056
237 S 0.104 0.038 0.051 0.046 0.017 0.031 0.049 0.063 0.018 0.028 0.04 0.051 0.015 0.02 0.028 0.264 0.077 0.005 0.017 0.04
238 G 0.088 0.033 0.045 0.04 0.015 0.027 0.04 0.176 0.016 0.031 0.041 0.044 0.014 0.019 0.025 0.169 0.115 0.005 0.015 0.042
239 S 0.075 0.038 0.051 0.152 0.012 0.038 0.13 0.051 0.02 0.025 0.035 0.054 0.013 0.017 0.025 0.157 0.056 0.005 0.015 0.033
240 T 0.069 0.033 0.041 0.035 0.017 0.026 0.037 0.041 0.013 0.05 0.061 0.043 0.019 0.022 0.026 0.087 0.289 0.006 0.017 0.067
241 S 0.104 0.038 0.051 0.046 0.017 0.031 0.049 0.063 0.018 0.028 0.04 0.051 0.015 0.02 0.028 0.264 0.077 0.005 0.017 0.04
242 G 0.074 0.022 0.037 0.032 0.01 0.018 0.024 0.538 0.013 0.018 0.027 0.032 0.009 0.015 0.018 0.048 0.028 0.005 0.01 0.023
243 G 0.074 0.022 0.037 0.032 0.01 0.018 0.024 0.538 0.013 0.018 0.027 0.032 0.009 0.015 0.018 0.048 0.028 0.005 0.01 0.023
244 S 0.096 0.034 0.048 0.043 0.015 0.028 0.043 0.181 0.017 0.025 0.036 0.046 0.013 0.019 0.025 0.21 0.065 0.005 0.015 0.035
245 I 0.043 0.017 0.015 0.017 0.014 0.012 0.017 0.021 0.01 0.234 0.142 0.021 0.032 0.136 0.013 0.024 0.035 0.008 0.036 0.151
246 L 0.037 0.021 0.015 0.015 0.013 0.013 0.019 0.022 0.013 0.085 0.264 0.021 0.036 0.231 0.012 0.023 0.028 0.011 0.051 0.072
247 T 0.086 0.036 0.046 0.041 0.017 0.029 0.043 0.052 0.016 0.039 0.05 0.047 0.017 0.021 0.027 0.176 0.183 0.005 0.017 0.053
248 A 0.33 0.029 0.024 0.028 0.02 0.024 0.038 0.074 0.014 0.041 0.056 0.042 0.017 0.02 0.028 0.08 0.047 0.005 0.017 0.065
249 I 0.05 0.018 0.014 0.017 0.016 0.013 0.018 0.02 0.008 0.273 0.15 0.023 0.033 0.04 0.014 0.025 0.04 0.005 0.019 0.203
250 G 0.053 0.026 0.107 0.039 0.011 0.02 0.03 0.163 0.016 0.094 0.062 0.036 0.016 0.022 0.143 0.045 0.037 0.004 0.014 0.061
251 Y 0.037 0.028 0.103 0.032 0.009 0.021 0.029 0.033 0.033 0.041 0.067 0.032 0.017 0.171 0.015 0.037 0.031 0.018 0.203 0.041
252 A 0.33 0.029 0.024 0.028 0.02 0.024 0.038 0.074 0.014 0.041 0.056 0.042 0.017 0.02 0.028 0.08 0.047 0.005 0.017 0.065
253 V 0.066 0.021 0.016 0.017 0.018 0.016 0.022 0.023 0.008 0.158 0.123 0.025 0.03 0.034 0.016 0.031 0.046 0.005 0.019 0.308
254 L 0.044 0.025 0.015 0.015 0.015 0.018 0.021 0.022 0.011 0.105 0.355 0.026 0.087 0.05 0.014 0.026 0.033 0.007 0.021 0.09
255 Y 0.037 0.024 0.019 0.017 0.009 0.018 0.024 0.024 0.037 0.046 0.075 0.027 0.019 0.198 0.014 0.028 0.026 0.024 0.288 0.046
256 E 0.052 0.047 0.038 0.085 0.007 0.061 0.336 0.033 0.024 0.021 0.035 0.071 0.012 0.016 0.024 0.052 0.035 0.005 0.016 0.03
257 T 0.069 0.033 0.041 0.035 0.017 0.026 0.037 0.041 0.013 0.05 0.061 0.043 0.019 0.022 0.026 0.087 0.289 0.006 0.017 0.067
258 H 0.04 0.043 0.05 0.036 0.007 0.036 0.05 0.036 0.392 0.022 0.036 0.043 0.014 0.029 0.018 0.04 0.025 0.007 0.054 0.022
259 F 0.032 0.018 0.016 0.016 0.01 0.01 0.018 0.024 0.016 0.06 0.108 0.018 0.024 0.422 0.01 0.024 0.024 0.016 0.084 0.052
260 T 0.078 0.035 0.043 0.038 0.017 0.027 0.04 0.046 0.014 0.045 0.056 0.045 0.018 0.022 0.027 0.132 0.236 0.005 0.017 0.06
261 I 0.044 0.018 0.014 0.016 0.015 0.013 0.017 0.02 0.009 0.261 0.222 0.023 0.038 0.044 0.014 0.023 0.036 0.006 0.02 0.148
262 A 0.33 0.029 0.024 0.028 0.02 0.024 0.038 0.074 0.014 0.041 0.056 0.042 0.017 0.02 0.028 0.08 0.047 0.005 0.017 0.065
263 N 0.055 0.038 0.198 0.057 0.013 0.029 0.042 0.051 0.021 0.036 0.046 0.047 0.015 0.02 0.023 0.077 0.168 0.005 0.016 0.046
264 L 0.042 0.023 0.013 0.014 0.015 0.015 0.019 0.02 0.01 0.109 0.411 0.024 0.047 0.052 0.013 0.023 0.032 0.007 0.021 0.091
265 A 0.197 0.032 0.031 0.043 0.014 0.032 0.109 0.18 0.016 0.03 0.043 0.047 0.014 0.018 0.025 0.065 0.039 0.005 0.015 0.046
266 N 0.04 0.042 0.356 0.078 0.008 0.032 0.047 0.062 0.03 0.021 0.03 0.051 0.011 0.017 0.019 0.066 0.047 0.004 0.015 0.025
267 E 0.052 0.047 0.038 0.085 0.007 0.061 0.336 0.033 0.024 0.021 0.035 0.071 0.012 0.016 0.024 0.052 0.035 0.005 0.016 0.03
268 I 0.05 0.018 0.014 0.017 0.016 0.013 0.018 0.02 0.008 0.273 0.15 0.023 0.033 0.04 0.014 0.025 0.04 0.005 0.019 0.203
269 R 0.117 0.224 0.034 0.031 0.011 0.041 0.051 0.044 0.019 0.028 0.046 0.147 0.015 0.017 0.023 0.054 0.038 0.005 0.016 0.039
270 T 0.082 0.035 0.043 0.038 0.017 0.027 0.04 0.047 0.014 0.045 0.056 0.045 0.018 0.022 0.027 0.131 0.232 0.005 0.017 0.06
271 H 0.04 0.043 0.05 0.036 0.007 0.036 0.05 0.036 0.392 0.022 0.036 0.043 0.014 0.029 0.018 0.04 0.025 0.007 0.054 0.022
272 L 0.127 0.027 0.026 0.026 0.016 0.02 0.031 0.045 0.014 0.059 0.154 0.034 0.026 0.128 0.02 0.098 0.045 0.008 0.034 0.062
273 Y 0.038 0.027 0.021 0.018 0.009 0.021 0.027 0.024 0.049 0.041 0.064 0.03 0.018 0.122 0.015 0.03 0.026 0.026 0.352 0.044
274 N 0.04 0.039 0.283 0.167 0.008 0.031 0.057 0.057 0.027 0.021 0.029 0.049 0.01 0.016 0.02 0.062 0.043 0.004 0.014 0.025
275 G 0.057 0.032 0.196 0.055 0.009 0.025 0.035 0.3 0.021 0.02 0.028 0.041 0.01 0.016 0.018 0.057 0.037 0.005 0.012 0.024
276 L 0.045 0.123 0.026 0.026 0.012 0.083 0.046 0.027 0.017 0.117 0.164 0.061 0.029 0.031 0.017 0.035 0.035 0.006 0.019 0.08
277 P 0.056 0.027 0.036 0.132 0.01 0.023 0.049 0.04 0.014 0.024 0.033 0.041 0.01 0.014 0.335 0.071 0.039 0.003 0.012 0.029
278 Y 0.036 0.023 0.019 0.017 0.009 0.017 0.023 0.024 0.034 0.048 0.081 0.025 0.02 0.235 0.013 0.027 0.025 0.022 0.254 0.047
279 G 0.069 0.034 0.038 0.035 0.01 0.078 0.042 0.413 0.016 0.02 0.031 0.045 0.012 0.015 0.019 0.049 0.031 0.005 0.012 0.026
280 G 0.074 0.022 0.037 0.032 0.01 0.018 0.024 0.538 0.013 0.018 0.027 0.032 0.009 0.015 0.018 0.048 0.028 0.005 0.01 0.023
281 L 0.118 0.023 0.017 0.019 0.016 0.016 0.024 0.035 0.012 0.091 0.174 0.027 0.029 0.132 0.017 0.04 0.037 0.008 0.035 0.129
282 L 0.041 0.023 0.015 0.016 0.014 0.017 0.021 0.023 0.013 0.096 0.275 0.025 0.081 0.142 0.013 0.026 0.031 0.009 0.037 0.081
283 D 0.041 0.034 0.118 0.147 0.008 0.033 0.126 0.04 0.022 0.031 0.05 0.046 0.014 0.117 0.019 0.048 0.035 0.007 0.031 0.033
284 L 0.042 0.023 0.013 0.014 0.015 0.015 0.019 0.02 0.01 0.109 0.411 0.024 0.047 0.052 0.013 0.023 0.032 0.007 0.021 0.091
285 L 0.037 0.02 0.015 0.015 0.013 0.013 0.018 0.022 0.013 0.084 0.259 0.021 0.035 0.237 0.012 0.023 0.028 0.011 0.052 0.071
286 Y 0.057 0.04 0.033 0.031 0.01 0.083 0.049 0.036 0.033 0.034 0.054 0.048 0.018 0.076 0.02 0.09 0.041 0.016 0.188 0.04
287 P 0.054 0.024 0.022 0.029 0.01 0.02 0.034 0.034 0.012 0.024 0.034 0.039 0.01 0.012 0.522 0.041 0.034 0.002 0.012 0.029
288 I 0.047 0.018 0.015 0.017 0.015 0.013 0.018 0.022 0.01 0.207 0.136 0.022 0.031 0.135 0.013 0.026 0.037 0.008 0.036 0.176
289 L 0.039 0.022 0.014 0.015 0.014 0.014 0.019 0.021 0.011 0.097 0.335 0.022 0.041 0.144 0.013 0.023 0.03 0.009 0.037 0.081
290 F 0.032 0.018 0.016 0.016 0.01 0.01 0.018 0.024 0.016 0.06 0.108 0.018 0.024 0.422 0.01 0.024 0.024 0.016 0.084 0.052
291 I 0.05 0.018 0.014 0.017 0.016 0.013 0.018 0.02 0.008 0.273 0.15 0.023 0.033 0.04 0.014 0.025 0.04 0.005 0.019 0.203
292 V 0.061 0.02 0.015 0.017 0.017 0.015 0.021 0.022 0.008 0.195 0.132 0.024 0.031 0.036 0.015 0.029 0.044 0.005 0.019 0.274
293 P 0.054 0.024 0.022 0.029 0.01 0.02 0.034 0.034 0.012 0.024 0.034 0.039 0.01 0.012 0.522 0.041 0.034 0.002 0.012 0.029
294 S 0.152 0.036 0.045 0.048 0.017 0.03 0.048 0.065 0.017 0.031 0.043 0.049 0.015 0.02 0.028 0.22 0.07 0.005 0.016 0.045
295 F 0.034 0.019 0.015 0.016 0.011 0.011 0.018 0.023 0.014 0.072 0.184 0.019 0.03 0.329 0.011 0.024 0.026 0.014 0.068 0.062
296 L 0.044 0.02 0.014 0.016 0.015 0.014 0.018 0.02 0.009 0.208 0.284 0.023 0.041 0.047 0.014 0.023 0.035 0.006 0.02 0.131
297 F 0.033 0.02 0.017 0.016 0.01 0.013 0.02 0.024 0.023 0.055 0.097 0.021 0.022 0.347 0.011 0.025 0.025 0.019 0.152 0.05
298 G 0.079 0.031 0.045 0.036 0.013 0.025 0.038 0.164 0.024 0.029 0.043 0.041 0.014 0.045 0.022 0.152 0.053 0.01 0.1 0.037
299 I 0.044 0.017 0.014 0.017 0.015 0.013 0.017 0.019 0.008 0.312 0.158 0.022 0.035 0.042 0.014 0.024 0.038 0.006 0.019 0.167
300 F 0.04 0.019 0.016 0.016 0.012 0.011 0.019 0.024 0.014 0.084 0.112 0.02 0.025 0.325 0.011 0.026 0.03 0.013 0.068 0.116
301 G 0.074 0.022 0.037 0.032 0.01 0.018 0.024 0.538 0.013 0.018 0.027 0.032 0.009 0.015 0.018 0.048 0.028 0.005 0.01 0.023
302 L 0.042 0.022 0.015 0.016 0.014 0.016 0.02 0.021 0.018 0.143 0.261 0.025 0.036 0.067 0.014 0.025 0.032 0.011 0.104 0.098
303 D 0.039 0.032 0.138 0.343 0.007 0.029 0.076 0.048 0.021 0.021 0.027 0.044 0.009 0.015 0.021 0.053 0.037 0.004 0.012 0.024
304 K 0.054 0.101 0.039 0.039 0.008 0.05 0.067 0.041 0.02 0.026 0.041 0.319 0.015 0.015 0.026 0.05 0.037 0.005 0.016 0.031
305 G 0.068 0.128 0.042 0.038 0.011 0.088 0.055 0.168 0.02 0.023 0.039 0.071 0.014 0.016 0.022 0.102 0.044 0.005 0.016 0.031
306 E 0.062 0.04 0.048 0.162 0.009 0.045 0.202 0.043 0.021 0.023 0.034 0.059 0.012 0.016 0.024 0.104 0.045 0.005 0.015 0.03
307 L 0.118 0.023 0.017 0.019 0.016 0.016 0.024 0.035 0.012 0.091 0.174 0.027 0.029 0.132 0.017 0.04 0.037 0.008 0.035 0.129
308 F 0.034 0.019 0.015 0.016 0.011 0.011 0.018 0.023 0.014 0.072 0.184 0.019 0.03 0.329 0.011 0.024 0.026 0.014 0.068 0.062
309 G 0.078 0.023 0.039 0.034 0.011 0.019 0.026 0.511 0.013 0.019 0.028 0.034 0.009 0.016 0.019 0.051 0.03 0.005 0.011 0.024
310 L 0.052 0.032 0.02 0.02 0.016 0.028 0.028 0.028 0.016 0.1 0.197 0.036 0.162 0.048 0.016 0.036 0.04 0.008 0.024 0.092
311 S 0.081 0.036 0.039 0.049 0.015 0.035 0.114 0.045 0.017 0.058 0.059 0.049 0.018 0.022 0.024 0.153 0.059 0.005 0.017 0.105
312 F 0.061 0.033 0.116 0.044 0.013 0.025 0.038 0.047 0.019 0.04 0.06 0.041 0.017 0.12 0.021 0.11 0.109 0.008 0.033 0.046
313 N 0.061 0.037 0.193 0.057 0.013 0.029 0.042 0.054 0.022 0.063 0.052 0.046 0.016 0.021 0.022 0.116 0.084 0.005 0.016 0.052
314 E 0.052 0.047 0.038 0.085 0.007 0.061 0.336 0.033 0.024 0.021 0.035 0.071 0.012 0.016 0.024 0.052 0.035 0.005 0.016 0.03
315 P 0.122 0.027 0.022 0.026 0.014 0.022 0.033 0.042 0.013 0.05 0.076 0.038 0.056 0.022 0.272 0.049 0.038 0.004 0.016 0.057
316 R 0.048 0.242 0.038 0.034 0.008 0.048 0.058 0.036 0.021 0.024 0.042 0.216 0.015 0.016 0.022 0.046 0.035 0.005 0.016 0.03
317 I 0.044 0.017 0.015 0.017 0.014 0.012 0.018 0.021 0.01 0.23 0.141 0.021 0.031 0.136 0.013 0.025 0.035 0.008 0.036 0.156
318 Y 0.038 0.026 0.021 0.018 0.009 0.021 0.026 0.023 0.044 0.041 0.065 0.029 0.018 0.123 0.015 0.029 0.026 0.026 0.356 0.044
319 D 0.115 0.033 0.048 0.244 0.01 0.035 0.137 0.049 0.018 0.026 0.036 0.049 0.012 0.016 0.024 0.058 0.037 0.004 0.013 0.035
320 D 0.039 0.028 0.065 0.432 0.007 0.028 0.086 0.044 0.018 0.021 0.026 0.042 0.009 0.014 0.021 0.049 0.033 0.003 0.011 0.023
