#Seq2Logo.py -f /work3/idamei/ssn-clusterings/2206011120/clusters/0017_139/sequences.afa -m 0.0001 -b 50 -o /work3/idamei/ssn-clusterings/2206011120/clusters/0017_139/sequences.logo -p 640x1000 -l 30
#Position Specific Frequency Matrix
A R N D C Q E G H I L K M F P S T W Y V
0 M 0.041 0.025 0.016 0.016 0.013 0.022 0.022 0.022 0.013 0.08 0.156 0.029 0.334 0.038 0.013 0.029 0.032 0.006 0.019 0.073
1 K 0.049 0.112 0.125 0.039 0.009 0.044 0.044 0.039 0.018 0.026 0.052 0.159 0.013 0.016 0.019 0.096 0.09 0.004 0.014 0.032
2 T 0.047 0.101 0.092 0.032 0.011 0.026 0.035 0.033 0.015 0.114 0.06 0.1 0.017 0.02 0.018 0.071 0.13 0.004 0.014 0.059
3 K 0.05 0.099 0.097 0.072 0.009 0.032 0.046 0.081 0.017 0.029 0.037 0.186 0.012 0.015 0.019 0.092 0.037 0.004 0.013 0.054
4 K 0.052 0.162 0.04 0.039 0.008 0.099 0.071 0.039 0.023 0.025 0.043 0.204 0.016 0.015 0.024 0.05 0.037 0.005 0.017 0.032
5 I 0.045 0.017 0.014 0.017 0.016 0.013 0.017 0.02 0.008 0.299 0.161 0.023 0.035 0.042 0.014 0.024 0.038 0.006 0.02 0.17
6 N 0.041 0.043 0.343 0.08 0.009 0.032 0.047 0.063 0.03 0.022 0.03 0.052 0.011 0.017 0.019 0.067 0.047 0.004 0.015 0.026
7 Y 0.072 0.033 0.036 0.032 0.013 0.026 0.039 0.044 0.032 0.035 0.053 0.041 0.017 0.073 0.022 0.14 0.053 0.016 0.18 0.043
8 N 0.048 0.073 0.192 0.06 0.008 0.042 0.058 0.052 0.025 0.024 0.036 0.179 0.013 0.016 0.023 0.059 0.043 0.005 0.016 0.029
9 L 0.074 0.031 0.033 0.031 0.016 0.024 0.035 0.042 0.014 0.07 0.22 0.038 0.031 0.036 0.021 0.137 0.055 0.006 0.019 0.066
10 K 0.08 0.071 0.046 0.043 0.013 0.042 0.059 0.053 0.019 0.028 0.041 0.179 0.015 0.018 0.028 0.151 0.059 0.005 0.017 0.036
11 I 0.045 0.091 0.088 0.064 0.011 0.022 0.031 0.03 0.014 0.131 0.076 0.04 0.041 0.027 0.015 0.061 0.063 0.005 0.031 0.115
12 S 0.057 0.063 0.061 0.03 0.011 0.023 0.032 0.121 0.014 0.051 0.125 0.066 0.018 0.04 0.018 0.138 0.067 0.005 0.016 0.044
13 I 0.077 0.028 0.034 0.033 0.017 0.023 0.034 0.043 0.014 0.157 0.103 0.038 0.026 0.032 0.022 0.13 0.06 0.005 0.019 0.107
14 S 0.129 0.045 0.041 0.039 0.015 0.031 0.047 0.055 0.016 0.032 0.044 0.096 0.015 0.019 0.026 0.18 0.103 0.005 0.016 0.045
15 I 0.047 0.018 0.015 0.018 0.016 0.013 0.018 0.021 0.009 0.271 0.168 0.024 0.037 0.044 0.015 0.025 0.04 0.006 0.021 0.177
16 E 0.055 0.05 0.04 0.09 0.007 0.064 0.296 0.035 0.026 0.022 0.037 0.076 0.013 0.017 0.026 0.055 0.037 0.006 0.017 0.031
17 N 0.043 0.045 0.317 0.083 0.009 0.034 0.049 0.065 0.032 0.022 0.032 0.054 0.011 0.018 0.02 0.07 0.049 0.004 0.016 0.027
18 K 0.057 0.107 0.042 0.042 0.009 0.054 0.071 0.043 0.021 0.028 0.043 0.278 0.016 0.016 0.028 0.054 0.04 0.005 0.017 0.033
19 S 0.11 0.04 0.054 0.049 0.018 0.033 0.052 0.066 0.019 0.03 0.042 0.054 0.016 0.021 0.03 0.22 0.082 0.005 0.018 0.042
20 Q 0.056 0.074 0.044 0.047 0.009 0.215 0.103 0.041 0.029 0.026 0.047 0.091 0.021 0.015 0.024 0.056 0.041 0.006 0.021 0.035
21 N 0.043 0.045 0.317 0.083 0.009 0.034 0.049 0.065 0.032 0.022 0.032 0.054 0.011 0.018 0.02 0.07 0.049 0.004 0.016 0.027
22 K 0.051 0.192 0.039 0.037 0.008 0.05 0.062 0.038 0.021 0.025 0.043 0.242 0.015 0.016 0.024 0.049 0.037 0.005 0.017 0.031
23 S 0.084 0.04 0.149 0.058 0.014 0.032 0.049 0.063 0.022 0.026 0.037 0.052 0.014 0.019 0.026 0.189 0.068 0.005 0.016 0.036
24 I 0.048 0.046 0.023 0.025 0.013 0.026 0.034 0.027 0.012 0.208 0.121 0.117 0.029 0.033 0.018 0.033 0.038 0.005 0.019 0.124
25 V 0.043 0.018 0.013 0.014 0.036 0.013 0.018 0.019 0.012 0.156 0.163 0.021 0.026 0.083 0.012 0.024 0.032 0.008 0.09 0.2
26 K 0.073 0.136 0.026 0.025 0.009 0.031 0.039 0.03 0.016 0.095 0.06 0.196 0.017 0.026 0.018 0.037 0.032 0.006 0.049 0.079
27 N 0.041 0.036 0.176 0.05 0.009 0.027 0.038 0.044 0.038 0.032 0.049 0.042 0.015 0.073 0.018 0.049 0.038 0.016 0.173 0.036
28 D 0.052 0.028 0.036 0.143 0.01 0.026 0.101 0.034 0.048 0.044 0.046 0.038 0.014 0.018 0.061 0.092 0.09 0.004 0.015 0.101
29 L 0.038 0.019 0.014 0.014 0.012 0.014 0.018 0.019 0.011 0.136 0.295 0.022 0.055 0.082 0.012 0.024 0.043 0.007 0.056 0.108
30 L 0.039 0.017 0.013 0.014 0.013 0.012 0.016 0.019 0.009 0.203 0.241 0.02 0.032 0.125 0.012 0.022 0.03 0.007 0.029 0.129
31 F 0.042 0.06 0.018 0.017 0.012 0.016 0.022 0.022 0.014 0.104 0.127 0.029 0.024 0.167 0.013 0.03 0.062 0.009 0.072 0.139
32 L 0.045 0.019 0.018 0.018 0.059 0.014 0.02 0.071 0.01 0.094 0.145 0.023 0.023 0.108 0.013 0.033 0.087 0.055 0.028 0.117
33 L 0.036 0.018 0.014 0.014 0.012 0.012 0.017 0.019 0.012 0.131 0.257 0.02 0.03 0.156 0.011 0.023 0.042 0.009 0.065 0.103
34 L 0.043 0.018 0.016 0.016 0.058 0.013 0.018 0.068 0.009 0.15 0.267 0.022 0.029 0.072 0.013 0.051 0.031 0.006 0.02 0.08
35 N 0.035 0.031 0.246 0.044 0.007 0.024 0.034 0.039 0.063 0.024 0.037 0.036 0.012 0.049 0.015 0.055 0.033 0.011 0.179 0.028
36 L 0.045 0.019 0.018 0.017 0.054 0.014 0.02 0.024 0.014 0.14 0.176 0.023 0.025 0.095 0.013 0.075 0.033 0.008 0.087 0.098
37 L 0.046 0.021 0.019 0.019 0.055 0.015 0.021 0.026 0.011 0.123 0.155 0.024 0.069 0.137 0.014 0.079 0.06 0.007 0.028 0.071
38 F 0.038 0.018 0.014 0.014 0.011 0.012 0.018 0.02 0.014 0.112 0.099 0.02 0.045 0.237 0.011 0.023 0.028 0.011 0.104 0.152
39 L 0.053 0.019 0.014 0.015 0.013 0.013 0.018 0.021 0.009 0.154 0.254 0.022 0.052 0.107 0.013 0.027 0.056 0.006 0.025 0.109
40 F 0.04 0.018 0.018 0.017 0.011 0.012 0.019 0.065 0.011 0.085 0.157 0.021 0.023 0.254 0.012 0.051 0.054 0.009 0.041 0.082
41 F 0.102 0.021 0.021 0.024 0.053 0.017 0.052 0.073 0.012 0.109 0.116 0.027 0.02 0.129 0.015 0.082 0.034 0.006 0.026 0.062
42 L 0.032 0.018 0.012 0.013 0.011 0.011 0.016 0.018 0.011 0.075 0.332 0.019 0.032 0.219 0.01 0.02 0.024 0.009 0.054 0.063
43 L 0.04 0.019 0.015 0.016 0.012 0.013 0.018 0.022 0.01 0.148 0.276 0.021 0.03 0.142 0.012 0.059 0.031 0.007 0.029 0.079
44 I 0.052 0.018 0.013 0.014 0.012 0.013 0.017 0.019 0.014 0.211 0.191 0.021 0.027 0.069 0.012 0.023 0.029 0.009 0.116 0.117
45 W 0.057 0.018 0.013 0.014 0.008 0.012 0.018 0.025 0.014 0.064 0.08 0.019 0.017 0.169 0.009 0.023 0.022 0.292 0.081 0.043
46 A 0.234 0.027 0.028 0.028 0.015 0.022 0.034 0.051 0.012 0.042 0.08 0.036 0.016 0.02 0.022 0.176 0.062 0.004 0.014 0.075
47 Y 0.065 0.024 0.086 0.024 0.009 0.018 0.025 0.052 0.026 0.039 0.104 0.027 0.017 0.103 0.013 0.033 0.027 0.037 0.23 0.041
48 L 0.044 0.026 0.041 0.047 0.011 0.047 0.062 0.028 0.013 0.093 0.169 0.033 0.023 0.103 0.016 0.063 0.089 0.006 0.024 0.061
49 N 0.04 0.031 0.21 0.041 0.01 0.049 0.034 0.037 0.017 0.072 0.153 0.037 0.02 0.024 0.016 0.047 0.092 0.004 0.015 0.051
50 W 0.037 0.098 0.02 0.018 0.009 0.019 0.025 0.025 0.015 0.042 0.059 0.036 0.016 0.12 0.012 0.033 0.087 0.185 0.075 0.068
51 N 0.047 0.031 0.229 0.049 0.009 0.024 0.051 0.118 0.019 0.026 0.037 0.039 0.011 0.058 0.018 0.081 0.099 0.005 0.018 0.031
52 N 0.044 0.035 0.251 0.091 0.009 0.028 0.072 0.045 0.02 0.052 0.038 0.057 0.012 0.016 0.018 0.09 0.069 0.004 0.013 0.036
53 S 0.056 0.027 0.08 0.035 0.012 0.023 0.062 0.059 0.016 0.069 0.056 0.035 0.016 0.065 0.018 0.123 0.112 0.007 0.054 0.076
54 I 0.053 0.026 0.102 0.034 0.013 0.02 0.03 0.036 0.015 0.149 0.077 0.033 0.02 0.051 0.018 0.1 0.103 0.006 0.038 0.077
55 I 0.037 0.025 0.098 0.044 0.01 0.043 0.029 0.026 0.019 0.13 0.12 0.029 0.021 0.08 0.013 0.031 0.03 0.009 0.117 0.089
56 S 0.06 0.022 0.026 0.024 0.013 0.018 0.026 0.075 0.013 0.144 0.075 0.029 0.019 0.066 0.016 0.155 0.043 0.006 0.051 0.118
57 N 0.105 0.033 0.157 0.05 0.01 0.031 0.126 0.045 0.055 0.023 0.034 0.044 0.011 0.022 0.019 0.11 0.04 0.006 0.048 0.03
58 N 0.049 0.029 0.173 0.081 0.009 0.025 0.066 0.083 0.017 0.05 0.037 0.039 0.011 0.016 0.104 0.096 0.065 0.004 0.012 0.035
59 Y 0.029 0.021 0.015 0.014 0.007 0.015 0.021 0.022 0.026 0.03 0.049 0.022 0.014 0.08 0.01 0.022 0.021 0.276 0.277 0.032
60 L 0.045 0.025 0.014 0.015 0.016 0.016 0.02 0.022 0.01 0.117 0.369 0.026 0.05 0.055 0.014 0.025 0.034 0.007 0.023 0.097
61 D 0.041 0.03 0.07 0.391 0.008 0.03 0.092 0.047 0.019 0.023 0.028 0.045 0.009 0.015 0.023 0.053 0.036 0.004 0.011 0.025
62 E 0.139 0.033 0.062 0.045 0.011 0.057 0.157 0.085 0.016 0.028 0.038 0.046 0.013 0.016 0.021 0.101 0.065 0.004 0.014 0.049
63 L 0.042 0.05 0.056 0.065 0.009 0.024 0.063 0.029 0.016 0.072 0.12 0.09 0.019 0.065 0.037 0.058 0.032 0.028 0.053 0.073
64 I 0.04 0.019 0.079 0.022 0.012 0.014 0.02 0.024 0.011 0.199 0.158 0.023 0.025 0.102 0.013 0.039 0.033 0.006 0.024 0.136
65 I 0.039 0.016 0.012 0.014 0.013 0.011 0.015 0.017 0.007 0.324 0.213 0.019 0.031 0.037 0.012 0.02 0.031 0.005 0.017 0.147
66 F 0.056 0.024 0.028 0.026 0.011 0.018 0.028 0.036 0.014 0.038 0.063 0.029 0.017 0.254 0.016 0.182 0.068 0.009 0.041 0.04
67 P 0.078 0.056 0.02 0.023 0.011 0.018 0.028 0.03 0.011 0.12 0.06 0.036 0.015 0.019 0.292 0.061 0.034 0.003 0.013 0.072
68 W 0.031 0.018 0.012 0.013 0.01 0.012 0.017 0.02 0.01 0.132 0.199 0.019 0.024 0.044 0.009 0.019 0.024 0.289 0.035 0.066
69 I 0.116 0.022 0.023 0.023 0.015 0.017 0.026 0.035 0.01 0.17 0.084 0.029 0.021 0.025 0.017 0.134 0.045 0.004 0.015 0.168
70 I 0.04 0.016 0.014 0.015 0.076 0.011 0.016 0.02 0.009 0.232 0.121 0.019 0.025 0.137 0.012 0.026 0.056 0.007 0.028 0.121
71 L 0.076 0.02 0.021 0.02 0.012 0.015 0.022 0.114 0.01 0.109 0.211 0.025 0.025 0.083 0.015 0.07 0.059 0.006 0.021 0.066
72 L 0.058 0.025 0.027 0.025 0.014 0.019 0.028 0.033 0.011 0.06 0.261 0.031 0.026 0.03 0.018 0.16 0.096 0.005 0.016 0.058
73 L 0.045 0.025 0.014 0.015 0.016 0.016 0.02 0.022 0.01 0.117 0.369 0.026 0.05 0.055 0.014 0.025 0.034 0.007 0.023 0.097
74 L 0.04 0.019 0.014 0.015 0.013 0.014 0.018 0.02 0.009 0.191 0.288 0.022 0.054 0.073 0.012 0.047 0.031 0.006 0.021 0.093
75 L 0.045 0.019 0.018 0.017 0.055 0.013 0.019 0.066 0.01 0.129 0.191 0.022 0.025 0.119 0.013 0.053 0.058 0.006 0.026 0.097
76 I 0.038 0.017 0.014 0.014 0.011 0.012 0.017 0.019 0.015 0.177 0.129 0.02 0.024 0.138 0.012 0.023 0.029 0.01 0.124 0.156
77 Q 0.075 0.047 0.097 0.04 0.009 0.218 0.063 0.039 0.055 0.023 0.037 0.058 0.015 0.014 0.019 0.074 0.063 0.005 0.018 0.031
78 L 0.039 0.019 0.014 0.015 0.013 0.013 0.017 0.019 0.009 0.172 0.287 0.021 0.054 0.073 0.012 0.025 0.056 0.006 0.021 0.115
79 I 0.043 0.018 0.016 0.016 0.013 0.013 0.017 0.063 0.008 0.228 0.223 0.022 0.029 0.034 0.013 0.028 0.071 0.005 0.016 0.124
80 G 0.061 0.026 0.06 0.029 0.096 0.045 0.031 0.143 0.015 0.061 0.048 0.034 0.014 0.024 0.017 0.137 0.04 0.005 0.045 0.068
81 F 0.031 0.02 0.015 0.015 0.009 0.037 0.021 0.02 0.015 0.057 0.176 0.021 0.024 0.339 0.01 0.022 0.023 0.012 0.084 0.05
82 F 0.043 0.018 0.015 0.016 0.013 0.012 0.018 0.022 0.011 0.184 0.129 0.021 0.029 0.196 0.012 0.025 0.033 0.009 0.044 0.15
83 L 0.095 0.116 0.021 0.021 0.01 0.024 0.031 0.029 0.015 0.083 0.127 0.111 0.02 0.101 0.016 0.035 0.029 0.007 0.056 0.054
84 I 0.039 0.023 0.016 0.016 0.011 0.015 0.021 0.02 0.014 0.194 0.118 0.051 0.046 0.113 0.013 0.026 0.043 0.009 0.089 0.123
85 K 0.04 0.084 0.024 0.024 0.009 0.042 0.039 0.027 0.016 0.045 0.166 0.207 0.032 0.065 0.017 0.033 0.029 0.007 0.052 0.043
86 K 0.046 0.075 0.064 0.036 0.007 0.064 0.055 0.078 0.017 0.021 0.033 0.339 0.012 0.013 0.021 0.044 0.032 0.004 0.014 0.026
87 V 0.052 0.02 0.019 0.018 0.056 0.015 0.021 0.024 0.011 0.132 0.087 0.024 0.022 0.068 0.015 0.058 0.09 0.006 0.052 0.21
88 G 0.054 0.069 0.063 0.032 0.01 0.026 0.036 0.121 0.049 0.027 0.067 0.097 0.013 0.017 0.104 0.103 0.063 0.004 0.015 0.031
89 F 0.033 0.017 0.014 0.015 0.01 0.012 0.017 0.019 0.014 0.147 0.153 0.02 0.024 0.221 0.054 0.022 0.025 0.011 0.101 0.072
90 F 0.043 0.021 0.021 0.019 0.053 0.015 0.022 0.026 0.018 0.069 0.069 0.025 0.017 0.187 0.014 0.061 0.109 0.012 0.145 0.052
91 D 0.039 0.027 0.051 0.416 0.007 0.028 0.125 0.037 0.016 0.018 0.024 0.04 0.008 0.012 0.019 0.067 0.031 0.003 0.01 0.021
92 F 0.032 0.016 0.014 0.014 0.009 0.01 0.016 0.02 0.012 0.095 0.092 0.017 0.021 0.384 0.053 0.022 0.024 0.011 0.056 0.081
93 G 0.11 0.159 0.03 0.027 0.01 0.05 0.035 0.207 0.014 0.029 0.039 0.054 0.012 0.015 0.018 0.08 0.034 0.004 0.013 0.058
94 L 0.037 0.017 0.012 0.013 0.013 0.012 0.016 0.018 0.008 0.187 0.287 0.019 0.032 0.109 0.011 0.021 0.029 0.006 0.025 0.129
95 W 0.027 0.018 0.013 0.013 0.007 0.013 0.019 0.024 0.014 0.033 0.048 0.019 0.013 0.051 0.007 0.019 0.02 0.508 0.081 0.054
96 F 0.028 0.017 0.014 0.014 0.008 0.01 0.017 0.02 0.018 0.048 0.085 0.017 0.019 0.435 0.009 0.021 0.021 0.015 0.142 0.043
97 I 0.046 0.02 0.019 0.019 0.012 0.016 0.021 0.024 0.014 0.169 0.111 0.025 0.045 0.076 0.014 0.057 0.087 0.008 0.085 0.131
98 L 0.039 0.019 0.014 0.014 0.013 0.013 0.018 0.019 0.01 0.158 0.279 0.021 0.031 0.077 0.012 0.025 0.056 0.007 0.053 0.122
99 L 0.041 0.02 0.014 0.015 0.013 0.013 0.018 0.02 0.009 0.111 0.379 0.022 0.034 0.075 0.012 0.046 0.03 0.006 0.021 0.101
100 S 0.085 0.032 0.041 0.037 0.014 0.026 0.04 0.051 0.015 0.028 0.043 0.042 0.036 0.018 0.023 0.35 0.063 0.004 0.014 0.037
101 Y 0.033 0.025 0.116 0.027 0.008 0.019 0.027 0.028 0.064 0.059 0.055 0.029 0.015 0.104 0.013 0.032 0.027 0.015 0.265 0.041
102 L 0.043 0.019 0.014 0.015 0.098 0.014 0.018 0.021 0.009 0.101 0.285 0.022 0.051 0.051 0.055 0.037 0.03 0.005 0.018 0.095
103 F 0.027 0.015 0.014 0.014 0.008 0.008 0.015 0.02 0.014 0.051 0.091 0.015 0.02 0.51 0.008 0.02 0.02 0.014 0.071 0.044
104 M 0.04 0.024 0.015 0.015 0.013 0.02 0.021 0.022 0.012 0.08 0.203 0.027 0.263 0.074 0.012 0.027 0.03 0.007 0.023 0.072
105 F 0.027 0.015 0.014 0.014 0.008 0.008 0.015 0.02 0.014 0.051 0.091 0.015 0.02 0.51 0.008 0.02 0.02 0.014 0.071 0.044
106 G 0.063 0.018 0.031 0.027 0.009 0.015 0.02 0.608 0.011 0.015 0.023 0.027 0.008 0.013 0.015 0.041 0.024 0.004 0.009 0.019
107 R 0.034 0.163 0.091 0.029 0.007 0.053 0.037 0.029 0.092 0.027 0.06 0.053 0.014 0.073 0.014 0.035 0.027 0.009 0.121 0.03
108 V 0.046 0.016 0.012 0.014 0.014 0.012 0.016 0.018 0.007 0.242 0.175 0.02 0.029 0.034 0.012 0.023 0.034 0.005 0.017 0.253
109 F 0.028 0.017 0.014 0.014 0.008 0.011 0.017 0.021 0.019 0.045 0.08 0.018 0.019 0.385 0.009 0.021 0.021 0.058 0.155 0.041
110 L 0.04 0.02 0.031 0.017 0.012 0.014 0.019 0.022 0.01 0.105 0.331 0.022 0.032 0.108 0.012 0.048 0.03 0.006 0.025 0.097
111 K 0.046 0.045 0.09 0.04 0.009 0.032 0.111 0.032 0.016 0.117 0.059 0.152 0.016 0.019 0.018 0.063 0.036 0.004 0.014 0.08
112 V 0.164 0.023 0.02 0.021 0.014 0.042 0.027 0.12 0.011 0.116 0.073 0.03 0.019 0.025 0.017 0.041 0.035 0.005 0.031 0.167
113 F 0.03 0.017 0.014 0.014 0.009 0.011 0.016 0.02 0.015 0.08 0.112 0.017 0.044 0.392 0.009 0.021 0.022 0.013 0.09 0.054
114 N 0.038 0.034 0.257 0.193 0.007 0.026 0.049 0.108 0.02 0.018 0.025 0.067 0.009 0.013 0.017 0.049 0.034 0.004 0.011 0.021
115 L 0.038 0.059 0.015 0.015 0.012 0.018 0.022 0.02 0.012 0.078 0.329 0.057 0.053 0.059 0.013 0.024 0.028 0.007 0.052 0.09
116 D 0.072 0.043 0.101 0.152 0.008 0.07 0.113 0.04 0.053 0.021 0.031 0.103 0.011 0.014 0.019 0.071 0.034 0.004 0.015 0.026
117 T 0.057 0.03 0.068 0.076 0.011 0.027 0.096 0.08 0.014 0.03 0.04 0.041 0.013 0.016 0.021 0.108 0.212 0.004 0.013 0.041
118 T 0.079 0.03 0.124 0.043 0.011 0.026 0.093 0.04 0.016 0.058 0.049 0.04 0.014 0.054 0.019 0.102 0.133 0.005 0.018 0.046
119 L 0.039 0.018 0.012 0.013 0.013 0.013 0.016 0.017 0.008 0.196 0.345 0.02 0.036 0.041 0.012 0.021 0.03 0.005 0.018 0.126
120 L 0.067 0.019 0.015 0.016 0.012 0.013 0.019 0.024 0.01 0.119 0.257 0.021 0.029 0.177 0.012 0.05 0.029 0.008 0.033 0.072
121 W 0.029 0.019 0.014 0.014 0.007 0.013 0.02 0.026 0.012 0.024 0.042 0.02 0.012 0.046 0.007 0.045 0.022 0.55 0.052 0.025
122 N 0.046 0.034 0.195 0.154 0.008 0.076 0.051 0.128 0.019 0.019 0.027 0.044 0.01 0.014 0.018 0.084 0.037 0.004 0.012 0.023
123 P 0.042 0.02 0.016 0.019 0.01 0.015 0.024 0.024 0.01 0.05 0.175 0.027 0.019 0.024 0.335 0.029 0.028 0.047 0.016 0.069
124 G 0.078 0.022 0.023 0.025 0.012 0.019 0.053 0.157 0.012 0.125 0.111 0.029 0.065 0.062 0.015 0.071 0.033 0.005 0.019 0.065
125 I 0.043 0.028 0.072 0.063 0.011 0.02 0.031 0.029 0.047 0.165 0.083 0.058 0.042 0.061 0.015 0.06 0.061 0.005 0.021 0.085
126 R 0.035 0.191 0.055 0.023 0.008 0.025 0.03 0.026 0.023 0.031 0.053 0.052 0.015 0.133 0.014 0.034 0.053 0.011 0.155 0.034
127 Y 0.031 0.021 0.018 0.016 0.008 0.015 0.021 0.021 0.062 0.04 0.067 0.022 0.017 0.249 0.011 0.024 0.022 0.018 0.282 0.038
128 P 0.061 0.029 0.049 0.036 0.011 0.025 0.065 0.039 0.049 0.026 0.036 0.04 0.012 0.016 0.17 0.159 0.123 0.004 0.015 0.034
129 R 0.043 0.136 0.081 0.106 0.008 0.092 0.051 0.034 0.018 0.049 0.04 0.085 0.013 0.015 0.082 0.065 0.034 0.004 0.013 0.034
130 E 0.045 0.029 0.062 0.109 0.009 0.051 0.113 0.074 0.017 0.086 0.082 0.039 0.016 0.026 0.017 0.064 0.059 0.006 0.046 0.049
131 L 0.067 0.028 0.118 0.074 0.01 0.025 0.105 0.032 0.015 0.05 0.222 0.036 0.022 0.026 0.016 0.039 0.045 0.005 0.015 0.048
132 L 0.037 0.025 0.014 0.014 0.012 0.017 0.02 0.019 0.009 0.085 0.415 0.051 0.08 0.041 0.012 0.023 0.028 0.006 0.018 0.073
133 F 0.035 0.019 0.017 0.016 0.009 0.013 0.019 0.022 0.02 0.074 0.11 0.021 0.02 0.283 0.011 0.048 0.026 0.014 0.172 0.051
134 K 0.038 0.115 0.109 0.038 0.007 0.034 0.072 0.034 0.07 0.022 0.037 0.174 0.012 0.054 0.017 0.04 0.029 0.049 0.024 0.025
135 S 0.128 0.027 0.035 0.032 0.014 0.022 0.034 0.132 0.013 0.035 0.042 0.037 0.013 0.017 0.021 0.21 0.103 0.004 0.013 0.066
136 S 0.124 0.027 0.032 0.03 0.055 0.022 0.033 0.087 0.018 0.028 0.04 0.036 0.013 0.033 0.02 0.215 0.048 0.008 0.095 0.037
137 L 0.038 0.02 0.014 0.014 0.012 0.014 0.019 0.019 0.045 0.124 0.333 0.022 0.033 0.044 0.012 0.022 0.028 0.007 0.052 0.127
138 F 0.029 0.018 0.015 0.014 0.008 0.012 0.018 0.02 0.023 0.044 0.076 0.019 0.018 0.345 0.01 0.022 0.021 0.017 0.227 0.041
139 A 0.17 0.022 0.022 0.023 0.015 0.018 0.027 0.039 0.01 0.153 0.08 0.03 0.02 0.024 0.018 0.115 0.043 0.004 0.015 0.153
140 L 0.036 0.018 0.011 0.013 0.013 0.012 0.015 0.017 0.008 0.2 0.378 0.02 0.036 0.041 0.011 0.02 0.028 0.005 0.017 0.098
141 C 0.078 0.021 0.017 0.018 0.226 0.04 0.023 0.028 0.009 0.06 0.156 0.026 0.021 0.025 0.014 0.057 0.034 0.026 0.015 0.105
142 C 0.054 0.02 0.022 0.02 0.182 0.016 0.023 0.073 0.016 0.054 0.056 0.025 0.015 0.074 0.015 0.106 0.036 0.009 0.115 0.07
143 L 0.04 0.02 0.016 0.016 0.013 0.015 0.019 0.021 0.044 0.178 0.323 0.023 0.033 0.038 0.013 0.047 0.031 0.005 0.019 0.088
144 Q 0.048 0.041 0.065 0.038 0.009 0.154 0.081 0.034 0.055 0.028 0.042 0.051 0.015 0.04 0.019 0.073 0.114 0.006 0.052 0.035
145 F 0.133 0.021 0.02 0.02 0.077 0.016 0.024 0.035 0.013 0.052 0.102 0.027 0.041 0.137 0.016 0.086 0.035 0.008 0.06 0.077
146 I 0.033 0.016 0.013 0.014 0.011 0.01 0.015 0.018 0.011 0.219 0.17 0.018 0.027 0.215 0.011 0.02 0.026 0.009 0.053 0.092
147 F 0.054 0.026 0.059 0.029 0.053 0.044 0.031 0.078 0.015 0.036 0.085 0.032 0.017 0.164 0.016 0.146 0.039 0.007 0.031 0.038
148 F 0.035 0.033 0.014 0.014 0.011 0.012 0.017 0.02 0.01 0.131 0.181 0.021 0.025 0.207 0.011 0.023 0.039 0.05 0.038 0.107
149 G 0.059 0.018 0.028 0.024 0.01 0.014 0.02 0.505 0.01 0.055 0.053 0.026 0.011 0.017 0.014 0.037 0.025 0.004 0.01 0.059
150 Y 0.031 0.02 0.047 0.018 0.009 0.014 0.02 0.022 0.024 0.072 0.116 0.022 0.02 0.203 0.011 0.025 0.024 0.015 0.237 0.049
151 L 0.039 0.019 0.046 0.018 0.012 0.013 0.018 0.021 0.01 0.189 0.202 0.022 0.027 0.102 0.012 0.027 0.057 0.006 0.024 0.136
152 L 0.041 0.019 0.015 0.015 0.055 0.013 0.018 0.022 0.01 0.098 0.245 0.021 0.05 0.158 0.012 0.048 0.03 0.007 0.031 0.092
153 F 0.04 0.025 0.052 0.023 0.009 0.017 0.025 0.088 0.049 0.049 0.065 0.053 0.017 0.205 0.013 0.033 0.053 0.01 0.084 0.09
154 Y 0.047 0.027 0.06 0.062 0.01 0.033 0.033 0.073 0.039 0.033 0.075 0.033 0.015 0.049 0.016 0.088 0.085 0.011 0.173 0.037
155 K 0.051 0.049 0.099 0.142 0.009 0.031 0.051 0.04 0.016 0.029 0.035 0.177 0.012 0.015 0.02 0.115 0.04 0.004 0.013 0.054
156 S 0.048 0.065 0.031 0.099 0.01 0.026 0.068 0.032 0.014 0.086 0.063 0.093 0.038 0.09 0.017 0.107 0.036 0.006 0.022 0.049
157 K 0.052 0.052 0.095 0.041 0.009 0.033 0.086 0.08 0.017 0.028 0.067 0.181 0.014 0.016 0.02 0.094 0.064 0.004 0.014 0.032
158 I 0.046 0.113 0.027 0.033 0.009 0.032 0.101 0.028 0.015 0.148 0.069 0.139 0.018 0.021 0.018 0.061 0.034 0.005 0.015 0.066
159 Q 0.056 0.074 0.044 0.047 0.009 0.215 0.103 0.041 0.029 0.026 0.047 0.091 0.021 0.015 0.024 0.056 0.041 0.006 0.021 0.035
160 S 0.11 0.04 0.054 0.049 0.018 0.033 0.052 0.066 0.019 0.03 0.042 0.054 0.016 0.021 0.03 0.22 0.082 0.005 0.018 0.042
161 K 0.047 0.077 0.06 0.036 0.01 0.057 0.101 0.031 0.015 0.098 0.059 0.133 0.017 0.019 0.018 0.063 0.036 0.004 0.015 0.104
162 K 0.05 0.071 0.033 0.034 0.01 0.096 0.061 0.034 0.018 0.1 0.07 0.192 0.02 0.021 0.022 0.043 0.037 0.005 0.018 0.064
163 Q 0.056 0.074 0.044 0.047 0.009 0.215 0.103 0.041 0.029 0.026 0.047 0.091 0.021 0.015 0.024 0.056 0.041 0.006 0.021 0.035
164 R 0.041 0.1 0.062 0.071 0.008 0.055 0.099 0.031 0.086 0.078 0.048 0.076 0.014 0.025 0.017 0.061 0.031 0.006 0.05 0.041
165 S 0.048 0.037 0.105 0.051 0.01 0.049 0.039 0.036 0.018 0.039 0.08 0.091 0.016 0.095 0.017 0.11 0.038 0.007 0.054 0.062
166 K 0.057 0.107 0.042 0.042 0.009 0.054 0.071 0.043 0.021 0.028 0.043 0.278 0.016 0.016 0.028 0.054 0.04 0.005 0.017 0.033
167 K 0.057 0.107 0.042 0.042 0.009 0.054 0.071 0.043 0.021 0.028 0.043 0.278 0.016 0.016 0.028 0.054 0.04 0.005 0.017 0.033
168 L 0.052 0.032 0.02 0.02 0.016 0.028 0.028 0.028 0.016 0.1 0.197 0.036 0.161 0.048 0.016 0.036 0.04 0.008 0.024 0.092
169 T 0.073 0.036 0.043 0.038 0.018 0.028 0.039 0.043 0.014 0.053 0.065 0.045 0.02 0.024 0.028 0.093 0.246 0.006 0.018 0.071
170 N 0.043 0.045 0.317 0.083 0.009 0.034 0.049 0.065 0.032 0.022 0.032 0.054 0.011 0.018 0.02 0.07 0.049 0.004 0.016 0.027
171 T 0.073 0.036 0.043 0.038 0.018 0.028 0.039 0.043 0.014 0.053 0.065 0.045 0.02 0.024 0.028 0.093 0.246 0.006 0.018 0.071
172 F 0.034 0.019 0.017 0.017 0.011 0.011 0.019 0.025 0.017 0.063 0.114 0.019 0.025 0.387 0.011 0.025 0.025 0.017 0.089 0.055
173 T 0.073 0.036 0.043 0.038 0.018 0.028 0.039 0.043 0.014 0.053 0.065 0.045 0.02 0.024 0.028 0.093 0.246 0.006 0.018 0.071
174 N 0.043 0.045 0.317 0.083 0.009 0.034 0.049 0.065 0.032 0.022 0.032 0.054 0.011 0.018 0.02 0.07 0.049 0.004 0.016 0.027
175 K 0.057 0.107 0.042 0.042 0.009 0.054 0.071 0.043 0.021 0.028 0.043 0.278 0.016 0.016 0.028 0.054 0.04 0.005 0.017 0.033
176 F 0.041 0.036 0.125 0.106 0.008 0.025 0.041 0.037 0.068 0.027 0.043 0.089 0.013 0.125 0.016 0.087 0.034 0.007 0.044 0.028
177 L 0.041 0.024 0.052 0.023 0.011 0.041 0.027 0.026 0.046 0.109 0.167 0.028 0.023 0.132 0.014 0.055 0.057 0.007 0.03 0.087
178 H 0.042 0.046 0.053 0.038 0.008 0.038 0.053 0.038 0.355 0.023 0.038 0.046 0.015 0.03 0.019 0.042 0.027 0.008 0.057 0.023
179 G 0.078 0.023 0.039 0.034 0.011 0.019 0.026 0.51 0.014 0.019 0.028 0.034 0.009 0.016 0.019 0.051 0.03 0.005 0.011 0.024
180 S 0.11 0.04 0.054 0.049 0.018 0.033 0.052 0.066 0.019 0.03 0.042 0.054 0.016 0.021 0.03 0.22 0.082 0.005 0.018 0.042
181 E 0.052 0.038 0.095 0.181 0.008 0.042 0.191 0.043 0.021 0.021 0.031 0.055 0.011 0.015 0.022 0.086 0.041 0.004 0.014 0.027
182 I 0.048 0.023 0.057 0.028 0.011 0.019 0.056 0.122 0.017 0.133 0.105 0.03 0.02 0.039 0.015 0.059 0.033 0.008 0.085 0.093
183 K 0.043 0.091 0.091 0.039 0.049 0.081 0.101 0.075 0.018 0.022 0.035 0.118 0.012 0.016 0.017 0.044 0.057 0.047 0.016 0.028
184 N 0.04 0.026 0.196 0.039 0.01 0.02 0.028 0.036 0.019 0.127 0.101 0.032 0.019 0.071 0.015 0.065 0.036 0.007 0.055 0.061
185 S 0.058 0.039 0.07 0.034 0.011 0.026 0.038 0.091 0.017 0.027 0.039 0.104 0.013 0.027 0.02 0.133 0.103 0.059 0.056 0.034
186 K 0.042 0.046 0.098 0.041 0.008 0.06 0.107 0.033 0.02 0.047 0.048 0.136 0.014 0.064 0.018 0.043 0.062 0.007 0.055 0.051
187 E 0.073 0.049 0.105 0.13 0.007 0.038 0.164 0.039 0.019 0.021 0.031 0.156 0.011 0.013 0.02 0.048 0.033 0.004 0.013 0.027
188 N 0.044 0.061 0.133 0.044 0.009 0.032 0.104 0.035 0.018 0.09 0.059 0.121 0.04 0.02 0.018 0.069 0.036 0.004 0.014 0.049
189 L 0.047 0.031 0.079 0.073 0.011 0.024 0.067 0.032 0.014 0.08 0.134 0.066 0.044 0.024 0.041 0.078 0.052 0.004 0.015 0.082
190 N 0.044 0.07 0.191 0.153 0.008 0.055 0.08 0.043 0.02 0.019 0.028 0.076 0.01 0.014 0.018 0.095 0.038 0.004 0.012 0.024
191 K 0.047 0.072 0.123 0.071 0.009 0.028 0.041 0.037 0.018 0.059 0.046 0.123 0.014 0.023 0.018 0.091 0.064 0.005 0.045 0.065
192 L 0.041 0.067 0.087 0.029 0.01 0.024 0.033 0.03 0.083 0.096 0.12 0.091 0.019 0.03 0.015 0.058 0.032 0.006 0.051 0.077
193 L 0.041 0.03 0.016 0.017 0.012 0.02 0.024 0.022 0.011 0.14 0.204 0.081 0.137 0.034 0.014 0.027 0.031 0.005 0.017 0.116
194 F 0.034 0.035 0.02 0.022 0.007 0.022 0.057 0.024 0.024 0.036 0.06 0.11 0.016 0.209 0.014 0.028 0.024 0.014 0.207 0.036
195 N 0.043 0.091 0.151 0.038 0.009 0.029 0.039 0.036 0.017 0.06 0.082 0.14 0.038 0.02 0.018 0.068 0.062 0.004 0.014 0.042
196 V 0.132 0.02 0.018 0.018 0.055 0.015 0.022 0.031 0.011 0.146 0.083 0.026 0.021 0.031 0.016 0.041 0.088 0.006 0.047 0.176
197 G 0.062 0.018 0.031 0.027 0.009 0.015 0.02 0.611 0.011 0.015 0.022 0.027 0.007 0.013 0.015 0.041 0.024 0.004 0.009 0.019
198 L 0.036 0.05 0.014 0.014 0.052 0.014 0.018 0.019 0.011 0.141 0.206 0.024 0.026 0.108 0.011 0.022 0.027 0.05 0.058 0.097
199 I 0.045 0.017 0.014 0.016 0.013 0.013 0.018 0.02 0.008 0.236 0.168 0.021 0.028 0.067 0.013 0.047 0.035 0.005 0.02 0.196
200 L 0.037 0.017 0.012 0.013 0.013 0.013 0.016 0.017 0.008 0.232 0.32 0.02 0.056 0.039 0.012 0.02 0.029 0.005 0.017 0.104
201 L 0.039 0.02 0.016 0.016 0.012 0.014 0.019 0.021 0.014 0.073 0.217 0.022 0.037 0.147 0.013 0.029 0.08 0.009 0.091 0.11
202 L 0.038 0.017 0.013 0.014 0.012 0.012 0.016 0.06 0.008 0.224 0.251 0.02 0.041 0.037 0.011 0.022 0.029 0.047 0.019 0.108
203 I 0.039 0.016 0.012 0.014 0.054 0.011 0.015 0.019 0.008 0.215 0.166 0.018 0.027 0.136 0.011 0.022 0.03 0.007 0.028 0.154
204 G 0.069 0.023 0.034 0.03 0.011 0.019 0.027 0.369 0.012 0.047 0.034 0.032 0.011 0.016 0.018 0.161 0.039 0.004 0.011 0.033
205 F 0.065 0.018 0.016 0.016 0.011 0.012 0.019 0.045 0.011 0.086 0.217 0.021 0.026 0.239 0.012 0.05 0.028 0.009 0.039 0.06
206 P 0.046 0.019 0.019 0.021 0.01 0.014 0.023 0.068 0.01 0.118 0.065 0.027 0.016 0.089 0.264 0.054 0.031 0.005 0.021 0.081
207 F 0.05 0.02 0.023 0.021 0.135 0.014 0.023 0.03 0.012 0.04 0.064 0.024 0.016 0.23 0.015 0.108 0.086 0.008 0.037 0.044
208 R 0.071 0.235 0.093 0.034 0.008 0.034 0.043 0.037 0.018 0.022 0.036 0.147 0.012 0.014 0.019 0.069 0.06 0.004 0.014 0.029
209 L 0.041 0.018 0.012 0.013 0.013 0.013 0.017 0.018 0.008 0.17 0.314 0.021 0.055 0.038 0.012 0.022 0.031 0.005 0.017 0.163
210 F 0.035 0.018 0.014 0.014 0.011 0.013 0.018 0.019 0.017 0.139 0.154 0.021 0.046 0.158 0.011 0.022 0.026 0.012 0.155 0.096
211 N 0.048 0.026 0.116 0.034 0.012 0.022 0.057 0.032 0.014 0.107 0.102 0.033 0.041 0.024 0.017 0.068 0.116 0.005 0.015 0.112
212 D 0.046 0.025 0.048 0.347 0.008 0.023 0.059 0.039 0.016 0.022 0.031 0.036 0.01 0.052 0.018 0.124 0.037 0.005 0.031 0.025
213 I 0.042 0.02 0.018 0.018 0.011 0.015 0.021 0.023 0.016 0.157 0.151 0.024 0.046 0.117 0.013 0.073 0.032 0.01 0.119 0.075
214 K 0.043 0.081 0.058 0.03 0.009 0.103 0.047 0.03 0.019 0.061 0.052 0.156 0.016 0.043 0.017 0.04 0.058 0.007 0.064 0.066
215 V 0.077 0.022 0.053 0.059 0.013 0.017 0.028 0.031 0.011 0.121 0.075 0.028 0.019 0.026 0.016 0.063 0.09 0.047 0.018 0.189
216 V 0.075 0.017 0.013 0.015 0.014 0.013 0.018 0.021 0.007 0.225 0.139 0.021 0.027 0.031 0.013 0.026 0.036 0.005 0.016 0.269
217 L 0.072 0.073 0.053 0.024 0.012 0.02 0.026 0.071 0.012 0.103 0.128 0.049 0.02 0.059 0.016 0.042 0.11 0.005 0.019 0.086
218 A 0.196 0.029 0.027 0.027 0.014 0.071 0.038 0.045 0.013 0.072 0.057 0.039 0.017 0.019 0.02 0.122 0.069 0.004 0.015 0.105
219 T 0.164 0.024 0.024 0.024 0.015 0.019 0.028 0.038 0.01 0.086 0.067 0.031 0.018 0.022 0.02 0.058 0.194 0.005 0.015 0.14
220 Q 0.043 0.141 0.032 0.031 0.007 0.227 0.061 0.031 0.022 0.024 0.042 0.068 0.015 0.055 0.017 0.063 0.032 0.007 0.051 0.029
221 S 0.133 0.062 0.063 0.033 0.013 0.025 0.036 0.047 0.015 0.034 0.054 0.043 0.059 0.02 0.021 0.205 0.075 0.005 0.015 0.043
222 A 0.194 0.025 0.055 0.027 0.015 0.02 0.03 0.045 0.012 0.077 0.09 0.033 0.018 0.022 0.02 0.121 0.069 0.004 0.015 0.108
223 G 0.058 0.023 0.123 0.036 0.009 0.018 0.026 0.451 0.014 0.016 0.024 0.031 0.008 0.013 0.016 0.068 0.03 0.004 0.01 0.021
224 S 0.078 0.03 0.039 0.035 0.013 0.025 0.037 0.088 0.014 0.03 0.044 0.04 0.036 0.018 0.022 0.288 0.108 0.004 0.014 0.038
225 Y 0.032 0.022 0.017 0.015 0.007 0.017 0.022 0.02 0.037 0.035 0.054 0.025 0.015 0.104 0.012 0.025 0.022 0.022 0.459 0.037
226 S 0.065 0.03 0.034 0.031 0.013 0.048 0.037 0.038 0.017 0.039 0.047 0.039 0.015 0.03 0.02 0.182 0.163 0.007 0.078 0.068
227 A 0.226 0.026 0.075 0.033 0.013 0.021 0.033 0.176 0.014 0.026 0.036 0.036 0.012 0.016 0.021 0.139 0.042 0.004 0.013 0.038
228 Y 0.034 0.019 0.015 0.014 0.01 0.014 0.019 0.018 0.023 0.131 0.17 0.022 0.024 0.105 0.012 0.022 0.025 0.014 0.242 0.068
229 A 0.198 0.032 0.037 0.035 0.017 0.026 0.041 0.06 0.015 0.033 0.045 0.043 0.015 0.019 0.026 0.196 0.095 0.005 0.015 0.049
230 N 0.058 0.037 0.133 0.112 0.01 0.035 0.132 0.046 0.02 0.025 0.034 0.05 0.012 0.016 0.022 0.122 0.083 0.004 0.014 0.032
231 A 0.192 0.025 0.02 0.023 0.02 0.02 0.031 0.05 0.011 0.1 0.091 0.034 0.024 0.028 0.022 0.057 0.048 0.005 0.018 0.182
232 A 0.246 0.028 0.025 0.029 0.015 0.047 0.063 0.047 0.013 0.067 0.055 0.038 0.016 0.019 0.021 0.081 0.091 0.004 0.014 0.082
233 T 0.09 0.026 0.03 0.03 0.013 0.022 0.059 0.119 0.012 0.051 0.053 0.035 0.015 0.019 0.019 0.122 0.145 0.004 0.014 0.122
234 S 0.091 0.064 0.032 0.03 0.013 0.024 0.036 0.041 0.013 0.06 0.078 0.069 0.016 0.019 0.062 0.189 0.099 0.004 0.014 0.047
235 S 0.068 0.029 0.096 0.037 0.013 0.023 0.035 0.044 0.015 0.063 0.048 0.038 0.015 0.019 0.021 0.217 0.129 0.004 0.014 0.072
236 G 0.062 0.018 0.031 0.027 0.009 0.015 0.02 0.611 0.011 0.015 0.022 0.027 0.007 0.013 0.015 0.041 0.024 0.004 0.009 0.019
237 L 0.039 0.017 0.013 0.014 0.013 0.013 0.017 0.019 0.008 0.206 0.226 0.021 0.051 0.069 0.053 0.022 0.03 0.005 0.02 0.142
238 I 0.079 0.021 0.02 0.02 0.014 0.017 0.023 0.028 0.01 0.17 0.152 0.027 0.046 0.029 0.016 0.084 0.09 0.005 0.016 0.133
239 D 0.123 0.035 0.041 0.281 0.008 0.03 0.114 0.041 0.015 0.022 0.03 0.095 0.01 0.013 0.02 0.047 0.031 0.004 0.011 0.029
240 D 0.04 0.026 0.05 0.382 0.008 0.024 0.062 0.037 0.048 0.022 0.028 0.036 0.009 0.014 0.019 0.07 0.084 0.003 0.013 0.025
241 F 0.03 0.016 0.013 0.013 0.01 0.01 0.015 0.019 0.011 0.112 0.185 0.017 0.026 0.344 0.009 0.02 0.023 0.01 0.051 0.064
242 A 0.333 0.025 0.025 0.026 0.015 0.02 0.032 0.139 0.012 0.03 0.042 0.035 0.013 0.016 0.022 0.108 0.041 0.004 0.013 0.047
243 Y 0.04 0.029 0.02 0.02 0.01 0.093 0.033 0.023 0.02 0.106 0.137 0.034 0.044 0.049 0.014 0.031 0.055 0.01 0.143 0.087
244 L 0.036 0.02 0.012 0.012 0.013 0.013 0.016 0.017 0.008 0.103 0.466 0.021 0.06 0.043 0.011 0.02 0.027 0.006 0.018 0.078
245 L 0.04 0.02 0.016 0.016 0.012 0.015 0.019 0.021 0.01 0.123 0.195 0.023 0.092 0.137 0.013 0.03 0.082 0.007 0.029 0.099
246 V 0.045 0.017 0.012 0.014 0.014 0.012 0.016 0.018 0.007 0.226 0.2 0.02 0.03 0.034 0.012 0.022 0.034 0.005 0.017 0.246
247 P 0.045 0.02 0.018 0.025 0.008 0.016 0.029 0.029 0.01 0.02 0.029 0.033 0.008 0.01 0.598 0.035 0.029 0.002 0.01 0.025
248 G 0.094 0.022 0.033 0.029 0.01 0.018 0.026 0.452 0.012 0.018 0.027 0.031 0.009 0.014 0.017 0.116 0.034 0.004 0.01 0.025
249 I 0.049 0.019 0.016 0.017 0.014 0.014 0.02 0.023 0.008 0.211 0.19 0.023 0.028 0.032 0.014 0.073 0.037 0.005 0.016 0.191
250 F 0.039 0.017 0.014 0.015 0.012 0.011 0.017 0.02 0.01 0.176 0.132 0.019 0.025 0.204 0.012 0.025 0.055 0.008 0.036 0.155
251 F 0.064 0.019 0.016 0.016 0.01 0.014 0.02 0.024 0.017 0.079 0.167 0.022 0.023 0.22 0.012 0.05 0.027 0.012 0.13 0.056
252 L 0.04 0.017 0.012 0.013 0.013 0.013 0.016 0.017 0.008 0.238 0.263 0.02 0.054 0.037 0.012 0.021 0.031 0.005 0.017 0.153
253 L 0.035 0.017 0.012 0.013 0.012 0.012 0.015 0.017 0.008 0.18 0.339 0.019 0.034 0.108 0.011 0.02 0.027 0.006 0.025 0.09
254 C 0.096 0.022 0.11 0.026 0.135 0.016 0.024 0.034 0.017 0.058 0.06 0.026 0.015 0.101 0.014 0.038 0.032 0.008 0.085 0.084
255 S 0.137 0.031 0.04 0.037 0.014 0.025 0.04 0.054 0.015 0.025 0.035 0.042 0.013 0.017 0.024 0.336 0.061 0.004 0.014 0.036
256 G 0.049 0.104 0.065 0.071 0.008 0.079 0.075 0.159 0.017 0.02 0.032 0.106 0.011 0.013 0.018 0.069 0.058 0.004 0.013 0.026
257 K 0.044 0.062 0.062 0.036 0.074 0.074 0.08 0.033 0.019 0.024 0.037 0.248 0.013 0.02 0.019 0.042 0.031 0.006 0.047 0.029
258 L 0.036 0.065 0.018 0.018 0.009 0.021 0.027 0.023 0.013 0.103 0.175 0.112 0.023 0.071 0.013 0.026 0.027 0.091 0.057 0.071
259 N 0.049 0.043 0.154 0.044 0.009 0.03 0.069 0.04 0.051 0.078 0.045 0.122 0.014 0.018 0.019 0.115 0.04 0.004 0.016 0.042
260 K 0.042 0.182 0.061 0.034 0.008 0.037 0.074 0.032 0.017 0.027 0.069 0.222 0.014 0.016 0.019 0.042 0.057 0.004 0.014 0.031
261 R 0.045 0.159 0.123 0.037 0.008 0.057 0.045 0.036 0.018 0.029 0.039 0.152 0.013 0.015 0.018 0.069 0.062 0.004 0.014 0.056
262 T 0.054 0.037 0.028 0.027 0.012 0.023 0.033 0.031 0.011 0.136 0.069 0.115 0.019 0.022 0.019 0.094 0.156 0.004 0.015 0.093
263 K 0.156 0.049 0.12 0.04 0.01 0.031 0.071 0.087 0.017 0.024 0.035 0.178 0.012 0.014 0.021 0.052 0.035 0.004 0.013 0.033
264 K 0.04 0.14 0.088 0.03 0.009 0.03 0.038 0.031 0.016 0.062 0.088 0.157 0.039 0.055 0.017 0.039 0.057 0.005 0.019 0.044
265 L 0.045 0.024 0.014 0.015 0.016 0.016 0.02 0.021 0.01 0.115 0.375 0.025 0.05 0.055 0.014 0.024 0.033 0.007 0.022 0.096
266 I 0.042 0.019 0.017 0.017 0.012 0.014 0.019 0.023 0.009 0.191 0.184 0.023 0.026 0.102 0.013 0.053 0.084 0.027 0.025 0.099
267 L 0.036 0.016 0.012 0.013 0.012 0.011 0.015 0.017 0.008 0.218 0.271 0.019 0.032 0.106 0.011 0.02 0.029 0.006 0.025 0.121
268 F 0.067 0.019 0.016 0.016 0.012 0.013 0.019 0.024 0.01 0.095 0.175 0.022 0.025 0.203 0.013 0.032 0.081 0.008 0.035 0.114
269 L 0.046 0.021 0.02 0.019 0.011 0.016 0.022 0.067 0.014 0.107 0.162 0.025 0.022 0.076 0.014 0.078 0.059 0.05 0.085 0.087
270 V 0.063 0.018 0.016 0.017 0.054 0.013 0.019 0.065 0.008 0.132 0.176 0.022 0.025 0.064 0.013 0.052 0.034 0.005 0.019 0.183
271 I 0.053 0.022 0.023 0.022 0.013 0.017 0.024 0.028 0.01 0.153 0.089 0.028 0.043 0.061 0.016 0.089 0.143 0.005 0.019 0.139
272 L 0.043 0.017 0.014 0.015 0.054 0.013 0.017 0.02 0.008 0.227 0.251 0.021 0.03 0.035 0.013 0.047 0.033 0.005 0.016 0.123
273 L 0.071 0.019 0.017 0.017 0.074 0.013 0.019 0.026 0.01 0.126 0.174 0.022 0.024 0.133 0.014 0.055 0.058 0.007 0.027 0.096
274 Y 0.032 0.02 0.016 0.014 0.008 0.015 0.02 0.019 0.029 0.069 0.097 0.023 0.018 0.153 0.012 0.023 0.023 0.019 0.34 0.048
275 F 0.035 0.02 0.078 0.022 0.01 0.014 0.021 0.026 0.014 0.056 0.195 0.022 0.023 0.272 0.011 0.051 0.028 0.009 0.043 0.049
276 V 0.072 0.017 0.013 0.014 0.014 0.013 0.017 0.021 0.007 0.219 0.196 0.021 0.029 0.033 0.013 0.025 0.034 0.005 0.016 0.22
277 L 0.07 0.018 0.016 0.016 0.054 0.013 0.019 0.024 0.009 0.147 0.179 0.022 0.025 0.099 0.014 0.033 0.083 0.006 0.023 0.128
278 I 0.038 0.02 0.016 0.019 0.011 0.016 0.048 0.02 0.014 0.188 0.129 0.024 0.046 0.111 0.013 0.027 0.055 0.009 0.087 0.108
279 M 0.041 0.025 0.016 0.016 0.013 0.022 0.022 0.022 0.013 0.08 0.156 0.029 0.334 0.038 0.013 0.029 0.032 0.006 0.019 0.073
280 I 0.042 0.017 0.015 0.016 0.013 0.014 0.017 0.061 0.008 0.296 0.121 0.022 0.07 0.032 0.013 0.027 0.058 0.005 0.016 0.136
281 L 0.063 0.019 0.012 0.013 0.013 0.013 0.017 0.021 0.009 0.105 0.386 0.02 0.034 0.108 0.012 0.023 0.027 0.007 0.025 0.075
282 T 0.068 0.029 0.037 0.033 0.014 0.023 0.035 0.041 0.012 0.036 0.045 0.038 0.015 0.018 0.022 0.183 0.282 0.004 0.014 0.048
283 G 0.062 0.018 0.031 0.027 0.009 0.015 0.02 0.611 0.011 0.015 0.022 0.027 0.007 0.013 0.015 0.041 0.024 0.004 0.009 0.019
284 D 0.064 0.028 0.048 0.246 0.01 0.025 0.055 0.046 0.015 0.021 0.029 0.04 0.01 0.015 0.021 0.235 0.049 0.004 0.012 0.027
285 R 0.035 0.48 0.031 0.025 0.006 0.038 0.042 0.026 0.018 0.018 0.037 0.095 0.012 0.014 0.015 0.035 0.028 0.005 0.014 0.025
286 K 0.041 0.254 0.032 0.029 0.007 0.041 0.05 0.031 0.017 0.02 0.035 0.285 0.012 0.013 0.019 0.039 0.03 0.004 0.014 0.025
287 Y 0.044 0.022 0.021 0.02 0.011 0.017 0.024 0.025 0.021 0.125 0.073 0.027 0.019 0.059 0.015 0.06 0.11 0.012 0.205 0.09
288 Q 0.075 0.046 0.031 0.033 0.008 0.249 0.063 0.035 0.021 0.023 0.038 0.059 0.015 0.019 0.102 0.067 0.034 0.005 0.047 0.03
289 I 0.043 0.016 0.012 0.014 0.013 0.012 0.016 0.018 0.007 0.244 0.173 0.019 0.029 0.068 0.012 0.022 0.033 0.005 0.02 0.224
290 F 0.037 0.019 0.019 0.018 0.011 0.013 0.02 0.024 0.012 0.101 0.086 0.022 0.02 0.304 0.013 0.035 0.131 0.01 0.047 0.061
291 S 0.154 0.028 0.035 0.033 0.014 0.023 0.035 0.132 0.013 0.027 0.037 0.038 0.013 0.016 0.022 0.221 0.102 0.004 0.013 0.039
292 I 0.038 0.014 0.012 0.014 0.054 0.011 0.014 0.017 0.007 0.37 0.154 0.019 0.029 0.034 0.012 0.021 0.031 0.005 0.016 0.129
293 L 0.038 0.017 0.012 0.013 0.013 0.012 0.015 0.017 0.008 0.212 0.343 0.02 0.035 0.039 0.012 0.02 0.029 0.005 0.017 0.124
294 S 0.12 0.025 0.028 0.027 0.015 0.02 0.03 0.039 0.011 0.087 0.065 0.033 0.018 0.022 0.019 0.165 0.1 0.004 0.015 0.158
295 L 0.042 0.017 0.012 0.013 0.014 0.012 0.016 0.017 0.007 0.221 0.257 0.02 0.032 0.036 0.012 0.021 0.032 0.005 0.017 0.197
296 V 0.048 0.018 0.015 0.015 0.014 0.013 0.018 0.021 0.008 0.171 0.19 0.021 0.028 0.067 0.013 0.048 0.035 0.005 0.02 0.232
297 L 0.035 0.019 0.011 0.012 0.013 0.012 0.016 0.017 0.008 0.112 0.448 0.02 0.037 0.076 0.011 0.019 0.026 0.006 0.021 0.079
298 C 0.052 0.019 0.052 0.023 0.176 0.014 0.021 0.113 0.011 0.046 0.059 0.024 0.015 0.124 0.014 0.081 0.034 0.006 0.024 0.091
299 Y 0.032 0.021 0.017 0.015 0.008 0.015 0.021 0.021 0.028 0.04 0.065 0.023 0.016 0.215 0.012 0.027 0.049 0.018 0.316 0.04
300 L 0.039 0.06 0.052 0.029 0.01 0.048 0.087 0.025 0.014 0.104 0.171 0.038 0.067 0.063 0.015 0.034 0.056 0.006 0.02 0.063
301 W 0.073 0.035 0.024 0.026 0.01 0.048 0.063 0.031 0.018 0.04 0.081 0.089 0.016 0.071 0.016 0.082 0.033 0.092 0.088 0.063
302 L 0.053 0.031 0.023 0.023 0.012 0.02 0.029 0.029 0.011 0.093 0.162 0.084 0.023 0.061 0.016 0.106 0.065 0.005 0.019 0.134
303 Y 0.039 0.068 0.087 0.028 0.008 0.025 0.033 0.03 0.058 0.035 0.082 0.092 0.038 0.051 0.015 0.058 0.03 0.011 0.175 0.036
304 R 0.05 0.145 0.067 0.105 0.008 0.03 0.071 0.139 0.016 0.02 0.031 0.08 0.011 0.014 0.018 0.092 0.06 0.004 0.012 0.026
305 G 0.079 0.023 0.039 0.034 0.011 0.019 0.026 0.505 0.014 0.019 0.029 0.034 0.009 0.016 0.019 0.052 0.03 0.005 0.011 0.025
306 I 0.042 0.033 0.019 0.039 0.011 0.021 0.043 0.023 0.01 0.189 0.121 0.11 0.045 0.027 0.057 0.029 0.032 0.004 0.015 0.13
307 K 0.049 0.09 0.064 0.034 0.009 0.034 0.046 0.036 0.05 0.028 0.068 0.236 0.014 0.017 0.02 0.091 0.062 0.004 0.016 0.032
308 K 0.055 0.067 0.038 0.035 0.008 0.037 0.05 0.187 0.074 0.022 0.034 0.214 0.012 0.016 0.022 0.046 0.032 0.005 0.019 0.026
309 I 0.036 0.025 0.063 0.025 0.01 0.018 0.052 0.024 0.013 0.152 0.141 0.054 0.022 0.134 0.055 0.028 0.029 0.007 0.043 0.069
310 K 0.051 0.122 0.064 0.034 0.009 0.035 0.047 0.037 0.016 0.026 0.067 0.241 0.014 0.016 0.02 0.113 0.038 0.004 0.014 0.031
311 L 0.043 0.029 0.019 0.019 0.011 0.018 0.025 0.024 0.012 0.137 0.172 0.08 0.024 0.104 0.014 0.053 0.058 0.007 0.055 0.095
312 K 0.067 0.107 0.029 0.028 0.011 0.029 0.039 0.034 0.014 0.065 0.088 0.154 0.039 0.02 0.019 0.112 0.065 0.005 0.015 0.06
313 K 0.051 0.125 0.063 0.033 0.01 0.056 0.044 0.035 0.016 0.054 0.045 0.147 0.014 0.016 0.02 0.096 0.116 0.004 0.014 0.041
314 L 0.074 0.023 0.082 0.026 0.013 0.017 0.025 0.031 0.012 0.138 0.138 0.028 0.022 0.061 0.015 0.074 0.076 0.005 0.019 0.121
315 F 0.034 0.019 0.017 0.017 0.011 0.011 0.019 0.026 0.017 0.064 0.115 0.019 0.026 0.381 0.011 0.026 0.026 0.017 0.09 0.056
316 I 0.048 0.018 0.015 0.018 0.016 0.013 0.018 0.021 0.009 0.264 0.17 0.024 0.037 0.045 0.015 0.025 0.04 0.006 0.021 0.178
317 Y 0.041 0.028 0.022 0.019 0.009 0.022 0.028 0.025 0.047 0.044 0.069 0.032 0.019 0.132 0.016 0.032 0.028 0.028 0.311 0.047
318 L 0.035 0.016 0.012 0.013 0.012 0.011 0.015 0.017 0.009 0.214 0.256 0.019 0.031 0.14 0.011 0.02 0.028 0.007 0.028 0.107
319 S 0.081 0.031 0.024 0.024 0.012 0.02 0.03 0.074 0.012 0.077 0.107 0.085 0.019 0.074 0.058 0.107 0.038 0.005 0.02 0.101
320 L 0.038 0.021 0.048 0.019 0.01 0.015 0.021 0.024 0.019 0.096 0.177 0.024 0.023 0.089 0.012 0.05 0.029 0.053 0.149 0.083
