#Seq2Logo.py -f /work3/idamei/ssn-clusterings/clustering/2205110921/clusters/0017_22/sequences.afa -o /work3/idamei/ssn-clusterings/clustering/2205110921/clusters/0017_22/sequences.logo
#Position Specific Frequency Matrix
A R N D C Q E G H I L K M F P S T W Y V
0 M 0.049 0.03 0.019 0.019 0.015 0.027 0.027 0.027 0.015 0.095 0.187 0.034 0.204 0.046 0.015 0.034 0.038 0.008 0.023 0.088
1 S 0.083 0.041 0.049 0.043 0.014 0.05 0.052 0.053 0.08 0.031 0.043 0.052 0.016 0.021 0.026 0.178 0.1 0.005 0.023 0.041
2 E 0.068 0.065 0.045 0.151 0.01 0.04 0.151 0.042 0.019 0.026 0.037 0.059 0.012 0.016 0.065 0.08 0.061 0.005 0.014 0.034
3 L 0.053 0.022 0.02 0.02 0.015 0.016 0.022 0.068 0.011 0.128 0.194 0.026 0.032 0.102 0.015 0.045 0.047 0.008 0.03 0.128
4 E 0.05 0.044 0.045 0.16 0.007 0.069 0.251 0.037 0.023 0.022 0.034 0.066 0.012 0.015 0.024 0.056 0.036 0.005 0.015 0.029
5 F 0.032 0.018 0.016 0.016 0.01 0.01 0.018 0.024 0.016 0.06 0.108 0.018 0.024 0.419 0.01 0.024 0.024 0.016 0.084 0.052
6 L 0.038 0.021 0.015 0.016 0.013 0.013 0.019 0.022 0.015 0.1 0.234 0.022 0.034 0.21 0.012 0.024 0.029 0.012 0.075 0.077
7 D 0.058 0.035 0.076 0.102 0.012 0.049 0.09 0.04 0.018 0.076 0.091 0.047 0.02 0.024 0.02 0.08 0.046 0.005 0.017 0.093
8 L 0.046 0.022 0.015 0.016 0.015 0.016 0.021 0.022 0.014 0.121 0.231 0.024 0.049 0.114 0.014 0.026 0.034 0.01 0.059 0.132
9 A 0.23 0.027 0.022 0.024 0.017 0.021 0.032 0.057 0.017 0.05 0.095 0.036 0.02 0.098 0.023 0.062 0.04 0.009 0.056 0.063
10 F 0.045 0.02 0.015 0.016 0.014 0.013 0.02 0.023 0.012 0.1 0.163 0.021 0.03 0.229 0.012 0.026 0.033 0.011 0.052 0.144
11 G 0.103 0.037 0.093 0.057 0.012 0.036 0.114 0.135 0.02 0.025 0.037 0.052 0.013 0.018 0.024 0.118 0.05 0.005 0.015 0.035
12 N 0.043 0.047 0.171 0.156 0.008 0.054 0.087 0.049 0.063 0.022 0.032 0.075 0.012 0.017 0.021 0.056 0.039 0.005 0.019 0.026
13 W 0.038 0.02 0.014 0.015 0.012 0.014 0.019 0.024 0.011 0.139 0.175 0.022 0.029 0.051 0.011 0.023 0.03 0.22 0.039 0.093
14 P 0.076 0.035 0.027 0.03 0.012 0.026 0.048 0.037 0.035 0.045 0.113 0.061 0.02 0.041 0.166 0.063 0.038 0.008 0.074 0.047
15 L 0.053 0.028 0.051 0.032 0.015 0.023 0.053 0.031 0.014 0.088 0.181 0.035 0.029 0.066 0.018 0.047 0.099 0.007 0.024 0.109
16 L 0.04 0.02 0.015 0.016 0.013 0.013 0.019 0.022 0.012 0.109 0.234 0.022 0.038 0.202 0.012 0.024 0.03 0.01 0.047 0.099
17 L 0.048 0.023 0.018 0.018 0.015 0.016 0.021 0.065 0.01 0.105 0.288 0.026 0.038 0.075 0.015 0.031 0.053 0.007 0.025 0.101
18 G 0.122 0.025 0.025 0.025 0.015 0.019 0.028 0.135 0.013 0.055 0.133 0.032 0.023 0.101 0.04 0.055 0.061 0.007 0.029 0.058
19 L 0.051 0.023 0.019 0.019 0.096 0.016 0.022 0.029 0.011 0.089 0.211 0.026 0.03 0.058 0.014 0.055 0.036 0.092 0.029 0.073
20 L 0.06 0.03 0.053 0.029 0.015 0.024 0.031 0.035 0.015 0.107 0.148 0.036 0.092 0.036 0.018 0.077 0.066 0.006 0.02 0.101
21 L 0.07 0.022 0.018 0.018 0.035 0.015 0.022 0.029 0.012 0.105 0.174 0.025 0.03 0.156 0.015 0.036 0.055 0.009 0.039 0.116
22 L 0.114 0.023 0.017 0.018 0.016 0.017 0.024 0.034 0.011 0.111 0.257 0.028 0.036 0.073 0.017 0.038 0.036 0.007 0.025 0.098
23 F 0.052 0.021 0.019 0.018 0.138 0.015 0.021 0.027 0.012 0.095 0.107 0.024 0.042 0.143 0.015 0.037 0.06 0.008 0.036 0.11
24 V 0.087 0.025 0.026 0.026 0.077 0.02 0.028 0.079 0.012 0.084 0.086 0.032 0.035 0.059 0.061 0.075 0.059 0.006 0.022 0.103
25 L 0.076 0.022 0.022 0.021 0.014 0.017 0.023 0.166 0.012 0.092 0.175 0.028 0.042 0.082 0.016 0.037 0.033 0.007 0.026 0.09
26 L 0.115 0.025 0.022 0.023 0.017 0.019 0.028 0.037 0.011 0.133 0.157 0.032 0.029 0.034 0.019 0.062 0.065 0.006 0.019 0.148
27 L 0.047 0.022 0.014 0.015 0.015 0.015 0.019 0.022 0.01 0.12 0.355 0.024 0.043 0.081 0.014 0.024 0.032 0.007 0.026 0.094
28 Y 0.041 0.027 0.024 0.021 0.009 0.02 0.028 0.029 0.061 0.04 0.065 0.029 0.018 0.145 0.014 0.047 0.029 0.103 0.207 0.041
29 L 0.039 0.021 0.014 0.015 0.014 0.014 0.019 0.021 0.011 0.112 0.3 0.022 0.039 0.158 0.013 0.023 0.03 0.009 0.039 0.086
30 S 0.135 0.033 0.041 0.038 0.016 0.027 0.042 0.099 0.016 0.034 0.049 0.045 0.016 0.053 0.026 0.175 0.081 0.006 0.022 0.046
31 V 0.057 0.021 0.017 0.018 0.017 0.015 0.021 0.023 0.009 0.194 0.154 0.025 0.032 0.037 0.016 0.033 0.062 0.005 0.019 0.223
32 R 0.042 0.321 0.061 0.032 0.008 0.042 0.047 0.033 0.022 0.046 0.052 0.101 0.016 0.019 0.018 0.043 0.035 0.005 0.017 0.041
33 K 0.054 0.185 0.038 0.036 0.009 0.046 0.058 0.039 0.02 0.028 0.057 0.214 0.016 0.017 0.023 0.064 0.039 0.005 0.017 0.034
34 V 0.08 0.054 0.027 0.027 0.013 0.028 0.039 0.036 0.017 0.082 0.105 0.115 0.023 0.059 0.02 0.059 0.042 0.008 0.05 0.117
35 S 0.11 0.04 0.054 0.049 0.018 0.033 0.053 0.067 0.019 0.03 0.042 0.054 0.016 0.021 0.03 0.217 0.082 0.005 0.018 0.042
36 L 0.128 0.025 0.02 0.022 0.017 0.019 0.028 0.039 0.011 0.104 0.166 0.032 0.028 0.032 0.061 0.049 0.066 0.005 0.018 0.128
37 L 0.104 0.025 0.022 0.023 0.016 0.019 0.028 0.037 0.011 0.105 0.142 0.032 0.027 0.055 0.061 0.062 0.064 0.006 0.022 0.138
38 G 0.154 0.031 0.029 0.029 0.015 0.022 0.032 0.255 0.013 0.045 0.078 0.058 0.017 0.022 0.021 0.056 0.037 0.005 0.015 0.067
39 G 0.091 0.031 0.062 0.036 0.011 0.022 0.031 0.416 0.015 0.021 0.031 0.058 0.01 0.016 0.02 0.053 0.032 0.005 0.012 0.027
40 Y 0.045 0.022 0.017 0.017 0.013 0.016 0.022 0.022 0.024 0.151 0.11 0.025 0.026 0.106 0.014 0.027 0.033 0.015 0.164 0.13
41 L 0.039 0.022 0.015 0.015 0.013 0.014 0.02 0.022 0.015 0.087 0.275 0.023 0.04 0.18 0.012 0.024 0.029 0.011 0.07 0.074
42 D 0.039 0.03 0.089 0.4 0.007 0.029 0.083 0.046 0.019 0.021 0.027 0.043 0.009 0.014 0.021 0.051 0.035 0.004 0.011 0.023
43 P 0.054 0.024 0.022 0.029 0.01 0.02 0.034 0.034 0.012 0.024 0.034 0.039 0.01 0.012 0.52 0.042 0.034 0.002 0.012 0.029
44 L 0.065 0.022 0.015 0.017 0.015 0.016 0.021 0.026 0.011 0.128 0.269 0.025 0.052 0.108 0.014 0.029 0.033 0.008 0.031 0.095
45 H 0.044 0.035 0.037 0.028 0.01 0.029 0.039 0.031 0.234 0.055 0.072 0.036 0.034 0.072 0.017 0.036 0.03 0.009 0.073 0.079
46 F 0.036 0.019 0.015 0.016 0.012 0.012 0.018 0.023 0.014 0.093 0.187 0.02 0.031 0.296 0.011 0.024 0.027 0.013 0.063 0.072
47 Y 0.098 0.028 0.027 0.025 0.013 0.022 0.031 0.038 0.029 0.064 0.069 0.035 0.019 0.074 0.02 0.067 0.078 0.016 0.185 0.061
48 W 0.035 0.021 0.015 0.015 0.011 0.014 0.02 0.024 0.016 0.081 0.164 0.022 0.027 0.151 0.011 0.023 0.026 0.181 0.079 0.063
49 T 0.072 0.029 0.033 0.03 0.017 0.022 0.032 0.078 0.012 0.081 0.078 0.037 0.021 0.025 0.022 0.08 0.167 0.005 0.017 0.141
50 F 0.065 0.02 0.017 0.017 0.013 0.013 0.021 0.028 0.014 0.082 0.108 0.022 0.025 0.289 0.013 0.031 0.032 0.012 0.062 0.117
51 T 0.113 0.03 0.037 0.033 0.016 0.024 0.034 0.17 0.013 0.041 0.052 0.04 0.016 0.02 0.024 0.077 0.182 0.005 0.015 0.056
52 F 0.036 0.022 0.017 0.017 0.011 0.015 0.021 0.024 0.022 0.062 0.129 0.023 0.039 0.283 0.012 0.026 0.026 0.017 0.141 0.056
53 G 0.082 0.026 0.041 0.036 0.012 0.021 0.031 0.417 0.014 0.02 0.03 0.037 0.01 0.016 0.02 0.102 0.041 0.005 0.012 0.027
54 T 0.073 0.03 0.035 0.032 0.017 0.023 0.034 0.04 0.013 0.106 0.083 0.039 0.022 0.027 0.023 0.111 0.153 0.005 0.018 0.117
55 A 0.167 0.047 0.138 0.048 0.014 0.032 0.047 0.064 0.021 0.031 0.044 0.092 0.014 0.018 0.025 0.086 0.048 0.005 0.016 0.044
56 Y 0.038 0.027 0.021 0.018 0.009 0.021 0.027 0.024 0.044 0.041 0.065 0.03 0.018 0.124 0.015 0.03 0.027 0.027 0.353 0.044
57 G 0.161 0.026 0.034 0.032 0.014 0.021 0.031 0.342 0.014 0.026 0.038 0.037 0.012 0.017 0.022 0.077 0.039 0.005 0.013 0.038
58 I 0.054 0.019 0.015 0.017 0.017 0.014 0.019 0.021 0.008 0.242 0.144 0.023 0.033 0.038 0.015 0.027 0.042 0.005 0.02 0.229
59 V 0.063 0.02 0.015 0.017 0.018 0.015 0.021 0.023 0.008 0.182 0.129 0.024 0.031 0.035 0.015 0.03 0.045 0.005 0.02 0.284
60 L 0.107 0.023 0.02 0.021 0.015 0.017 0.025 0.036 0.012 0.122 0.154 0.028 0.028 0.131 0.017 0.056 0.039 0.008 0.035 0.106
61 G 0.097 0.023 0.024 0.023 0.014 0.017 0.025 0.161 0.013 0.058 0.15 0.029 0.024 0.127 0.017 0.045 0.053 0.008 0.033 0.058
62 L 0.043 0.024 0.014 0.015 0.015 0.017 0.02 0.021 0.01 0.108 0.385 0.025 0.063 0.051 0.014 0.024 0.032 0.007 0.021 0.091
63 Y 0.061 0.054 0.021 0.019 0.01 0.021 0.028 0.029 0.033 0.041 0.068 0.035 0.018 0.144 0.015 0.033 0.028 0.062 0.234 0.045
64 L 0.068 0.021 0.015 0.017 0.015 0.015 0.02 0.026 0.01 0.158 0.218 0.024 0.035 0.09 0.014 0.029 0.035 0.029 0.03 0.131
65 N 0.076 0.037 0.137 0.05 0.033 0.047 0.065 0.088 0.02 0.043 0.114 0.046 0.02 0.024 0.02 0.07 0.043 0.005 0.016 0.046
66 G 0.07 0.023 0.039 0.067 0.01 0.021 0.042 0.474 0.014 0.018 0.027 0.034 0.009 0.015 0.018 0.049 0.029 0.005 0.01 0.023
67 L 0.066 0.035 0.024 0.024 0.012 0.033 0.04 0.03 0.061 0.061 0.176 0.056 0.027 0.09 0.017 0.035 0.031 0.012 0.112 0.058
68 I 0.079 0.021 0.018 0.02 0.017 0.016 0.023 0.029 0.01 0.205 0.152 0.027 0.031 0.037 0.017 0.05 0.044 0.005 0.019 0.18
69 S 0.09 0.034 0.045 0.053 0.015 0.03 0.068 0.135 0.017 0.036 0.044 0.047 0.015 0.02 0.025 0.184 0.062 0.005 0.016 0.058
70 T 0.083 0.031 0.066 0.086 0.014 0.025 0.042 0.087 0.016 0.044 0.058 0.04 0.016 0.032 0.022 0.086 0.133 0.048 0.021 0.051
71 Y 0.039 0.027 0.024 0.057 0.009 0.022 0.055 0.026 0.032 0.047 0.096 0.032 0.02 0.155 0.015 0.032 0.028 0.019 0.219 0.047
72 L 0.043 0.03 0.017 0.017 0.014 0.019 0.024 0.022 0.016 0.091 0.32 0.049 0.039 0.061 0.015 0.026 0.031 0.01 0.076 0.078
73 F 0.049 0.023 0.021 0.02 0.034 0.016 0.023 0.028 0.013 0.094 0.158 0.026 0.043 0.188 0.015 0.051 0.056 0.01 0.045 0.087
74 L 0.076 0.026 0.025 0.024 0.014 0.019 0.028 0.077 0.015 0.072 0.179 0.031 0.028 0.075 0.018 0.08 0.042 0.03 0.054 0.086
75 L 0.049 0.023 0.017 0.018 0.016 0.017 0.022 0.023 0.012 0.14 0.239 0.026 0.05 0.062 0.015 0.031 0.057 0.007 0.037 0.138
76 L 0.06 0.023 0.018 0.019 0.017 0.017 0.023 0.025 0.009 0.144 0.208 0.027 0.034 0.039 0.016 0.047 0.044 0.006 0.02 0.206
77 F 0.089 0.022 0.017 0.018 0.014 0.015 0.023 0.032 0.013 0.084 0.166 0.025 0.032 0.204 0.015 0.035 0.034 0.01 0.048 0.106
78 L 0.096 0.027 0.031 0.029 0.016 0.021 0.031 0.104 0.013 0.097 0.105 0.035 0.023 0.06 0.021 0.103 0.068 0.006 0.023 0.091
79 Y 0.04 0.025 0.02 0.017 0.051 0.019 0.025 0.024 0.039 0.043 0.068 0.028 0.018 0.14 0.014 0.03 0.027 0.024 0.302 0.046
80 G 0.163 0.024 0.025 0.026 0.098 0.019 0.029 0.194 0.012 0.039 0.076 0.034 0.016 0.021 0.063 0.056 0.037 0.005 0.014 0.05
81 L 0.049 0.021 0.016 0.017 0.015 0.015 0.02 0.033 0.011 0.143 0.195 0.024 0.048 0.12 0.014 0.027 0.036 0.008 0.033 0.157
82 L 0.097 0.024 0.019 0.02 0.017 0.018 0.025 0.033 0.011 0.113 0.201 0.029 0.032 0.069 0.018 0.043 0.069 0.007 0.025 0.132
83 L 0.039 0.022 0.015 0.016 0.013 0.015 0.02 0.023 0.013 0.086 0.246 0.023 0.064 0.204 0.012 0.025 0.03 0.011 0.048 0.074
84 L 0.042 0.021 0.015 0.016 0.014 0.015 0.02 0.021 0.015 0.168 0.216 0.024 0.034 0.06 0.013 0.025 0.033 0.052 0.079 0.116
85 L 0.055 0.021 0.017 0.017 0.057 0.015 0.02 0.066 0.01 0.108 0.205 0.024 0.036 0.077 0.014 0.03 0.037 0.007 0.025 0.159
86 S 0.104 0.029 0.033 0.032 0.038 0.023 0.036 0.047 0.014 0.074 0.074 0.038 0.021 0.049 0.022 0.145 0.06 0.006 0.022 0.132
87 F 0.036 0.021 0.017 0.016 0.011 0.014 0.02 0.023 0.022 0.067 0.166 0.022 0.028 0.261 0.012 0.025 0.026 0.017 0.137 0.059
88 R 0.055 0.199 0.035 0.031 0.01 0.053 0.046 0.057 0.019 0.054 0.056 0.077 0.017 0.023 0.019 0.077 0.046 0.048 0.021 0.055
89 L 0.069 0.082 0.023 0.022 0.053 0.022 0.029 0.033 0.017 0.067 0.101 0.042 0.025 0.097 0.016 0.053 0.035 0.094 0.063 0.058
90 F 0.06 0.024 0.025 0.024 0.014 0.017 0.028 0.034 0.015 0.078 0.097 0.029 0.024 0.216 0.016 0.081 0.044 0.011 0.052 0.109
91 S 0.077 0.03 0.035 0.033 0.015 0.024 0.036 0.055 0.015 0.074 0.147 0.039 0.025 0.063 0.022 0.157 0.057 0.006 0.023 0.064
92 R 0.072 0.177 0.038 0.032 0.011 0.035 0.044 0.05 0.052 0.038 0.052 0.071 0.016 0.037 0.02 0.096 0.044 0.007 0.049 0.058
93 G 0.056 0.077 0.058 0.032 0.011 0.027 0.035 0.16 0.026 0.062 0.094 0.067 0.034 0.048 0.018 0.059 0.037 0.007 0.041 0.052
94 R 0.06 0.117 0.04 0.039 0.01 0.055 0.074 0.081 0.065 0.033 0.078 0.091 0.018 0.022 0.021 0.089 0.042 0.006 0.021 0.037
95 G 0.061 0.08 0.032 0.03 0.011 0.029 0.039 0.191 0.015 0.044 0.089 0.111 0.018 0.021 0.062 0.052 0.036 0.005 0.015 0.059
96 G 0.071 0.093 0.034 0.032 0.013 0.027 0.037 0.135 0.015 0.052 0.056 0.054 0.016 0.02 0.117 0.081 0.046 0.005 0.016 0.081
97 S 0.071 0.036 0.063 0.039 0.013 0.054 0.046 0.046 0.021 0.057 0.059 0.047 0.018 0.062 0.064 0.137 0.054 0.008 0.05 0.055
98 L 0.061 0.054 0.022 0.022 0.012 0.025 0.029 0.063 0.014 0.061 0.147 0.037 0.024 0.069 0.057 0.051 0.035 0.113 0.033 0.072
99 L 0.044 0.021 0.015 0.016 0.014 0.014 0.019 0.022 0.011 0.127 0.237 0.022 0.039 0.155 0.013 0.025 0.033 0.009 0.039 0.125
100 F 0.046 0.085 0.052 0.027 0.011 0.023 0.031 0.031 0.035 0.061 0.129 0.043 0.024 0.145 0.016 0.052 0.035 0.011 0.072 0.071
101 R 0.076 0.17 0.067 0.072 0.01 0.041 0.057 0.045 0.021 0.025 0.041 0.153 0.014 0.016 0.023 0.073 0.042 0.005 0.016 0.033
102 A 0.172 0.029 0.051 0.029 0.016 0.023 0.034 0.052 0.02 0.055 0.11 0.037 0.021 0.044 0.022 0.073 0.043 0.02 0.074 0.074
103 V 0.059 0.022 0.02 0.02 0.058 0.016 0.023 0.027 0.01 0.119 0.131 0.026 0.028 0.081 0.016 0.039 0.081 0.007 0.027 0.19
104 K 0.053 0.082 0.087 0.04 0.01 0.061 0.052 0.052 0.021 0.039 0.053 0.119 0.017 0.055 0.02 0.068 0.041 0.049 0.026 0.056
105 L 0.128 0.027 0.024 0.024 0.058 0.021 0.03 0.042 0.015 0.076 0.133 0.034 0.032 0.038 0.02 0.071 0.064 0.007 0.046 0.111
106 L 0.04 0.021 0.015 0.016 0.014 0.013 0.019 0.022 0.012 0.117 0.27 0.022 0.038 0.174 0.013 0.024 0.03 0.01 0.043 0.089
107 L 0.049 0.022 0.016 0.017 0.016 0.016 0.021 0.022 0.009 0.146 0.29 0.025 0.04 0.045 0.015 0.03 0.056 0.006 0.02 0.138
108 V 0.11 0.024 0.024 0.024 0.017 0.019 0.028 0.079 0.011 0.131 0.098 0.032 0.025 0.029 0.02 0.063 0.066 0.005 0.018 0.178
109 P 0.054 0.03 0.025 0.035 0.009 0.043 0.064 0.035 0.015 0.024 0.035 0.046 0.011 0.013 0.437 0.043 0.035 0.003 0.013 0.03
110 R 0.08 0.128 0.06 0.036 0.01 0.036 0.048 0.052 0.029 0.027 0.043 0.126 0.014 0.025 0.105 0.058 0.038 0.006 0.044 0.035
111 G 0.067 0.061 0.065 0.037 0.011 0.044 0.037 0.311 0.017 0.046 0.044 0.047 0.014 0.018 0.019 0.067 0.037 0.005 0.014 0.04
112 L 0.057 0.117 0.062 0.038 0.012 0.035 0.057 0.039 0.018 0.066 0.117 0.111 0.022 0.026 0.021 0.081 0.044 0.005 0.018 0.055
113 G 0.071 0.024 0.038 0.032 0.01 0.019 0.026 0.494 0.044 0.018 0.028 0.033 0.009 0.016 0.018 0.048 0.028 0.005 0.014 0.023
114 R 0.053 0.174 0.058 0.032 0.01 0.032 0.039 0.076 0.02 0.059 0.058 0.068 0.017 0.029 0.06 0.059 0.039 0.007 0.044 0.065
115 F 0.076 0.026 0.027 0.025 0.013 0.02 0.03 0.066 0.049 0.073 0.077 0.032 0.02 0.127 0.059 0.059 0.057 0.01 0.077 0.077
116 E 0.077 0.037 0.03 0.058 0.011 0.042 0.205 0.033 0.019 0.06 0.065 0.053 0.018 0.054 0.021 0.047 0.038 0.006 0.022 0.104
117 F 0.033 0.019 0.017 0.016 0.01 0.012 0.019 0.024 0.021 0.057 0.101 0.02 0.023 0.37 0.011 0.025 0.024 0.018 0.129 0.051
118 Y 0.092 0.074 0.026 0.025 0.052 0.03 0.039 0.038 0.026 0.035 0.055 0.109 0.016 0.058 0.02 0.045 0.034 0.045 0.138 0.043
119 L 0.077 0.023 0.019 0.02 0.016 0.017 0.024 0.03 0.011 0.14 0.181 0.028 0.046 0.078 0.016 0.051 0.041 0.007 0.026 0.149
120 V 0.129 0.026 0.023 0.025 0.017 0.021 0.03 0.042 0.012 0.132 0.13 0.034 0.041 0.032 0.02 0.08 0.048 0.006 0.019 0.134
121 L 0.044 0.021 0.014 0.015 0.015 0.014 0.019 0.021 0.01 0.142 0.318 0.023 0.042 0.079 0.013 0.024 0.033 0.007 0.026 0.119
122 L 0.118 0.023 0.019 0.021 0.057 0.017 0.024 0.078 0.012 0.124 0.154 0.029 0.042 0.066 0.018 0.042 0.037 0.007 0.023 0.091
123 L 0.086 0.024 0.021 0.022 0.016 0.018 0.026 0.033 0.011 0.148 0.183 0.03 0.031 0.053 0.018 0.07 0.045 0.006 0.022 0.135
124 Y 0.038 0.027 0.021 0.018 0.009 0.021 0.027 0.024 0.044 0.041 0.065 0.03 0.018 0.124 0.015 0.03 0.027 0.027 0.353 0.044
125 L 0.076 0.024 0.021 0.021 0.016 0.018 0.025 0.031 0.011 0.132 0.211 0.029 0.033 0.07 0.017 0.059 0.061 0.007 0.025 0.112
126 L 0.097 0.023 0.02 0.02 0.057 0.017 0.024 0.085 0.011 0.096 0.245 0.028 0.033 0.038 0.017 0.047 0.037 0.006 0.018 0.081
127 L 0.044 0.022 0.014 0.015 0.057 0.015 0.019 0.021 0.009 0.12 0.358 0.023 0.043 0.048 0.014 0.024 0.032 0.006 0.02 0.094
128 A 0.202 0.031 0.031 0.031 0.018 0.025 0.038 0.06 0.014 0.05 0.111 0.041 0.021 0.026 0.026 0.117 0.072 0.005 0.017 0.063
129 L 0.083 0.025 0.019 0.019 0.016 0.018 0.025 0.031 0.013 0.102 0.235 0.029 0.034 0.047 0.017 0.052 0.041 0.008 0.048 0.139
130 F 0.041 0.021 0.016 0.016 0.012 0.014 0.02 0.023 0.018 0.081 0.154 0.022 0.028 0.244 0.012 0.026 0.03 0.014 0.108 0.1
131 L 0.049 0.021 0.016 0.018 0.016 0.015 0.02 0.022 0.009 0.195 0.228 0.025 0.037 0.042 0.015 0.03 0.058 0.006 0.02 0.157
132 I 0.05 0.019 0.016 0.018 0.015 0.014 0.019 0.064 0.01 0.217 0.159 0.024 0.036 0.071 0.014 0.027 0.037 0.006 0.024 0.161
133 S 0.107 0.029 0.031 0.03 0.015 0.023 0.034 0.046 0.017 0.088 0.102 0.037 0.022 0.069 0.021 0.124 0.062 0.019 0.052 0.071
134 S 0.062 0.05 0.104 0.046 0.012 0.05 0.05 0.048 0.021 0.033 0.052 0.098 0.016 0.085 0.022 0.11 0.069 0.007 0.028 0.039
135 I 0.054 0.021 0.019 0.02 0.016 0.016 0.022 0.024 0.009 0.228 0.134 0.026 0.031 0.037 0.016 0.036 0.081 0.005 0.019 0.186
136 G 0.074 0.022 0.037 0.032 0.01 0.018 0.024 0.536 0.013 0.018 0.027 0.032 0.009 0.015 0.018 0.049 0.028 0.005 0.01 0.023
137 F 0.047 0.019 0.016 0.016 0.012 0.012 0.019 0.025 0.015 0.072 0.157 0.02 0.028 0.325 0.012 0.027 0.027 0.014 0.068 0.07
138 G 0.074 0.022 0.037 0.032 0.01 0.018 0.024 0.536 0.013 0.018 0.027 0.032 0.009 0.015 0.018 0.049 0.028 0.005 0.01 0.023
139 L 0.057 0.022 0.02 0.021 0.015 0.016 0.024 0.028 0.011 0.152 0.165 0.027 0.031 0.101 0.016 0.06 0.043 0.007 0.03 0.155
140 F 0.053 0.025 0.033 0.026 0.013 0.017 0.028 0.035 0.016 0.055 0.112 0.029 0.023 0.255 0.016 0.084 0.059 0.012 0.056 0.053
141 A 0.309 0.03 0.027 0.03 0.02 0.025 0.039 0.073 0.014 0.04 0.055 0.043 0.016 0.02 0.028 0.096 0.05 0.005 0.017 0.063
142 E 0.052 0.047 0.038 0.085 0.007 0.061 0.333 0.033 0.024 0.021 0.035 0.072 0.012 0.016 0.024 0.052 0.035 0.005 0.016 0.03
143 T 0.069 0.035 0.068 0.04 0.016 0.027 0.039 0.044 0.015 0.047 0.058 0.044 0.018 0.022 0.026 0.097 0.253 0.005 0.017 0.062
144 N 0.04 0.043 0.353 0.079 0.009 0.032 0.047 0.062 0.03 0.021 0.03 0.051 0.011 0.017 0.019 0.066 0.047 0.004 0.015 0.026
145 R 0.042 0.379 0.037 0.029 0.007 0.046 0.05 0.031 0.022 0.022 0.044 0.114 0.015 0.016 0.018 0.042 0.033 0.005 0.016 0.029
146 F 0.032 0.018 0.016 0.016 0.01 0.01 0.018 0.024 0.016 0.06 0.108 0.018 0.024 0.419 0.01 0.024 0.024 0.016 0.084 0.052
147 E 0.047 0.039 0.05 0.229 0.007 0.047 0.23 0.038 0.022 0.021 0.031 0.059 0.011 0.015 0.023 0.051 0.034 0.005 0.014 0.027
148 Q 0.121 0.051 0.087 0.044 0.012 0.141 0.068 0.05 0.023 0.039 0.052 0.064 0.018 0.018 0.023 0.06 0.043 0.005 0.018 0.063
149 N 0.141 0.038 0.218 0.059 0.013 0.029 0.044 0.066 0.024 0.028 0.039 0.048 0.013 0.018 0.023 0.087 0.05 0.005 0.016 0.04
150 R 0.068 0.304 0.036 0.031 0.009 0.045 0.052 0.036 0.021 0.024 0.045 0.142 0.015 0.017 0.02 0.047 0.035 0.005 0.016 0.033
151 G 0.074 0.022 0.037 0.032 0.01 0.018 0.024 0.536 0.013 0.018 0.027 0.032 0.009 0.015 0.018 0.049 0.028 0.005 0.01 0.023
152 F 0.036 0.022 0.017 0.017 0.011 0.015 0.021 0.024 0.022 0.063 0.123 0.023 0.039 0.283 0.012 0.026 0.027 0.017 0.141 0.061
153 G 0.074 0.022 0.037 0.032 0.01 0.018 0.024 0.536 0.013 0.018 0.027 0.032 0.009 0.015 0.018 0.049 0.028 0.005 0.01 0.023
154 A 0.203 0.028 0.028 0.029 0.018 0.023 0.035 0.098 0.013 0.064 0.08 0.038 0.02 0.024 0.024 0.095 0.05 0.005 0.017 0.109
155 F 0.059 0.021 0.017 0.017 0.011 0.014 0.021 0.028 0.021 0.075 0.099 0.023 0.023 0.293 0.013 0.03 0.028 0.016 0.129 0.061
156 V 0.057 0.019 0.015 0.017 0.017 0.014 0.02 0.022 0.008 0.22 0.138 0.024 0.032 0.037 0.015 0.028 0.043 0.005 0.02 0.249
157 R 0.042 0.379 0.037 0.029 0.007 0.046 0.05 0.031 0.022 0.022 0.044 0.114 0.015 0.016 0.018 0.042 0.033 0.005 0.016 0.029
158 V 0.057 0.019 0.015 0.017 0.017 0.014 0.02 0.022 0.008 0.223 0.139 0.024 0.032 0.037 0.015 0.028 0.043 0.005 0.02 0.246
159 L 0.154 0.028 0.022 0.023 0.017 0.021 0.03 0.045 0.012 0.074 0.213 0.034 0.045 0.036 0.021 0.061 0.061 0.006 0.019 0.077
160 D 0.039 0.028 0.065 0.429 0.007 0.028 0.087 0.044 0.018 0.021 0.027 0.042 0.009 0.014 0.021 0.049 0.034 0.004 0.011 0.023
161 G 0.124 0.024 0.027 0.026 0.056 0.018 0.027 0.218 0.012 0.051 0.086 0.032 0.018 0.056 0.02 0.053 0.056 0.006 0.02 0.071
162 L 0.043 0.021 0.015 0.015 0.014 0.014 0.019 0.022 0.011 0.101 0.261 0.022 0.037 0.171 0.013 0.025 0.032 0.01 0.042 0.114
163 R 0.065 0.205 0.041 0.035 0.011 0.036 0.044 0.124 0.019 0.025 0.042 0.079 0.014 0.018 0.021 0.102 0.064 0.005 0.016 0.034
164 L 0.051 0.024 0.019 0.022 0.014 0.018 0.026 0.027 0.011 0.096 0.192 0.031 0.043 0.033 0.184 0.036 0.056 0.005 0.018 0.093
165 F 0.033 0.019 0.016 0.016 0.01 0.011 0.019 0.024 0.018 0.06 0.111 0.019 0.024 0.387 0.011 0.025 0.024 0.017 0.105 0.052
166 I 0.049 0.019 0.014 0.016 0.016 0.014 0.018 0.02 0.008 0.248 0.188 0.023 0.036 0.042 0.014 0.025 0.039 0.006 0.02 0.185
167 I 0.051 0.018 0.015 0.017 0.016 0.014 0.019 0.021 0.008 0.243 0.15 0.023 0.033 0.055 0.014 0.026 0.04 0.006 0.022 0.208
168 A 0.221 0.029 0.031 0.031 0.018 0.024 0.037 0.145 0.014 0.044 0.054 0.041 0.016 0.021 0.025 0.105 0.05 0.005 0.016 0.074
169 Y 0.046 0.026 0.021 0.018 0.02 0.02 0.026 0.026 0.04 0.043 0.068 0.029 0.018 0.142 0.015 0.035 0.028 0.024 0.31 0.045
170 L 0.082 0.027 0.024 0.024 0.016 0.021 0.029 0.036 0.012 0.111 0.232 0.033 0.048 0.039 0.019 0.088 0.046 0.006 0.02 0.087
171 T 0.147 0.032 0.036 0.034 0.017 0.025 0.038 0.053 0.014 0.045 0.06 0.042 0.018 0.054 0.026 0.109 0.16 0.006 0.022 0.061
172 L 0.068 0.021 0.015 0.016 0.016 0.015 0.02 0.025 0.009 0.173 0.278 0.025 0.039 0.045 0.015 0.029 0.036 0.006 0.02 0.128
173 L 0.079 0.029 0.028 0.026 0.015 0.023 0.031 0.036 0.044 0.088 0.153 0.034 0.045 0.036 0.019 0.071 0.082 0.049 0.026 0.087
174 I 0.055 0.02 0.019 0.019 0.098 0.015 0.02 0.067 0.01 0.158 0.122 0.025 0.027 0.064 0.016 0.035 0.058 0.006 0.023 0.144
175 V 0.1 0.025 0.021 0.02 0.057 0.019 0.027 0.033 0.047 0.091 0.114 0.029 0.024 0.055 0.017 0.04 0.039 0.009 0.078 0.155
176 E 0.072 0.114 0.09 0.059 0.009 0.048 0.147 0.043 0.023 0.024 0.039 0.134 0.013 0.016 0.023 0.055 0.038 0.005 0.016 0.032
177 R 0.077 0.185 0.066 0.039 0.01 0.074 0.055 0.064 0.053 0.025 0.042 0.081 0.015 0.018 0.021 0.077 0.041 0.005 0.02 0.033
178 W 0.044 0.103 0.053 0.029 0.009 0.031 0.04 0.034 0.02 0.043 0.056 0.114 0.016 0.039 0.016 0.038 0.033 0.157 0.059 0.065
179 R 0.046 0.225 0.039 0.064 0.008 0.056 0.053 0.075 0.051 0.029 0.071 0.094 0.017 0.02 0.019 0.043 0.033 0.006 0.019 0.033
180 R 0.063 0.12 0.05 0.07 0.012 0.038 0.069 0.039 0.018 0.045 0.119 0.062 0.021 0.025 0.021 0.084 0.073 0.005 0.017 0.049
181 S 0.11 0.04 0.054 0.049 0.018 0.033 0.052 0.066 0.019 0.03 0.042 0.054 0.016 0.021 0.03 0.22 0.082 0.005 0.018 0.042
182 G 0.078 0.023 0.039 0.034 0.011 0.019 0.026 0.51 0.014 0.019 0.028 0.034 0.009 0.016 0.019 0.051 0.03 0.005 0.011 0.024
183 R 0.055 0.122 0.046 0.031 0.011 0.03 0.038 0.107 0.027 0.053 0.109 0.078 0.021 0.033 0.019 0.062 0.057 0.007 0.045 0.05
184 R 0.058 0.135 0.088 0.039 0.011 0.033 0.043 0.123 0.019 0.045 0.051 0.099 0.016 0.019 0.02 0.065 0.041 0.005 0.016 0.075
185 L 0.046 0.136 0.05 0.026 0.013 0.027 0.032 0.028 0.015 0.112 0.178 0.06 0.029 0.033 0.016 0.034 0.036 0.006 0.019 0.105
186 L 0.042 0.026 0.018 0.017 0.013 0.019 0.024 0.023 0.028 0.079 0.223 0.028 0.034 0.092 0.015 0.028 0.031 0.017 0.171 0.071
187 G 0.059 0.085 0.165 0.054 0.01 0.03 0.041 0.218 0.022 0.021 0.033 0.055 0.011 0.017 0.02 0.071 0.042 0.005 0.014 0.027
188 L 0.044 0.022 0.015 0.016 0.015 0.015 0.02 0.022 0.013 0.13 0.269 0.024 0.039 0.11 0.014 0.025 0.033 0.01 0.056 0.111
189 G 0.102 0.066 0.029 0.028 0.014 0.027 0.036 0.121 0.014 0.073 0.107 0.084 0.022 0.026 0.021 0.051 0.058 0.006 0.017 0.096
190 T 0.057 0.039 0.061 0.037 0.013 0.061 0.046 0.039 0.023 0.041 0.057 0.048 0.018 0.041 0.022 0.066 0.152 0.051 0.075 0.052
191 L 0.063 0.022 0.019 0.019 0.012 0.016 0.023 0.07 0.018 0.091 0.124 0.026 0.024 0.118 0.014 0.032 0.03 0.116 0.093 0.07
192 L 0.114 0.026 0.023 0.023 0.086 0.019 0.028 0.059 0.012 0.072 0.192 0.032 0.029 0.047 0.02 0.071 0.043 0.006 0.02 0.078
193 L 0.047 0.08 0.025 0.025 0.012 0.032 0.039 0.029 0.015 0.076 0.213 0.13 0.06 0.035 0.018 0.036 0.035 0.006 0.019 0.067
194 F 0.034 0.019 0.017 0.017 0.011 0.011 0.019 0.025 0.017 0.064 0.114 0.019 0.025 0.385 0.011 0.025 0.025 0.017 0.089 0.055
195 Q 0.056 0.074 0.044 0.047 0.009 0.213 0.103 0.041 0.029 0.027 0.047 0.091 0.021 0.015 0.024 0.056 0.041 0.006 0.021 0.035
196 L 0.053 0.021 0.017 0.017 0.014 0.015 0.021 0.045 0.014 0.146 0.16 0.025 0.044 0.126 0.014 0.029 0.035 0.01 0.061 0.135
197 F 0.122 0.024 0.023 0.024 0.015 0.018 0.029 0.073 0.014 0.065 0.11 0.031 0.022 0.14 0.06 0.066 0.04 0.008 0.036 0.078
198 L 0.055 0.023 0.022 0.021 0.014 0.017 0.024 0.091 0.012 0.092 0.218 0.027 0.032 0.11 0.015 0.057 0.037 0.008 0.031 0.095
199 L 0.044 0.023 0.015 0.015 0.015 0.016 0.02 0.021 0.015 0.119 0.306 0.025 0.04 0.062 0.014 0.025 0.033 0.01 0.076 0.108
200 L 0.085 0.025 0.022 0.022 0.015 0.018 0.025 0.074 0.012 0.096 0.214 0.03 0.039 0.069 0.018 0.044 0.076 0.007 0.024 0.086
201 L 0.057 0.024 0.022 0.022 0.014 0.017 0.024 0.081 0.012 0.087 0.211 0.028 0.031 0.109 0.016 0.062 0.039 0.008 0.031 0.105
202 F 0.038 0.02 0.02 0.05 0.012 0.013 0.024 0.025 0.014 0.094 0.157 0.022 0.028 0.26 0.012 0.027 0.029 0.012 0.057 0.087
203 I 0.069 0.019 0.015 0.017 0.057 0.014 0.019 0.025 0.009 0.231 0.184 0.024 0.034 0.04 0.015 0.03 0.037 0.006 0.019 0.137
204 V 0.051 0.02 0.017 0.018 0.015 0.014 0.02 0.065 0.01 0.157 0.157 0.023 0.03 0.117 0.014 0.028 0.036 0.008 0.032 0.168
205 F 0.043 0.022 0.016 0.016 0.013 0.015 0.021 0.023 0.02 0.1 0.16 0.024 0.029 0.173 0.013 0.027 0.032 0.014 0.122 0.118
206 S 0.171 0.033 0.039 0.037 0.017 0.027 0.042 0.083 0.016 0.035 0.05 0.045 0.016 0.053 0.026 0.172 0.061 0.006 0.022 0.049
207 A 0.213 0.033 0.037 0.036 0.019 0.027 0.043 0.067 0.016 0.036 0.05 0.046 0.016 0.02 0.028 0.156 0.08 0.005 0.017 0.055
208 L 0.081 0.023 0.017 0.018 0.015 0.018 0.023 0.029 0.012 0.151 0.162 0.027 0.074 0.103 0.015 0.034 0.037 0.008 0.031 0.121
209 L 0.052 0.022 0.014 0.015 0.017 0.015 0.02 0.022 0.009 0.129 0.289 0.024 0.04 0.044 0.014 0.026 0.038 0.006 0.02 0.181
210 N 0.046 0.042 0.327 0.076 0.009 0.032 0.047 0.062 0.029 0.022 0.031 0.051 0.011 0.017 0.02 0.082 0.049 0.004 0.015 0.027
211 G 0.074 0.022 0.037 0.032 0.01 0.018 0.024 0.536 0.013 0.018 0.027 0.032 0.009 0.015 0.018 0.049 0.028 0.005 0.01 0.023
212 A 0.318 0.03 0.025 0.029 0.02 0.025 0.039 0.074 0.014 0.04 0.056 0.043 0.017 0.02 0.028 0.088 0.049 0.005 0.017 0.064
213 K 0.054 0.102 0.039 0.039 0.008 0.051 0.067 0.041 0.02 0.026 0.041 0.316 0.015 0.015 0.026 0.051 0.038 0.005 0.016 0.031
214 F 0.087 0.02 0.017 0.018 0.014 0.014 0.021 0.031 0.013 0.127 0.114 0.024 0.026 0.226 0.015 0.034 0.033 0.011 0.051 0.104
215 A 0.234 0.033 0.036 0.036 0.019 0.027 0.043 0.069 0.016 0.036 0.049 0.046 0.016 0.02 0.028 0.156 0.06 0.005 0.017 0.055
216 V 0.052 0.021 0.015 0.017 0.016 0.015 0.02 0.022 0.01 0.171 0.171 0.024 0.047 0.087 0.014 0.028 0.039 0.007 0.028 0.195
217 L 0.045 0.021 0.014 0.015 0.016 0.015 0.019 0.02 0.009 0.163 0.322 0.024 0.043 0.048 0.014 0.024 0.034 0.006 0.021 0.128
218 F 0.043 0.033 0.027 0.051 0.009 0.036 0.176 0.028 0.02 0.045 0.097 0.045 0.02 0.187 0.018 0.038 0.03 0.01 0.045 0.044
219 A 0.173 0.032 0.04 0.038 0.017 0.027 0.042 0.145 0.016 0.031 0.043 0.045 0.014 0.019 0.026 0.165 0.059 0.005 0.016 0.045
220 L 0.042 0.02 0.014 0.016 0.014 0.013 0.019 0.021 0.011 0.147 0.252 0.022 0.037 0.14 0.013 0.024 0.032 0.009 0.036 0.117
221 Y 0.047 0.024 0.018 0.017 0.054 0.018 0.023 0.024 0.027 0.093 0.121 0.027 0.039 0.081 0.015 0.03 0.033 0.016 0.186 0.107
222 A 0.18 0.031 0.035 0.033 0.018 0.025 0.038 0.098 0.014 0.042 0.055 0.042 0.017 0.021 0.026 0.096 0.148 0.005 0.016 0.06
223 V 0.074 0.024 0.024 0.024 0.059 0.019 0.028 0.034 0.01 0.127 0.1 0.031 0.025 0.03 0.019 0.089 0.053 0.005 0.018 0.207
224 L 0.039 0.02 0.015 0.016 0.013 0.013 0.019 0.022 0.014 0.128 0.221 0.022 0.034 0.186 0.012 0.024 0.03 0.011 0.071 0.089
225 L 0.046 0.021 0.015 0.016 0.014 0.014 0.02 0.023 0.012 0.12 0.198 0.023 0.047 0.168 0.013 0.026 0.034 0.009 0.042 0.138
226 A 0.201 0.03 0.031 0.031 0.018 0.024 0.037 0.099 0.014 0.05 0.059 0.041 0.017 0.022 0.026 0.091 0.108 0.005 0.016 0.08
227 L 0.043 0.021 0.014 0.015 0.015 0.015 0.018 0.02 0.009 0.168 0.335 0.024 0.043 0.049 0.014 0.023 0.033 0.006 0.021 0.113
228 A 0.126 0.058 0.032 0.03 0.015 0.024 0.036 0.059 0.016 0.045 0.091 0.043 0.02 0.122 0.021 0.118 0.049 0.008 0.034 0.052
229 I 0.072 0.02 0.016 0.018 0.057 0.015 0.02 0.027 0.01 0.184 0.155 0.025 0.045 0.069 0.015 0.032 0.038 0.006 0.024 0.15
230 A 0.122 0.03 0.026 0.025 0.015 0.036 0.035 0.041 0.048 0.086 0.107 0.036 0.023 0.071 0.02 0.063 0.041 0.009 0.062 0.105
231 G 0.084 0.061 0.061 0.035 0.011 0.044 0.039 0.208 0.048 0.037 0.049 0.047 0.015 0.053 0.019 0.066 0.038 0.006 0.024 0.056
232 F 0.051 0.057 0.026 0.026 0.012 0.04 0.034 0.052 0.02 0.104 0.085 0.041 0.022 0.108 0.059 0.061 0.038 0.01 0.084 0.072
233 K 0.052 0.176 0.062 0.037 0.009 0.042 0.052 0.079 0.02 0.035 0.047 0.179 0.015 0.017 0.021 0.047 0.037 0.005 0.016 0.052
234 L 0.075 0.023 0.017 0.019 0.015 0.016 0.024 0.028 0.01 0.101 0.197 0.028 0.031 0.067 0.1 0.034 0.038 0.006 0.024 0.147
235 R 0.048 0.252 0.038 0.034 0.008 0.048 0.058 0.036 0.021 0.024 0.043 0.206 0.015 0.016 0.022 0.046 0.035 0.005 0.016 0.03
236 L 0.046 0.019 0.014 0.016 0.015 0.013 0.018 0.021 0.01 0.192 0.207 0.022 0.035 0.106 0.013 0.025 0.035 0.008 0.031 0.152
237 G 0.091 0.125 0.073 0.041 0.012 0.034 0.045 0.143 0.019 0.025 0.039 0.085 0.013 0.017 0.023 0.114 0.048 0.005 0.015 0.034
238 L 0.076 0.023 0.02 0.022 0.014 0.017 0.026 0.032 0.012 0.103 0.138 0.029 0.026 0.112 0.1 0.053 0.039 0.007 0.032 0.119
239 L 0.074 0.024 0.023 0.023 0.014 0.018 0.025 0.084 0.012 0.119 0.127 0.029 0.025 0.045 0.017 0.044 0.086 0.091 0.027 0.094
240 K 0.054 0.075 0.036 0.035 0.01 0.058 0.058 0.037 0.037 0.041 0.053 0.203 0.017 0.031 0.023 0.049 0.057 0.008 0.061 0.059
241 A 0.146 0.031 0.022 0.023 0.017 0.021 0.031 0.084 0.012 0.082 0.145 0.055 0.026 0.046 0.02 0.049 0.041 0.006 0.021 0.124
242 A 0.135 0.024 0.023 0.024 0.016 0.019 0.028 0.104 0.012 0.103 0.116 0.032 0.031 0.07 0.02 0.055 0.06 0.007 0.024 0.099
243 L 0.068 0.029 0.02 0.021 0.015 0.019 0.027 0.091 0.011 0.1 0.19 0.052 0.03 0.034 0.059 0.035 0.037 0.005 0.018 0.14
244 L 0.123 0.023 0.019 0.02 0.017 0.017 0.025 0.077 0.01 0.134 0.171 0.029 0.03 0.035 0.018 0.042 0.04 0.006 0.018 0.147
245 L 0.079 0.025 0.024 0.023 0.015 0.019 0.027 0.076 0.013 0.11 0.135 0.031 0.055 0.106 0.017 0.067 0.041 0.008 0.031 0.099
246 A 0.161 0.029 0.028 0.028 0.018 0.023 0.034 0.05 0.013 0.071 0.125 0.038 0.024 0.028 0.023 0.09 0.089 0.005 0.018 0.106
247 V 0.138 0.024 0.021 0.023 0.017 0.019 0.028 0.051 0.011 0.116 0.122 0.031 0.026 0.063 0.02 0.063 0.045 0.006 0.024 0.152
248 G 0.157 0.024 0.027 0.027 0.016 0.019 0.028 0.254 0.012 0.06 0.061 0.034 0.017 0.022 0.021 0.055 0.039 0.005 0.015 0.108
249 L 0.051 0.023 0.018 0.018 0.016 0.016 0.021 0.065 0.01 0.113 0.29 0.026 0.038 0.043 0.015 0.032 0.055 0.006 0.02 0.123
250 A 0.164 0.024 0.019 0.021 0.017 0.018 0.027 0.044 0.012 0.1 0.12 0.03 0.025 0.111 0.019 0.049 0.04 0.008 0.032 0.121
251 F 0.033 0.018 0.016 0.016 0.01 0.01 0.018 0.024 0.015 0.081 0.112 0.018 0.025 0.387 0.01 0.024 0.025 0.015 0.079 0.062
252 A 0.229 0.031 0.032 0.033 0.019 0.026 0.04 0.066 0.015 0.059 0.059 0.044 0.018 0.022 0.027 0.136 0.057 0.005 0.017 0.065
253 L 0.053 0.023 0.017 0.017 0.016 0.017 0.022 0.065 0.01 0.121 0.246 0.027 0.065 0.042 0.015 0.029 0.037 0.006 0.02 0.151
254 L 0.041 0.022 0.015 0.015 0.013 0.015 0.02 0.022 0.014 0.093 0.276 0.023 0.037 0.118 0.013 0.024 0.03 0.052 0.063 0.094
255 A 0.195 0.025 0.022 0.024 0.018 0.02 0.03 0.112 0.012 0.097 0.082 0.034 0.021 0.026 0.022 0.057 0.044 0.005 0.017 0.136
256 L 0.042 0.023 0.014 0.015 0.015 0.016 0.02 0.02 0.012 0.104 0.379 0.024 0.045 0.058 0.014 0.024 0.031 0.008 0.049 0.087
257 S 0.1 0.04 0.067 0.041 0.015 0.03 0.044 0.074 0.02 0.035 0.051 0.068 0.023 0.029 0.025 0.153 0.087 0.007 0.045 0.045
258 I 0.07 0.069 0.021 0.022 0.014 0.023 0.03 0.029 0.012 0.184 0.127 0.076 0.028 0.049 0.017 0.035 0.038 0.006 0.021 0.128
259 N 0.04 0.043 0.353 0.079 0.009 0.032 0.047 0.062 0.03 0.021 0.03 0.051 0.011 0.017 0.019 0.066 0.047 0.004 0.015 0.026
260 L 0.042 0.023 0.013 0.015 0.015 0.015 0.019 0.02 0.009 0.126 0.387 0.024 0.046 0.051 0.013 0.023 0.032 0.007 0.021 0.098
261 E 0.048 0.107 0.041 0.118 0.008 0.056 0.164 0.035 0.021 0.03 0.068 0.111 0.016 0.018 0.022 0.047 0.035 0.005 0.016 0.034
262 N 0.05 0.085 0.155 0.052 0.009 0.059 0.054 0.078 0.023 0.03 0.067 0.123 0.016 0.019 0.021 0.062 0.041 0.005 0.016 0.034
263 N 0.099 0.04 0.248 0.065 0.012 0.031 0.046 0.064 0.025 0.026 0.036 0.05 0.012 0.018 0.022 0.101 0.052 0.005 0.015 0.035
264 G 0.055 0.034 0.221 0.059 0.009 0.026 0.037 0.259 0.023 0.02 0.029 0.043 0.01 0.016 0.019 0.059 0.039 0.005 0.013 0.025
265 V 0.056 0.021 0.015 0.017 0.017 0.016 0.021 0.023 0.009 0.165 0.157 0.025 0.046 0.07 0.015 0.029 0.041 0.007 0.025 0.226
266 D 0.077 0.035 0.053 0.246 0.01 0.037 0.138 0.047 0.019 0.024 0.033 0.051 0.011 0.016 0.024 0.088 0.042 0.004 0.013 0.031
267 A 0.129 0.038 0.039 0.115 0.013 0.033 0.098 0.05 0.017 0.034 0.049 0.069 0.015 0.051 0.024 0.079 0.072 0.006 0.021 0.046
268 S 0.073 0.043 0.075 0.123 0.012 0.075 0.094 0.05 0.021 0.027 0.039 0.057 0.014 0.017 0.024 0.126 0.072 0.005 0.016 0.036
269 G 0.136 0.034 0.095 0.048 0.014 0.03 0.067 0.148 0.019 0.029 0.04 0.047 0.013 0.018 0.024 0.115 0.061 0.005 0.015 0.041
270 G 0.06 0.067 0.07 0.061 0.011 0.068 0.084 0.123 0.019 0.058 0.054 0.056 0.017 0.02 0.031 0.07 0.046 0.005 0.016 0.065
271 G 0.135 0.057 0.037 0.066 0.013 0.025 0.04 0.217 0.015 0.027 0.038 0.046 0.012 0.017 0.064 0.091 0.043 0.005 0.014 0.037
272 T 0.063 0.038 0.032 0.031 0.014 0.045 0.041 0.081 0.014 0.06 0.067 0.066 0.026 0.022 0.112 0.057 0.116 0.005 0.016 0.094
273 Y 0.065 0.032 0.024 0.054 0.011 0.023 0.034 0.03 0.029 0.055 0.145 0.054 0.024 0.079 0.017 0.036 0.031 0.016 0.186 0.055
274 L 0.074 0.026 0.02 0.02 0.016 0.021 0.026 0.031 0.013 0.133 0.213 0.031 0.098 0.042 0.017 0.052 0.04 0.007 0.021 0.099
275 P 0.077 0.038 0.06 0.069 0.012 0.045 0.047 0.042 0.016 0.055 0.053 0.067 0.016 0.019 0.158 0.058 0.095 0.004 0.015 0.052
276 G 0.072 0.028 0.047 0.081 0.011 0.026 0.067 0.301 0.015 0.032 0.038 0.04 0.012 0.018 0.02 0.083 0.04 0.005 0.013 0.05
277 A 0.179 0.032 0.036 0.035 0.018 0.026 0.04 0.101 0.015 0.045 0.054 0.043 0.017 0.021 0.026 0.142 0.077 0.005 0.016 0.072
278 P 0.063 0.028 0.061 0.07 0.011 0.023 0.041 0.126 0.015 0.023 0.033 0.041 0.01 0.015 0.271 0.082 0.042 0.004 0.013 0.029
279 L 0.048 0.022 0.016 0.016 0.015 0.016 0.021 0.022 0.013 0.131 0.222 0.025 0.053 0.09 0.014 0.027 0.036 0.009 0.055 0.149
280 L 0.054 0.022 0.015 0.016 0.017 0.015 0.021 0.022 0.009 0.141 0.255 0.024 0.038 0.042 0.015 0.027 0.039 0.006 0.02 0.202
281 V 0.057 0.022 0.018 0.018 0.016 0.016 0.022 0.024 0.012 0.155 0.167 0.026 0.032 0.045 0.016 0.033 0.061 0.007 0.047 0.206
282 E 0.075 0.042 0.038 0.104 0.009 0.052 0.262 0.037 0.022 0.034 0.043 0.063 0.014 0.018 0.024 0.053 0.037 0.005 0.016 0.055
283 R 0.067 0.327 0.036 0.03 0.009 0.044 0.05 0.036 0.021 0.024 0.045 0.125 0.015 0.017 0.02 0.046 0.035 0.005 0.016 0.033
284 L 0.039 0.021 0.014 0.015 0.014 0.014 0.019 0.021 0.012 0.093 0.308 0.022 0.039 0.174 0.012 0.023 0.029 0.01 0.042 0.078
285 V 0.123 0.023 0.018 0.02 0.017 0.018 0.026 0.036 0.011 0.123 0.137 0.029 0.042 0.066 0.018 0.042 0.042 0.006 0.025 0.177
286 L 0.042 0.025 0.046 0.022 0.012 0.017 0.024 0.068 0.021 0.069 0.209 0.027 0.03 0.125 0.014 0.031 0.03 0.013 0.113 0.062
287 R 0.042 0.379 0.037 0.029 0.007 0.046 0.05 0.031 0.022 0.022 0.044 0.114 0.015 0.016 0.018 0.042 0.033 0.005 0.016 0.029
288 V 0.055 0.019 0.015 0.017 0.016 0.014 0.02 0.022 0.009 0.192 0.157 0.023 0.032 0.07 0.014 0.028 0.041 0.006 0.025 0.224
289 L 0.044 0.02 0.014 0.016 0.015 0.014 0.018 0.02 0.009 0.201 0.245 0.023 0.038 0.076 0.014 0.024 0.035 0.007 0.026 0.141
290 A 0.277 0.029 0.028 0.03 0.019 0.024 0.038 0.131 0.014 0.037 0.051 0.042 0.015 0.02 0.027 0.092 0.047 0.005 0.016 0.058
291 N 0.05 0.038 0.246 0.063 0.01 0.028 0.042 0.056 0.026 0.029 0.045 0.046 0.014 0.084 0.019 0.091 0.048 0.006 0.027 0.032
292 G 0.18 0.025 0.032 0.03 0.015 0.021 0.03 0.343 0.013 0.028 0.039 0.036 0.012 0.017 0.022 0.062 0.036 0.005 0.013 0.041
293 D 0.039 0.031 0.113 0.37 0.007 0.029 0.08 0.047 0.02 0.021 0.027 0.044 0.009 0.015 0.021 0.052 0.036 0.004 0.011 0.023
294 K 0.063 0.071 0.041 0.039 0.012 0.058 0.058 0.043 0.018 0.034 0.048 0.184 0.016 0.018 0.026 0.081 0.124 0.005 0.017 0.044
295 Y 0.09 0.032 0.034 0.031 0.013 0.025 0.037 0.044 0.031 0.036 0.054 0.04 0.016 0.072 0.021 0.13 0.05 0.016 0.185 0.044
296 Y 0.037 0.025 0.02 0.017 0.009 0.019 0.025 0.024 0.04 0.044 0.072 0.028 0.019 0.173 0.014 0.029 0.026 0.025 0.308 0.046
297 L 0.041 0.023 0.015 0.015 0.014 0.016 0.02 0.022 0.011 0.099 0.33 0.024 0.063 0.112 0.013 0.025 0.031 0.008 0.032 0.084
298 L 0.097 0.03 0.034 0.032 0.016 0.024 0.035 0.087 0.014 0.062 0.142 0.039 0.024 0.029 0.022 0.128 0.083 0.006 0.017 0.079
299 L 0.042 0.023 0.013 0.014 0.015 0.015 0.019 0.02 0.01 0.109 0.408 0.024 0.047 0.052 0.013 0.023 0.032 0.007 0.021 0.091
300 P 0.054 0.024 0.022 0.029 0.01 0.02 0.034 0.034 0.012 0.024 0.034 0.039 0.01 0.012 0.52 0.042 0.034 0.002 0.012 0.029
301 N 0.043 0.041 0.326 0.075 0.009 0.031 0.045 0.101 0.028 0.021 0.03 0.049 0.01 0.017 0.019 0.065 0.045 0.004 0.014 0.025
302 D 0.043 0.033 0.133 0.28 0.008 0.031 0.092 0.089 0.021 0.021 0.028 0.046 0.01 0.015 0.021 0.054 0.037 0.004 0.012 0.024
303 V 0.065 0.02 0.015 0.017 0.018 0.015 0.022 0.023 0.008 0.169 0.126 0.025 0.03 0.035 0.015 0.031 0.046 0.005 0.02 0.295
304 I 0.046 0.017 0.014 0.017 0.016 0.013 0.017 0.02 0.008 0.299 0.157 0.023 0.035 0.041 0.014 0.024 0.038 0.006 0.02 0.176
305 D 0.044 0.036 0.054 0.286 0.007 0.042 0.189 0.04 0.021 0.021 0.03 0.055 0.01 0.015 0.023 0.051 0.034 0.004 0.013 0.026
306 R 0.053 0.119 0.039 0.054 0.009 0.08 0.118 0.037 0.052 0.031 0.071 0.114 0.018 0.02 0.022 0.064 0.038 0.006 0.02 0.036
307 L 0.043 0.02 0.014 0.015 0.015 0.014 0.018 0.02 0.009 0.201 0.294 0.023 0.041 0.047 0.014 0.023 0.034 0.006 0.02 0.126
308 E 0.096 0.052 0.064 0.09 0.01 0.067 0.164 0.045 0.023 0.026 0.04 0.098 0.014 0.021 0.024 0.057 0.038 0.006 0.03 0.036
309 T 0.071 0.037 0.037 0.033 0.016 0.027 0.037 0.039 0.013 0.074 0.071 0.063 0.02 0.024 0.025 0.077 0.23 0.006 0.017 0.083
310 D 0.04 0.034 0.063 0.396 0.007 0.03 0.085 0.044 0.018 0.022 0.028 0.065 0.009 0.014 0.022 0.05 0.034 0.004 0.011 0.024
311 S 0.104 0.043 0.095 0.047 0.014 0.029 0.045 0.1 0.019 0.027 0.038 0.049 0.013 0.018 0.067 0.173 0.061 0.005 0.015 0.037
312 L 0.115 0.023 0.019 0.02 0.017 0.017 0.025 0.035 0.011 0.129 0.167 0.029 0.03 0.067 0.018 0.044 0.06 0.007 0.024 0.142
313 F 0.061 0.02 0.016 0.017 0.012 0.013 0.021 0.028 0.013 0.088 0.137 0.022 0.026 0.216 0.012 0.029 0.03 0.096 0.057 0.085
314 I 0.075 0.02 0.015 0.017 0.017 0.015 0.021 0.026 0.009 0.199 0.179 0.025 0.034 0.039 0.016 0.031 0.041 0.006 0.02 0.196
315 R 0.046 0.273 0.037 0.032 0.008 0.097 0.06 0.033 0.023 0.029 0.056 0.1 0.032 0.018 0.019 0.044 0.035 0.006 0.018 0.035
316 F 0.036 0.02 0.016 0.016 0.012 0.013 0.019 0.023 0.014 0.076 0.196 0.021 0.045 0.288 0.011 0.025 0.027 0.013 0.062 0.066
317 L 0.114 0.024 0.017 0.019 0.016 0.018 0.025 0.035 0.012 0.097 0.254 0.029 0.049 0.073 0.017 0.039 0.036 0.007 0.025 0.093
318 A 0.188 0.032 0.035 0.035 0.018 0.026 0.041 0.061 0.015 0.048 0.057 0.044 0.017 0.022 0.027 0.138 0.097 0.005 0.017 0.077
319 P 0.054 0.024 0.022 0.029 0.01 0.02 0.034 0.034 0.012 0.024 0.034 0.039 0.01 0.012 0.52 0.042 0.034 0.002 0.012 0.029
320 L 0.047 0.021 0.015 0.016 0.015 0.014 0.019 0.022 0.01 0.146 0.245 0.023 0.037 0.107 0.014 0.025 0.035 0.008 0.031 0.151
