#Seq2Logo.py -f /work3/idamei/ssn-clusterings/clustering/2205111339/clusters/0016_78/sequences.afa -o /work3/idamei/ssn-clusterings/clustering/2205111339/clusters/0016_78/sequences.logo
#Position Specific Frequency Matrix
A R N D C Q E G H I L K M F P S T W Y V
0 M 0.05 0.031 0.019 0.019 0.015 0.027 0.027 0.027 0.015 0.096 0.188 0.035 0.197 0.046 0.015 0.035 0.038 0.008 0.023 0.088
1 L 0.052 0.03 0.023 0.033 0.014 0.027 0.084 0.028 0.014 0.102 0.247 0.037 0.051 0.04 0.018 0.053 0.039 0.006 0.02 0.082
2 L 0.069 0.024 0.049 0.023 0.014 0.016 0.023 0.031 0.013 0.123 0.224 0.027 0.034 0.116 0.015 0.034 0.035 0.008 0.033 0.09
3 F 0.034 0.019 0.017 0.017 0.011 0.011 0.019 0.025 0.017 0.063 0.114 0.019 0.025 0.387 0.011 0.025 0.025 0.017 0.089 0.055
4 I 0.079 0.021 0.02 0.021 0.016 0.016 0.022 0.079 0.01 0.199 0.15 0.028 0.03 0.036 0.017 0.039 0.062 0.006 0.018 0.131
5 L 0.045 0.024 0.014 0.015 0.016 0.016 0.02 0.021 0.01 0.116 0.373 0.025 0.05 0.055 0.014 0.024 0.034 0.007 0.022 0.097
6 A 0.139 0.027 0.025 0.025 0.018 0.021 0.031 0.043 0.011 0.104 0.119 0.035 0.025 0.03 0.022 0.06 0.107 0.006 0.018 0.134
7 L 0.044 0.022 0.019 0.019 0.013 0.015 0.022 0.027 0.014 0.079 0.229 0.024 0.033 0.218 0.013 0.047 0.033 0.011 0.051 0.068
8 G 0.094 0.031 0.047 0.041 0.014 0.026 0.039 0.289 0.016 0.024 0.035 0.044 0.013 0.019 0.024 0.136 0.056 0.005 0.014 0.033
9 L 0.045 0.021 0.014 0.015 0.064 0.014 0.019 0.022 0.01 0.127 0.288 0.023 0.039 0.083 0.014 0.026 0.033 0.007 0.026 0.109
10 L 0.048 0.02 0.014 0.016 0.016 0.014 0.019 0.021 0.009 0.206 0.215 0.023 0.037 0.068 0.014 0.025 0.037 0.007 0.024 0.167
11 L 0.094 0.024 0.02 0.021 0.016 0.017 0.025 0.034 0.012 0.085 0.156 0.028 0.028 0.148 0.017 0.044 0.068 0.009 0.039 0.114
12 L 0.076 0.023 0.019 0.02 0.015 0.017 0.023 0.062 0.011 0.126 0.222 0.028 0.034 0.077 0.016 0.038 0.059 0.007 0.026 0.101
13 L 0.077 0.023 0.016 0.017 0.065 0.017 0.022 0.029 0.011 0.117 0.206 0.026 0.055 0.077 0.016 0.034 0.037 0.007 0.026 0.124
14 L 0.04 0.021 0.015 0.016 0.014 0.014 0.019 0.022 0.012 0.127 0.26 0.023 0.048 0.159 0.013 0.024 0.031 0.009 0.04 0.093
15 T 0.08 0.032 0.038 0.034 0.017 0.025 0.037 0.043 0.013 0.073 0.072 0.041 0.021 0.025 0.024 0.123 0.157 0.005 0.018 0.122
16 F 0.05 0.019 0.017 0.018 0.061 0.012 0.019 0.06 0.014 0.083 0.122 0.021 0.025 0.273 0.012 0.029 0.028 0.012 0.06 0.066
17 L 0.041 0.02 0.015 0.016 0.014 0.014 0.019 0.021 0.014 0.164 0.221 0.023 0.035 0.128 0.013 0.024 0.032 0.01 0.066 0.108
18 G 0.075 0.022 0.037 0.032 0.01 0.018 0.024 0.531 0.013 0.018 0.027 0.032 0.009 0.016 0.018 0.049 0.028 0.005 0.01 0.023
19 W 0.035 0.024 0.017 0.016 0.009 0.018 0.024 0.026 0.028 0.043 0.093 0.026 0.019 0.089 0.011 0.026 0.025 0.236 0.192 0.043
20 Y 0.049 0.036 0.028 0.025 0.01 0.025 0.035 0.032 0.045 0.038 0.058 0.061 0.017 0.083 0.018 0.06 0.058 0.068 0.21 0.043
21 L 0.072 0.026 0.052 0.026 0.014 0.02 0.026 0.032 0.028 0.152 0.163 0.031 0.046 0.047 0.017 0.038 0.045 0.008 0.053 0.103
22 S 0.078 0.034 0.053 0.157 0.014 0.029 0.058 0.053 0.017 0.04 0.047 0.047 0.02 0.02 0.025 0.161 0.082 0.005 0.015 0.044
23 R 0.049 0.219 0.039 0.035 0.008 0.067 0.06 0.053 0.046 0.024 0.042 0.169 0.015 0.017 0.022 0.047 0.035 0.005 0.019 0.03
24 D 0.044 0.051 0.058 0.308 0.007 0.035 0.082 0.044 0.018 0.023 0.031 0.123 0.011 0.014 0.023 0.05 0.035 0.004 0.012 0.026
25 I 0.052 0.019 0.015 0.017 0.016 0.014 0.019 0.021 0.009 0.246 0.159 0.024 0.04 0.04 0.015 0.027 0.041 0.006 0.02 0.203
26 F 0.034 0.019 0.016 0.016 0.011 0.011 0.018 0.024 0.015 0.071 0.168 0.019 0.029 0.341 0.011 0.024 0.026 0.014 0.072 0.061
27 S 0.136 0.038 0.134 0.052 0.015 0.03 0.047 0.066 0.021 0.029 0.041 0.05 0.014 0.019 0.026 0.157 0.062 0.005 0.016 0.042
28 P 0.054 0.025 0.022 0.03 0.01 0.02 0.035 0.035 0.012 0.025 0.035 0.04 0.01 0.012 0.515 0.042 0.035 0.002 0.012 0.03
29 F 0.037 0.021 0.016 0.016 0.012 0.014 0.02 0.023 0.02 0.072 0.188 0.022 0.03 0.247 0.012 0.025 0.027 0.015 0.118 0.063
30 V 0.055 0.02 0.016 0.017 0.016 0.014 0.021 0.024 0.011 0.125 0.12 0.023 0.028 0.161 0.014 0.029 0.04 0.009 0.041 0.218
31 L 0.104 0.022 0.016 0.019 0.017 0.017 0.023 0.032 0.01 0.164 0.205 0.028 0.034 0.039 0.017 0.037 0.04 0.006 0.02 0.152
32 V 0.074 0.036 0.029 0.029 0.015 0.068 0.043 0.052 0.015 0.087 0.101 0.045 0.058 0.029 0.02 0.067 0.07 0.006 0.019 0.138
33 P 0.058 0.026 0.024 0.031 0.01 0.021 0.036 0.037 0.013 0.025 0.035 0.04 0.01 0.013 0.483 0.056 0.038 0.003 0.013 0.03
34 G 0.057 0.022 0.026 0.024 0.012 0.016 0.022 0.277 0.013 0.054 0.156 0.027 0.024 0.106 0.015 0.036 0.029 0.008 0.029 0.05
35 V 0.064 0.023 0.019 0.02 0.017 0.017 0.024 0.027 0.009 0.15 0.175 0.027 0.033 0.037 0.016 0.051 0.046 0.006 0.02 0.22
36 W 0.029 0.022 0.015 0.015 0.007 0.015 0.022 0.029 0.015 0.029 0.051 0.022 0.015 0.058 0.007 0.022 0.022 0.514 0.065 0.029
37 A 0.174 0.027 0.028 0.028 0.016 0.021 0.033 0.104 0.015 0.041 0.071 0.036 0.018 0.09 0.022 0.089 0.044 0.058 0.032 0.052
38 G 0.064 0.022 0.024 0.023 0.062 0.017 0.023 0.163 0.012 0.098 0.094 0.028 0.038 0.105 0.016 0.042 0.057 0.008 0.029 0.074
39 L 0.102 0.022 0.016 0.019 0.017 0.016 0.023 0.031 0.01 0.178 0.209 0.027 0.035 0.04 0.017 0.036 0.039 0.006 0.02 0.138
40 L 0.043 0.021 0.014 0.015 0.016 0.014 0.018 0.02 0.009 0.181 0.314 0.024 0.043 0.049 0.014 0.023 0.034 0.006 0.021 0.12
41 L 0.041 0.022 0.014 0.015 0.014 0.014 0.019 0.021 0.011 0.12 0.32 0.023 0.042 0.124 0.013 0.024 0.031 0.009 0.034 0.092
42 L 0.045 0.021 0.014 0.015 0.065 0.014 0.018 0.021 0.009 0.161 0.296 0.023 0.041 0.046 0.014 0.025 0.034 0.006 0.02 0.111
43 F 0.037 0.024 0.019 0.017 0.01 0.017 0.023 0.024 0.031 0.053 0.091 0.025 0.032 0.235 0.013 0.028 0.027 0.021 0.221 0.051
44 Y 0.071 0.029 0.054 0.026 0.012 0.022 0.03 0.034 0.03 0.054 0.128 0.034 0.023 0.079 0.018 0.043 0.057 0.016 0.183 0.057
45 L 0.048 0.02 0.015 0.016 0.015 0.014 0.019 0.021 0.01 0.179 0.218 0.023 0.036 0.093 0.014 0.026 0.037 0.007 0.029 0.161
46 L 0.066 0.025 0.023 0.023 0.016 0.018 0.026 0.031 0.012 0.127 0.192 0.03 0.032 0.075 0.018 0.066 0.074 0.007 0.026 0.113
47 P 0.078 0.065 0.03 0.07 0.01 0.047 0.048 0.04 0.016 0.026 0.038 0.052 0.012 0.014 0.318 0.048 0.036 0.003 0.014 0.033
48 P 0.046 0.041 0.101 0.044 0.008 0.052 0.05 0.041 0.166 0.023 0.036 0.048 0.013 0.02 0.168 0.047 0.034 0.005 0.031 0.026
49 N 0.054 0.037 0.144 0.106 0.011 0.032 0.076 0.048 0.024 0.029 0.04 0.048 0.013 0.028 0.055 0.08 0.083 0.007 0.048 0.036
50 L 0.041 0.023 0.018 0.017 0.013 0.015 0.021 0.024 0.014 0.084 0.25 0.024 0.035 0.184 0.014 0.03 0.054 0.011 0.055 0.074
51 Y 0.038 0.026 0.02 0.018 0.009 0.02 0.026 0.024 0.042 0.044 0.07 0.029 0.019 0.154 0.014 0.029 0.027 0.026 0.321 0.045
52 P 0.081 0.033 0.024 0.031 0.011 0.023 0.038 0.039 0.013 0.027 0.038 0.067 0.011 0.013 0.418 0.047 0.036 0.003 0.013 0.033
53 I 0.045 0.019 0.014 0.016 0.016 0.014 0.018 0.02 0.009 0.24 0.232 0.023 0.039 0.045 0.014 0.024 0.037 0.006 0.02 0.15
54 I 0.052 0.053 0.065 0.074 0.044 0.069 0.051 0.086 0.018 0.1 0.072 0.074 0.02 0.023 0.019 0.046 0.046 0.005 0.016 0.069
55 H 0.057 0.043 0.088 0.054 0.009 0.039 0.105 0.061 0.179 0.023 0.036 0.052 0.014 0.023 0.022 0.089 0.041 0.006 0.033 0.028
56 D 0.046 0.049 0.079 0.196 0.009 0.096 0.078 0.042 0.021 0.051 0.047 0.082 0.016 0.017 0.021 0.05 0.038 0.005 0.015 0.042
57 F 0.032 0.018 0.016 0.016 0.01 0.01 0.018 0.024 0.016 0.061 0.109 0.018 0.024 0.413 0.01 0.024 0.024 0.016 0.085 0.053
58 P 0.077 0.025 0.02 0.025 0.013 0.019 0.03 0.034 0.012 0.052 0.147 0.035 0.022 0.025 0.316 0.04 0.035 0.004 0.015 0.052
59 L 0.045 0.02 0.017 0.017 0.014 0.014 0.019 0.073 0.011 0.129 0.22 0.023 0.034 0.142 0.013 0.027 0.032 0.009 0.037 0.104
60 A 0.175 0.031 0.063 0.037 0.066 0.025 0.039 0.06 0.016 0.057 0.059 0.042 0.017 0.022 0.025 0.122 0.055 0.005 0.016 0.068
61 L 0.045 0.022 0.015 0.016 0.015 0.015 0.02 0.021 0.01 0.148 0.283 0.024 0.051 0.084 0.014 0.025 0.034 0.007 0.027 0.124
62 L 0.075 0.026 0.024 0.023 0.017 0.019 0.027 0.032 0.011 0.112 0.215 0.032 0.033 0.038 0.019 0.059 0.096 0.006 0.019 0.117
63 L 0.05 0.02 0.014 0.016 0.016 0.014 0.019 0.021 0.009 0.2 0.232 0.024 0.038 0.043 0.014 0.026 0.038 0.006 0.02 0.178
64 W 0.029 0.022 0.015 0.015 0.007 0.015 0.022 0.029 0.015 0.029 0.051 0.022 0.015 0.058 0.007 0.022 0.022 0.514 0.065 0.029
65 V 0.061 0.022 0.019 0.019 0.082 0.016 0.023 0.027 0.009 0.145 0.15 0.026 0.03 0.034 0.017 0.043 0.066 0.005 0.018 0.186
66 L 0.06 0.025 0.024 0.023 0.017 0.019 0.026 0.029 0.011 0.145 0.186 0.031 0.032 0.037 0.018 0.061 0.091 0.006 0.019 0.142
67 G 0.083 0.028 0.041 0.036 0.013 0.023 0.034 0.293 0.015 0.026 0.041 0.039 0.013 0.057 0.021 0.128 0.048 0.006 0.02 0.033
68 F 0.033 0.018 0.016 0.016 0.01 0.011 0.018 0.024 0.017 0.06 0.108 0.019 0.024 0.404 0.01 0.024 0.024 0.017 0.094 0.052
69 L 0.051 0.025 0.022 0.021 0.014 0.018 0.025 0.029 0.014 0.081 0.195 0.028 0.047 0.165 0.016 0.055 0.06 0.01 0.042 0.085
70 L 0.061 0.024 0.022 0.022 0.016 0.018 0.024 0.094 0.011 0.113 0.215 0.029 0.033 0.038 0.017 0.054 0.049 0.006 0.019 0.138
71 A 0.15 0.027 0.03 0.03 0.017 0.022 0.033 0.132 0.013 0.082 0.081 0.037 0.02 0.025 0.023 0.1 0.05 0.005 0.017 0.103
72 S 0.138 0.031 0.04 0.037 0.065 0.026 0.039 0.156 0.015 0.03 0.043 0.043 0.014 0.019 0.025 0.157 0.058 0.005 0.015 0.043
73 Y 0.041 0.023 0.018 0.017 0.012 0.017 0.023 0.023 0.027 0.11 0.139 0.026 0.032 0.12 0.014 0.027 0.03 0.034 0.181 0.086
74 L 0.124 0.024 0.018 0.02 0.017 0.018 0.027 0.037 0.011 0.101 0.201 0.031 0.031 0.035 0.068 0.043 0.04 0.006 0.019 0.13
75 T 0.093 0.026 0.029 0.027 0.098 0.02 0.03 0.056 0.012 0.068 0.076 0.034 0.02 0.063 0.021 0.077 0.115 0.006 0.023 0.106
76 F 0.049 0.028 0.032 0.081 0.011 0.024 0.056 0.033 0.025 0.048 0.098 0.035 0.02 0.133 0.018 0.061 0.059 0.014 0.129 0.049
77 Y 0.064 0.067 0.056 0.029 0.06 0.046 0.038 0.035 0.025 0.05 0.068 0.053 0.019 0.101 0.017 0.042 0.035 0.012 0.114 0.069
78 L 0.07 0.061 0.02 0.019 0.012 0.02 0.026 0.03 0.021 0.097 0.122 0.036 0.025 0.113 0.015 0.033 0.032 0.068 0.107 0.073
79 T 0.08 0.065 0.063 0.034 0.016 0.026 0.036 0.041 0.015 0.072 0.113 0.046 0.023 0.027 0.021 0.078 0.116 0.005 0.018 0.107
80 P 0.086 0.044 0.032 0.033 0.012 0.029 0.044 0.042 0.051 0.041 0.049 0.094 0.015 0.019 0.204 0.069 0.05 0.004 0.019 0.062
81 P 0.09 0.036 0.077 0.062 0.013 0.033 0.09 0.048 0.019 0.036 0.055 0.049 0.032 0.02 0.106 0.098 0.071 0.005 0.016 0.044
82 A 0.166 0.061 0.035 0.038 0.015 0.035 0.072 0.054 0.068 0.035 0.05 0.087 0.016 0.021 0.026 0.068 0.074 0.006 0.022 0.05
83 S 0.088 0.117 0.049 0.043 0.014 0.036 0.051 0.055 0.037 0.027 0.041 0.067 0.015 0.02 0.026 0.189 0.066 0.005 0.019 0.037
84 G 0.067 0.023 0.031 0.027 0.013 0.018 0.024 0.349 0.012 0.051 0.145 0.031 0.023 0.029 0.017 0.042 0.031 0.006 0.015 0.048
85 L 0.042 0.023 0.016 0.016 0.014 0.016 0.021 0.023 0.013 0.096 0.27 0.024 0.054 0.166 0.013 0.026 0.031 0.01 0.044 0.082
86 L 0.075 0.028 0.028 0.027 0.018 0.022 0.031 0.037 0.012 0.12 0.16 0.035 0.031 0.036 0.02 0.094 0.055 0.006 0.02 0.146
87 S 0.087 0.042 0.054 0.045 0.014 0.035 0.052 0.057 0.132 0.027 0.04 0.051 0.015 0.024 0.026 0.164 0.063 0.006 0.031 0.035
88 E 0.048 0.145 0.046 0.139 0.008 0.051 0.171 0.037 0.023 0.022 0.038 0.083 0.013 0.016 0.023 0.051 0.036 0.005 0.016 0.029
89 P 0.052 0.115 0.067 0.042 0.009 0.095 0.063 0.04 0.023 0.025 0.041 0.076 0.015 0.015 0.18 0.051 0.039 0.005 0.017 0.032
90 P 0.055 0.025 0.022 0.029 0.011 0.02 0.034 0.034 0.012 0.053 0.05 0.039 0.013 0.016 0.443 0.042 0.036 0.003 0.014 0.047
91 L 0.05 0.048 0.026 0.033 0.011 0.052 0.071 0.031 0.016 0.087 0.157 0.104 0.032 0.029 0.086 0.039 0.036 0.005 0.018 0.068
92 L 0.09 0.028 0.029 0.068 0.015 0.024 0.054 0.038 0.013 0.11 0.161 0.037 0.039 0.033 0.02 0.066 0.065 0.006 0.018 0.085
93 A 0.176 0.032 0.032 0.032 0.018 0.033 0.04 0.073 0.015 0.072 0.076 0.043 0.036 0.025 0.025 0.119 0.054 0.005 0.018 0.076
94 V 0.095 0.04 0.072 0.082 0.032 0.052 0.052 0.048 0.018 0.057 0.06 0.066 0.018 0.021 0.023 0.096 0.051 0.005 0.017 0.096
95 I 0.054 0.036 0.049 0.049 0.013 0.048 0.068 0.033 0.016 0.128 0.103 0.059 0.024 0.067 0.019 0.059 0.042 0.006 0.025 0.104
96 L 0.056 0.073 0.06 0.068 0.014 0.024 0.037 0.034 0.014 0.1 0.144 0.044 0.026 0.031 0.018 0.058 0.044 0.005 0.018 0.133
97 L 0.054 0.051 0.028 0.031 0.014 0.07 0.062 0.031 0.016 0.075 0.177 0.057 0.046 0.032 0.019 0.046 0.077 0.006 0.02 0.089
98 P 0.05 0.025 0.022 0.026 0.01 0.02 0.032 0.031 0.022 0.03 0.044 0.037 0.012 0.046 0.365 0.038 0.032 0.01 0.113 0.034
99 N 0.058 0.042 0.268 0.071 0.011 0.032 0.048 0.063 0.027 0.023 0.033 0.052 0.012 0.018 0.022 0.117 0.056 0.004 0.015 0.03
100 R 0.047 0.213 0.069 0.043 0.008 0.06 0.084 0.037 0.023 0.026 0.046 0.145 0.021 0.017 0.021 0.049 0.037 0.005 0.017 0.032
101 K 0.049 0.122 0.052 0.033 0.011 0.036 0.046 0.035 0.018 0.05 0.128 0.142 0.034 0.039 0.021 0.047 0.06 0.006 0.02 0.051
102 V 0.053 0.019 0.015 0.017 0.016 0.014 0.02 0.022 0.009 0.196 0.164 0.023 0.033 0.077 0.014 0.027 0.04 0.007 0.026 0.207
103 L 0.041 0.019 0.015 0.016 0.014 0.013 0.018 0.021 0.011 0.172 0.218 0.022 0.036 0.157 0.013 0.024 0.032 0.009 0.04 0.111
104 N 0.045 0.054 0.169 0.05 0.009 0.031 0.042 0.094 0.063 0.031 0.063 0.071 0.015 0.038 0.019 0.051 0.037 0.009 0.075 0.033
105 L 0.083 0.021 0.016 0.018 0.016 0.015 0.021 0.028 0.01 0.167 0.209 0.026 0.035 0.078 0.016 0.032 0.037 0.007 0.026 0.138
106 Y 0.039 0.027 0.021 0.018 0.009 0.021 0.027 0.024 0.045 0.042 0.066 0.03 0.018 0.125 0.015 0.03 0.027 0.027 0.347 0.045
107 F 0.054 0.024 0.022 0.021 0.015 0.017 0.025 0.029 0.013 0.092 0.14 0.028 0.044 0.161 0.016 0.051 0.07 0.009 0.041 0.127
108 L 0.054 0.024 0.019 0.019 0.014 0.018 0.024 0.026 0.021 0.105 0.176 0.028 0.03 0.104 0.016 0.034 0.057 0.013 0.125 0.095
109 I 0.052 0.02 0.017 0.018 0.016 0.015 0.02 0.023 0.009 0.216 0.184 0.025 0.035 0.04 0.016 0.032 0.063 0.006 0.02 0.172
110 V 0.118 0.027 0.027 0.027 0.018 0.021 0.031 0.041 0.011 0.109 0.091 0.035 0.024 0.028 0.022 0.067 0.125 0.005 0.018 0.154
111 I 0.056 0.021 0.018 0.019 0.098 0.015 0.021 0.027 0.009 0.179 0.177 0.026 0.032 0.037 0.016 0.05 0.041 0.005 0.018 0.135
112 V 0.056 0.02 0.016 0.017 0.017 0.015 0.02 0.022 0.008 0.207 0.165 0.025 0.034 0.039 0.015 0.03 0.05 0.006 0.02 0.219
113 L 0.098 0.026 0.025 0.025 0.032 0.019 0.029 0.039 0.013 0.079 0.146 0.032 0.027 0.108 0.019 0.087 0.047 0.008 0.032 0.109
114 V 0.11 0.025 0.02 0.022 0.018 0.02 0.027 0.036 0.011 0.14 0.125 0.032 0.061 0.034 0.019 0.046 0.067 0.006 0.02 0.162
115 P 0.054 0.025 0.022 0.03 0.01 0.02 0.035 0.035 0.012 0.025 0.035 0.04 0.01 0.012 0.515 0.042 0.035 0.002 0.012 0.03
116 L 0.049 0.021 0.015 0.017 0.015 0.015 0.02 0.022 0.013 0.17 0.184 0.024 0.033 0.087 0.014 0.027 0.037 0.009 0.059 0.169
117 V 0.109 0.025 0.019 0.02 0.017 0.021 0.027 0.034 0.013 0.126 0.132 0.031 0.078 0.039 0.018 0.042 0.043 0.007 0.031 0.168
118 L 0.053 0.022 0.018 0.018 0.114 0.016 0.021 0.027 0.01 0.127 0.25 0.026 0.035 0.041 0.016 0.05 0.038 0.006 0.019 0.095
119 I 0.067 0.021 0.02 0.02 0.014 0.016 0.022 0.093 0.017 0.156 0.108 0.026 0.025 0.09 0.016 0.033 0.035 0.011 0.09 0.119
120 L 0.117 0.03 0.028 0.027 0.017 0.022 0.032 0.091 0.012 0.081 0.136 0.044 0.025 0.03 0.021 0.074 0.084 0.006 0.018 0.106
121 L 0.047 0.024 0.017 0.018 0.016 0.017 0.021 0.023 0.01 0.141 0.299 0.027 0.057 0.047 0.015 0.031 0.059 0.007 0.021 0.105
122 I 0.053 0.02 0.015 0.017 0.016 0.015 0.02 0.022 0.009 0.233 0.151 0.025 0.05 0.04 0.015 0.028 0.041 0.006 0.02 0.205
123 R 0.047 0.137 0.03 0.031 0.01 0.034 0.067 0.031 0.033 0.044 0.06 0.078 0.017 0.062 0.018 0.042 0.057 0.076 0.062 0.063
124 E 0.05 0.041 0.032 0.046 0.01 0.078 0.131 0.031 0.029 0.059 0.062 0.055 0.018 0.052 0.02 0.047 0.058 0.012 0.117 0.053
125 A 0.247 0.027 0.028 0.03 0.018 0.023 0.034 0.212 0.014 0.034 0.048 0.039 0.014 0.019 0.025 0.072 0.042 0.005 0.015 0.053
126 L 0.042 0.022 0.016 0.017 0.014 0.016 0.021 0.023 0.016 0.134 0.201 0.025 0.066 0.14 0.013 0.027 0.032 0.011 0.069 0.095
127 E 0.056 0.057 0.036 0.049 0.011 0.043 0.131 0.036 0.018 0.063 0.066 0.129 0.029 0.022 0.024 0.057 0.093 0.005 0.017 0.057
128 R 0.08 0.136 0.063 0.042 0.012 0.037 0.088 0.039 0.019 0.055 0.061 0.067 0.018 0.021 0.021 0.055 0.072 0.005 0.017 0.092
129 G 0.063 0.028 0.044 0.133 0.009 0.028 0.09 0.335 0.016 0.019 0.028 0.041 0.01 0.015 0.02 0.05 0.031 0.005 0.011 0.024
130 P 0.081 0.032 0.027 0.047 0.01 0.033 0.123 0.038 0.016 0.025 0.037 0.05 0.011 0.014 0.319 0.049 0.036 0.004 0.014 0.033
131 E 0.07 0.036 0.031 0.055 0.012 0.04 0.177 0.034 0.018 0.087 0.073 0.052 0.02 0.024 0.022 0.065 0.043 0.005 0.017 0.118
132 N 0.044 0.038 0.25 0.062 0.01 0.029 0.041 0.052 0.028 0.035 0.074 0.046 0.016 0.032 0.019 0.061 0.067 0.007 0.049 0.039
133 L 0.041 0.022 0.016 0.016 0.014 0.016 0.02 0.023 0.013 0.125 0.231 0.024 0.068 0.158 0.013 0.026 0.032 0.01 0.041 0.092
134 F 0.035 0.02 0.016 0.016 0.011 0.012 0.019 0.024 0.015 0.069 0.146 0.02 0.044 0.34 0.011 0.025 0.026 0.014 0.072 0.06
135 L 0.045 0.164 0.026 0.023 0.012 0.029 0.033 0.027 0.015 0.069 0.225 0.062 0.032 0.035 0.017 0.038 0.057 0.006 0.019 0.065
136 Y 0.041 0.104 0.026 0.022 0.009 0.029 0.036 0.027 0.038 0.036 0.059 0.075 0.017 0.092 0.017 0.035 0.029 0.02 0.248 0.04
137 L 0.045 0.023 0.015 0.016 0.015 0.017 0.02 0.022 0.011 0.146 0.311 0.026 0.075 0.049 0.014 0.026 0.034 0.007 0.021 0.107
138 R 0.043 0.373 0.037 0.03 0.007 0.046 0.05 0.031 0.022 0.022 0.044 0.115 0.015 0.017 0.019 0.043 0.033 0.006 0.017 0.03
139 I 0.055 0.024 0.02 0.02 0.016 0.019 0.024 0.027 0.012 0.181 0.168 0.03 0.082 0.041 0.016 0.051 0.043 0.006 0.021 0.144
140 L 0.106 0.026 0.021 0.022 0.017 0.021 0.027 0.037 0.013 0.142 0.161 0.033 0.079 0.038 0.019 0.056 0.05 0.006 0.02 0.105
141 N 0.086 0.04 0.236 0.066 0.012 0.031 0.047 0.064 0.025 0.025 0.035 0.051 0.012 0.018 0.023 0.118 0.056 0.005 0.016 0.034
142 T 0.071 0.034 0.042 0.036 0.017 0.027 0.038 0.042 0.013 0.052 0.063 0.044 0.019 0.023 0.027 0.09 0.271 0.006 0.017 0.069
143 G 0.076 0.022 0.038 0.033 0.01 0.018 0.025 0.526 0.013 0.018 0.027 0.033 0.009 0.016 0.018 0.05 0.029 0.005 0.01 0.024
144 L 0.055 0.035 0.026 0.026 0.014 0.066 0.041 0.03 0.018 0.09 0.151 0.042 0.039 0.042 0.019 0.045 0.086 0.008 0.052 0.115
145 D 0.046 0.034 0.054 0.281 0.008 0.037 0.144 0.04 0.019 0.029 0.046 0.05 0.029 0.018 0.022 0.056 0.036 0.004 0.014 0.032
146 E 0.069 0.042 0.039 0.11 0.008 0.052 0.254 0.037 0.022 0.023 0.036 0.064 0.012 0.016 0.074 0.053 0.036 0.005 0.015 0.032
147 D 0.06 0.035 0.132 0.167 0.011 0.03 0.066 0.101 0.021 0.025 0.034 0.047 0.012 0.017 0.023 0.099 0.07 0.004 0.014 0.032
148 I 0.042 0.02 0.015 0.017 0.014 0.014 0.019 0.021 0.015 0.2 0.175 0.023 0.033 0.108 0.014 0.025 0.034 0.01 0.076 0.125
149 D 0.046 0.04 0.053 0.251 0.007 0.064 0.184 0.04 0.022 0.022 0.032 0.059 0.011 0.015 0.023 0.051 0.035 0.004 0.014 0.027
150 K 0.085 0.053 0.033 0.032 0.014 0.033 0.044 0.041 0.016 0.049 0.078 0.121 0.052 0.024 0.073 0.061 0.111 0.005 0.018 0.057
151 P 0.048 0.023 0.02 0.026 0.01 0.017 0.03 0.032 0.013 0.035 0.057 0.033 0.014 0.133 0.364 0.037 0.032 0.007 0.034 0.037
152 D 0.092 0.048 0.048 0.14 0.012 0.04 0.116 0.051 0.019 0.026 0.038 0.096 0.013 0.017 0.026 0.115 0.05 0.005 0.015 0.035
153 L 0.04 0.022 0.014 0.015 0.014 0.014 0.019 0.022 0.012 0.096 0.314 0.022 0.041 0.161 0.013 0.024 0.03 0.01 0.04 0.08
154 L 0.052 0.032 0.02 0.02 0.016 0.028 0.028 0.028 0.016 0.101 0.197 0.036 0.158 0.048 0.016 0.036 0.04 0.008 0.024 0.093
155 G 0.073 0.03 0.038 0.033 0.01 0.021 0.029 0.482 0.014 0.019 0.029 0.06 0.01 0.015 0.019 0.049 0.029 0.005 0.011 0.024
156 L 0.051 0.029 0.018 0.02 0.015 0.019 0.026 0.024 0.01 0.16 0.201 0.054 0.033 0.038 0.066 0.03 0.038 0.006 0.019 0.145
157 L 0.1 0.024 0.016 0.018 0.016 0.017 0.024 0.032 0.011 0.112 0.246 0.028 0.035 0.044 0.016 0.036 0.036 0.057 0.024 0.109
158 G 0.087 0.029 0.094 0.039 0.013 0.023 0.033 0.193 0.02 0.06 0.075 0.038 0.017 0.033 0.02 0.071 0.049 0.007 0.048 0.053
159 Y 0.039 0.027 0.021 0.018 0.009 0.021 0.027 0.024 0.045 0.042 0.066 0.03 0.018 0.125 0.015 0.03 0.027 0.027 0.347 0.045
160 L 0.047 0.023 0.019 0.019 0.015 0.016 0.022 0.025 0.012 0.131 0.181 0.026 0.048 0.14 0.015 0.034 0.066 0.009 0.037 0.114
161 I 0.047 0.019 0.016 0.017 0.015 0.014 0.019 0.023 0.011 0.179 0.144 0.023 0.036 0.152 0.014 0.028 0.044 0.009 0.039 0.152
162 P 0.088 0.033 0.127 0.048 0.012 0.026 0.041 0.102 0.019 0.026 0.037 0.045 0.012 0.017 0.171 0.091 0.055 0.004 0.014 0.035
163 L 0.043 0.022 0.015 0.016 0.014 0.015 0.02 0.023 0.012 0.11 0.239 0.023 0.052 0.17 0.013 0.026 0.032 0.01 0.042 0.105
164 A 0.221 0.028 0.027 0.029 0.068 0.023 0.035 0.061 0.013 0.067 0.067 0.039 0.019 0.023 0.026 0.089 0.072 0.005 0.017 0.073
165 F 0.04 0.028 0.116 0.036 0.011 0.02 0.029 0.035 0.022 0.056 0.143 0.033 0.024 0.145 0.048 0.039 0.034 0.011 0.079 0.051
166 T 0.072 0.031 0.034 0.031 0.018 0.024 0.034 0.037 0.012 0.09 0.087 0.039 0.024 0.028 0.024 0.073 0.182 0.006 0.019 0.138
167 V 0.063 0.022 0.018 0.019 0.018 0.017 0.023 0.025 0.009 0.169 0.127 0.027 0.035 0.035 0.017 0.036 0.069 0.005 0.02 0.248
168 C 0.069 0.027 0.027 0.026 0.163 0.022 0.029 0.037 0.013 0.067 0.098 0.034 0.066 0.029 0.02 0.087 0.078 0.005 0.017 0.087
169 L 0.042 0.023 0.014 0.015 0.015 0.015 0.019 0.021 0.011 0.124 0.335 0.024 0.054 0.087 0.013 0.024 0.032 0.008 0.028 0.096
170 L 0.039 0.019 0.015 0.016 0.013 0.013 0.018 0.022 0.012 0.148 0.213 0.021 0.035 0.194 0.012 0.024 0.031 0.01 0.046 0.099
171 F 0.035 0.02 0.015 0.016 0.012 0.012 0.018 0.023 0.014 0.074 0.187 0.02 0.03 0.317 0.011 0.024 0.026 0.014 0.068 0.063
172 T 0.123 0.03 0.034 0.032 0.017 0.024 0.036 0.064 0.013 0.08 0.072 0.04 0.02 0.025 0.025 0.101 0.144 0.005 0.017 0.095
173 L 0.041 0.028 0.019 0.019 0.012 0.039 0.029 0.024 0.023 0.078 0.199 0.031 0.031 0.142 0.014 0.028 0.03 0.015 0.132 0.067
174 L 0.05 0.024 0.021 0.02 0.013 0.018 0.024 0.075 0.021 0.099 0.178 0.029 0.029 0.065 0.016 0.035 0.057 0.012 0.117 0.097
175 Y 0.039 0.027 0.021 0.018 0.009 0.021 0.027 0.024 0.045 0.042 0.066 0.03 0.018 0.125 0.015 0.03 0.027 0.027 0.347 0.045
176 V 0.055 0.029 0.088 0.039 0.013 0.024 0.059 0.036 0.017 0.099 0.089 0.036 0.022 0.104 0.017 0.061 0.044 0.007 0.031 0.13
177 K 0.057 0.148 0.04 0.04 0.009 0.049 0.071 0.041 0.02 0.026 0.042 0.237 0.015 0.016 0.025 0.07 0.041 0.005 0.017 0.032
178 K 0.057 0.083 0.064 0.04 0.012 0.041 0.064 0.039 0.018 0.108 0.076 0.112 0.021 0.024 0.021 0.078 0.045 0.005 0.017 0.073
179 S 0.11 0.04 0.054 0.049 0.017 0.033 0.052 0.066 0.019 0.03 0.042 0.054 0.016 0.021 0.03 0.222 0.082 0.005 0.017 0.042
180 K 0.055 0.114 0.04 0.039 0.009 0.048 0.064 0.041 0.019 0.029 0.044 0.27 0.015 0.016 0.026 0.054 0.062 0.005 0.017 0.035
181 W 0.036 0.023 0.018 0.017 0.01 0.016 0.023 0.028 0.017 0.044 0.094 0.025 0.02 0.096 0.011 0.03 0.049 0.314 0.086 0.043
182 L 0.075 0.047 0.023 0.024 0.013 0.027 0.036 0.033 0.014 0.106 0.166 0.111 0.04 0.071 0.019 0.039 0.037 0.007 0.026 0.087
183 L 0.047 0.081 0.028 0.026 0.011 0.031 0.039 0.03 0.024 0.059 0.127 0.113 0.023 0.057 0.019 0.041 0.057 0.012 0.117 0.056
184 I 0.049 0.023 0.022 0.021 0.012 0.017 0.023 0.092 0.021 0.131 0.096 0.028 0.023 0.087 0.016 0.036 0.056 0.03 0.122 0.094
185 I 0.049 0.021 0.017 0.018 0.015 0.015 0.021 0.024 0.01 0.2 0.166 0.025 0.032 0.042 0.015 0.031 0.061 0.057 0.024 0.157
186 V 0.109 0.022 0.017 0.019 0.018 0.017 0.024 0.032 0.009 0.173 0.15 0.028 0.031 0.036 0.018 0.038 0.043 0.006 0.019 0.193
187 L 0.052 0.021 0.015 0.016 0.017 0.015 0.02 0.021 0.009 0.185 0.228 0.024 0.037 0.043 0.015 0.026 0.039 0.006 0.02 0.192
188 L 0.054 0.02 0.016 0.017 0.014 0.014 0.02 0.041 0.011 0.135 0.205 0.023 0.033 0.154 0.014 0.028 0.033 0.009 0.039 0.12
189 L 0.048 0.022 0.015 0.016 0.065 0.016 0.02 0.022 0.01 0.145 0.271 0.025 0.055 0.045 0.014 0.027 0.036 0.006 0.02 0.124
190 N 0.125 0.039 0.25 0.064 0.012 0.03 0.045 0.066 0.025 0.027 0.038 0.049 0.013 0.018 0.022 0.071 0.047 0.005 0.016 0.038
191 L 0.048 0.02 0.015 0.016 0.015 0.014 0.02 0.023 0.011 0.143 0.182 0.022 0.033 0.153 0.013 0.026 0.036 0.009 0.04 0.163
192 L 0.074 0.025 0.016 0.017 0.016 0.019 0.023 0.027 0.011 0.105 0.297 0.028 0.073 0.046 0.016 0.032 0.036 0.007 0.021 0.11
193 L 0.093 0.027 0.024 0.024 0.016 0.02 0.029 0.037 0.012 0.086 0.244 0.033 0.034 0.051 0.019 0.076 0.066 0.006 0.022 0.079
194 G 0.206 0.026 0.031 0.03 0.016 0.022 0.032 0.288 0.014 0.03 0.043 0.038 0.013 0.018 0.024 0.066 0.039 0.005 0.014 0.046
195 L 0.045 0.023 0.017 0.018 0.015 0.016 0.021 0.024 0.011 0.116 0.26 0.025 0.043 0.119 0.014 0.031 0.057 0.008 0.033 0.103
196 I 0.056 0.02 0.018 0.019 0.017 0.015 0.021 0.023 0.009 0.219 0.136 0.026 0.032 0.037 0.016 0.033 0.066 0.005 0.019 0.211
197 T 0.077 0.035 0.044 0.038 0.017 0.027 0.04 0.046 0.014 0.046 0.058 0.045 0.018 0.022 0.027 0.122 0.239 0.006 0.017 0.062
198 L 0.048 0.028 0.018 0.018 0.015 0.023 0.025 0.025 0.014 0.1 0.253 0.031 0.152 0.048 0.015 0.031 0.037 0.007 0.023 0.09
199 A 0.227 0.033 0.036 0.036 0.019 0.028 0.044 0.07 0.016 0.036 0.05 0.047 0.016 0.02 0.028 0.156 0.061 0.005 0.017 0.055
200 K 0.051 0.184 0.039 0.037 0.008 0.05 0.062 0.038 0.021 0.025 0.042 0.251 0.015 0.015 0.024 0.049 0.037 0.005 0.017 0.031
201 T 0.066 0.032 0.038 0.033 0.017 0.025 0.035 0.039 0.013 0.065 0.1 0.041 0.022 0.026 0.025 0.08 0.246 0.006 0.018 0.074
202 S 0.114 0.034 0.072 0.042 0.016 0.028 0.042 0.104 0.017 0.039 0.049 0.045 0.016 0.021 0.026 0.14 0.119 0.005 0.016 0.057
203 F 0.037 0.02 0.015 0.016 0.012 0.012 0.019 0.023 0.014 0.079 0.198 0.02 0.031 0.292 0.011 0.024 0.027 0.013 0.064 0.073
204 L 0.047 0.021 0.015 0.016 0.015 0.014 0.02 0.023 0.011 0.11 0.231 0.023 0.035 0.155 0.013 0.026 0.034 0.009 0.04 0.143
205 V 0.073 0.024 0.025 0.025 0.066 0.019 0.028 0.067 0.011 0.126 0.097 0.031 0.024 0.029 0.019 0.084 0.051 0.005 0.018 0.179
206 L 0.075 0.022 0.016 0.018 0.016 0.017 0.022 0.027 0.011 0.145 0.213 0.026 0.051 0.079 0.015 0.032 0.038 0.007 0.027 0.142
207 L 0.064 0.028 0.027 0.026 0.016 0.021 0.03 0.035 0.014 0.102 0.177 0.034 0.057 0.075 0.018 0.095 0.048 0.007 0.026 0.1
208 L 0.043 0.02 0.015 0.016 0.014 0.013 0.019 0.022 0.011 0.153 0.213 0.022 0.035 0.156 0.013 0.025 0.033 0.009 0.04 0.129
209 S 0.114 0.033 0.042 0.04 0.016 0.027 0.043 0.105 0.016 0.035 0.045 0.046 0.015 0.02 0.075 0.171 0.085 0.005 0.016 0.051
210 I 0.092 0.027 0.027 0.027 0.017 0.022 0.031 0.039 0.013 0.145 0.139 0.035 0.044 0.034 0.02 0.1 0.051 0.006 0.019 0.113
211 L 0.043 0.021 0.015 0.016 0.014 0.014 0.02 0.022 0.012 0.118 0.248 0.023 0.048 0.157 0.013 0.025 0.032 0.009 0.04 0.109
212 Y 0.044 0.024 0.019 0.017 0.012 0.018 0.024 0.023 0.031 0.093 0.091 0.027 0.023 0.127 0.015 0.029 0.032 0.019 0.223 0.109
213 I 0.051 0.019 0.014 0.017 0.016 0.014 0.019 0.021 0.008 0.232 0.191 0.023 0.036 0.042 0.014 0.026 0.04 0.006 0.02 0.191
214 L 0.048 0.026 0.017 0.018 0.113 0.038 0.026 0.024 0.011 0.088 0.299 0.03 0.038 0.042 0.015 0.029 0.033 0.006 0.019 0.079
215 Y 0.041 0.025 0.02 0.018 0.01 0.019 0.025 0.024 0.036 0.056 0.079 0.027 0.02 0.164 0.014 0.029 0.028 0.023 0.271 0.072
216 L 0.108 0.063 0.025 0.025 0.015 0.037 0.035 0.04 0.016 0.071 0.112 0.043 0.024 0.108 0.019 0.064 0.042 0.008 0.043 0.104
217 K 0.052 0.121 0.05 0.041 0.025 0.114 0.073 0.04 0.035 0.026 0.043 0.182 0.016 0.016 0.023 0.051 0.038 0.005 0.019 0.032
218 G 0.055 0.1 0.1 0.049 0.009 0.039 0.076 0.174 0.021 0.022 0.035 0.134 0.012 0.016 0.022 0.053 0.036 0.005 0.015 0.028
219 K 0.077 0.096 0.027 0.027 0.012 0.032 0.042 0.035 0.017 0.096 0.109 0.133 0.023 0.033 0.02 0.042 0.038 0.007 0.04 0.091
220 I 0.046 0.018 0.014 0.016 0.016 0.013 0.018 0.02 0.009 0.254 0.207 0.023 0.037 0.044 0.014 0.024 0.037 0.006 0.02 0.162
221 K 0.054 0.132 0.04 0.038 0.009 0.048 0.062 0.04 0.019 0.028 0.044 0.257 0.015 0.016 0.025 0.054 0.061 0.005 0.017 0.035
222 L 0.05 0.099 0.022 0.021 0.014 0.024 0.03 0.025 0.012 0.153 0.157 0.071 0.03 0.034 0.017 0.032 0.038 0.006 0.019 0.145
223 R 0.051 0.242 0.039 0.034 0.008 0.047 0.056 0.053 0.021 0.024 0.043 0.188 0.015 0.016 0.022 0.053 0.037 0.005 0.016 0.03
224 H 0.049 0.039 0.045 0.034 0.01 0.032 0.045 0.037 0.238 0.033 0.047 0.042 0.016 0.037 0.02 0.054 0.102 0.009 0.073 0.038
225 L 0.042 0.022 0.017 0.017 0.013 0.016 0.021 0.022 0.021 0.154 0.169 0.025 0.042 0.106 0.014 0.026 0.032 0.013 0.125 0.102
226 G 0.088 0.023 0.024 0.023 0.014 0.017 0.025 0.15 0.012 0.097 0.112 0.029 0.023 0.083 0.017 0.044 0.057 0.058 0.03 0.074
227 I 0.047 0.022 0.019 0.019 0.063 0.017 0.022 0.025 0.02 0.153 0.129 0.027 0.033 0.064 0.016 0.034 0.058 0.012 0.117 0.102
228 G 0.054 0.02 0.024 0.023 0.011 0.015 0.021 0.227 0.013 0.074 0.077 0.025 0.019 0.144 0.014 0.035 0.029 0.059 0.04 0.075
229 L 0.048 0.023 0.018 0.018 0.015 0.017 0.021 0.073 0.011 0.155 0.252 0.027 0.059 0.044 0.015 0.03 0.043 0.006 0.02 0.107
230 L 0.051 0.022 0.019 0.019 0.015 0.016 0.021 0.074 0.011 0.14 0.217 0.026 0.034 0.078 0.015 0.033 0.059 0.007 0.026 0.118
231 I 0.068 0.02 0.016 0.018 0.016 0.014 0.021 0.026 0.01 0.182 0.14 0.024 0.031 0.113 0.015 0.03 0.039 0.008 0.033 0.18
232 F 0.032 0.018 0.016 0.016 0.01 0.01 0.018 0.024 0.016 0.061 0.109 0.018 0.024 0.413 0.01 0.024 0.024 0.016 0.085 0.053
233 L 0.052 0.02 0.015 0.016 0.016 0.014 0.02 0.022 0.009 0.169 0.206 0.024 0.035 0.079 0.014 0.027 0.039 0.007 0.027 0.189
234 G 0.117 0.025 0.028 0.027 0.015 0.02 0.028 0.223 0.012 0.075 0.126 0.033 0.022 0.028 0.02 0.068 0.04 0.006 0.016 0.071
235 F 0.034 0.019 0.016 0.016 0.011 0.011 0.018 0.024 0.015 0.071 0.168 0.019 0.029 0.341 0.011 0.024 0.026 0.014 0.072 0.061
236 S 0.087 0.034 0.041 0.038 0.016 0.028 0.041 0.051 0.016 0.071 0.103 0.044 0.038 0.028 0.024 0.186 0.066 0.005 0.018 0.063
237 L 0.048 0.021 0.015 0.016 0.015 0.014 0.02 0.022 0.01 0.151 0.214 0.023 0.041 0.117 0.014 0.026 0.036 0.008 0.033 0.155
238 L 0.045 0.023 0.017 0.017 0.014 0.016 0.022 0.026 0.011 0.088 0.217 0.026 0.032 0.048 0.013 0.031 0.056 0.159 0.034 0.105
239 L 0.048 0.02 0.015 0.016 0.015 0.014 0.02 0.023 0.011 0.13 0.198 0.022 0.034 0.154 0.013 0.026 0.035 0.009 0.04 0.157
240 Q 0.058 0.059 0.042 0.042 0.011 0.182 0.08 0.04 0.024 0.033 0.05 0.074 0.019 0.017 0.024 0.064 0.111 0.006 0.019 0.044
241 S 0.092 0.032 0.052 0.033 0.014 0.026 0.036 0.045 0.023 0.052 0.102 0.04 0.054 0.061 0.021 0.112 0.05 0.01 0.087 0.056
242 L 0.085 0.024 0.016 0.018 0.017 0.018 0.023 0.029 0.01 0.127 0.264 0.028 0.054 0.043 0.016 0.034 0.038 0.006 0.02 0.131
243 R 0.043 0.373 0.037 0.03 0.007 0.046 0.05 0.031 0.022 0.022 0.044 0.115 0.015 0.017 0.019 0.043 0.033 0.006 0.017 0.03
244 S 0.152 0.034 0.04 0.037 0.017 0.028 0.042 0.109 0.029 0.037 0.058 0.045 0.033 0.023 0.026 0.158 0.06 0.005 0.018 0.05
245 L 0.083 0.025 0.024 0.036 0.015 0.019 0.028 0.084 0.013 0.1 0.134 0.031 0.048 0.096 0.017 0.059 0.041 0.007 0.029 0.11
246 G 0.09 0.038 0.072 0.051 0.011 0.035 0.099 0.13 0.092 0.027 0.049 0.049 0.014 0.021 0.023 0.093 0.043 0.006 0.023 0.035
247 E 0.066 0.04 0.075 0.113 0.01 0.041 0.155 0.047 0.021 0.024 0.035 0.057 0.012 0.017 0.074 0.113 0.049 0.005 0.015 0.032
248 E 0.05 0.048 0.073 0.106 0.009 0.103 0.14 0.039 0.026 0.028 0.042 0.064 0.015 0.027 0.022 0.055 0.061 0.007 0.05 0.035
249 D 0.086 0.048 0.047 0.157 0.01 0.103 0.138 0.046 0.023 0.026 0.04 0.066 0.015 0.016 0.024 0.058 0.039 0.005 0.016 0.035
250 D 0.064 0.041 0.048 0.165 0.009 0.065 0.161 0.121 0.021 0.023 0.034 0.059 0.012 0.016 0.023 0.054 0.036 0.005 0.014 0.03
251 G 0.073 0.052 0.064 0.048 0.012 0.037 0.08 0.126 0.019 0.042 0.049 0.108 0.016 0.019 0.024 0.097 0.049 0.005 0.016 0.064
252 V 0.07 0.022 0.017 0.018 0.019 0.017 0.023 0.025 0.008 0.165 0.131 0.026 0.032 0.036 0.017 0.033 0.05 0.006 0.021 0.266
253 A 0.288 0.031 0.026 0.03 0.022 0.026 0.041 0.079 0.015 0.043 0.06 0.045 0.018 0.022 0.03 0.085 0.05 0.005 0.018 0.069
254 F 0.052 0.023 0.02 0.02 0.014 0.016 0.024 0.028 0.013 0.108 0.136 0.026 0.044 0.187 0.015 0.052 0.046 0.01 0.046 0.119
255 S 0.075 0.039 0.081 0.133 0.012 0.037 0.113 0.054 0.021 0.025 0.035 0.054 0.013 0.018 0.025 0.154 0.058 0.005 0.015 0.033
256 A 0.133 0.026 0.026 0.026 0.017 0.021 0.03 0.076 0.012 0.114 0.118 0.035 0.025 0.03 0.021 0.073 0.077 0.005 0.018 0.115
257 F 0.113 0.027 0.036 0.027 0.015 0.02 0.03 0.042 0.014 0.059 0.119 0.033 0.024 0.143 0.02 0.058 0.108 0.009 0.038 0.065
258 D 0.048 0.036 0.146 0.249 0.009 0.033 0.096 0.051 0.022 0.022 0.03 0.049 0.01 0.016 0.022 0.076 0.042 0.004 0.013 0.026
259 F 0.049 0.027 0.025 0.023 0.014 0.02 0.027 0.03 0.015 0.068 0.119 0.031 0.074 0.186 0.017 0.047 0.105 0.01 0.046 0.068
260 L 0.04 0.02 0.014 0.016 0.014 0.013 0.019 0.021 0.011 0.134 0.266 0.022 0.038 0.159 0.013 0.024 0.031 0.009 0.04 0.096
261 S 0.136 0.034 0.041 0.04 0.017 0.029 0.052 0.057 0.016 0.061 0.058 0.047 0.018 0.023 0.027 0.167 0.094 0.005 0.017 0.062
262 L 0.05 0.023 0.019 0.019 0.015 0.017 0.022 0.074 0.01 0.137 0.254 0.027 0.053 0.043 0.015 0.032 0.051 0.006 0.02 0.113
263 Y 0.039 0.027 0.021 0.018 0.009 0.021 0.027 0.024 0.045 0.042 0.066 0.03 0.018 0.125 0.015 0.03 0.027 0.027 0.347 0.045
264 L 0.049 0.024 0.019 0.019 0.016 0.017 0.023 0.024 0.01 0.137 0.286 0.028 0.039 0.044 0.016 0.036 0.083 0.006 0.02 0.103
265 L 0.055 0.027 0.023 0.022 0.015 0.02 0.027 0.031 0.014 0.081 0.221 0.031 0.071 0.117 0.016 0.072 0.041 0.009 0.034 0.073
266 S 0.12 0.035 0.047 0.042 0.017 0.029 0.045 0.109 0.017 0.031 0.043 0.048 0.015 0.02 0.027 0.199 0.09 0.005 0.016 0.044
267 P 0.076 0.028 0.036 0.036 0.012 0.023 0.036 0.192 0.014 0.024 0.034 0.041 0.011 0.016 0.22 0.108 0.046 0.004 0.013 0.031
268 C 0.053 0.024 0.017 0.018 0.163 0.02 0.022 0.027 0.012 0.108 0.147 0.028 0.121 0.038 0.015 0.034 0.037 0.006 0.019 0.089
269 P 0.063 0.023 0.021 0.024 0.014 0.018 0.027 0.079 0.01 0.09 0.079 0.032 0.02 0.024 0.216 0.037 0.04 0.004 0.016 0.164
270 A 0.321 0.03 0.024 0.028 0.021 0.024 0.039 0.075 0.014 0.041 0.057 0.043 0.017 0.021 0.028 0.081 0.048 0.005 0.017 0.066
271 F 0.033 0.019 0.017 0.016 0.01 0.011 0.019 0.024 0.019 0.059 0.105 0.019 0.024 0.384 0.011 0.025 0.025 0.017 0.111 0.052
272 D 0.041 0.031 0.063 0.39 0.007 0.032 0.111 0.043 0.019 0.021 0.028 0.046 0.009 0.014 0.022 0.05 0.034 0.004 0.011 0.024
273 Y 0.047 0.032 0.03 0.03 0.01 0.028 0.061 0.03 0.07 0.04 0.059 0.038 0.017 0.084 0.019 0.045 0.078 0.018 0.219 0.046
274 Y 0.039 0.025 0.021 0.019 0.011 0.018 0.025 0.024 0.062 0.083 0.148 0.027 0.026 0.15 0.014 0.028 0.028 0.017 0.168 0.066
275 A 0.217 0.03 0.057 0.032 0.019 0.024 0.036 0.06 0.014 0.064 0.068 0.04 0.019 0.023 0.025 0.071 0.071 0.005 0.017 0.109
276 L 0.057 0.032 0.024 0.037 0.012 0.037 0.107 0.028 0.025 0.086 0.119 0.041 0.024 0.059 0.018 0.037 0.035 0.012 0.117 0.094
277 P 0.085 0.025 0.021 0.025 0.012 0.019 0.031 0.036 0.016 0.041 0.085 0.035 0.017 0.069 0.3 0.042 0.034 0.007 0.055 0.045
278 G 0.086 0.024 0.027 0.039 0.112 0.018 0.029 0.121 0.013 0.045 0.091 0.032 0.018 0.074 0.068 0.061 0.061 0.006 0.024 0.051
279 S 0.101 0.037 0.05 0.045 0.016 0.03 0.047 0.107 0.018 0.029 0.04 0.05 0.015 0.02 0.028 0.221 0.084 0.005 0.016 0.04
280 A 0.183 0.035 0.039 0.042 0.017 0.031 0.072 0.063 0.017 0.035 0.049 0.049 0.016 0.02 0.028 0.148 0.082 0.005 0.017 0.052
281 V 0.089 0.031 0.032 0.035 0.014 0.034 0.064 0.088 0.038 0.085 0.071 0.042 0.02 0.025 0.055 0.068 0.089 0.005 0.019 0.095
282 H 0.046 0.053 0.068 0.039 0.009 0.103 0.06 0.037 0.107 0.052 0.079 0.08 0.02 0.062 0.019 0.045 0.035 0.007 0.034 0.045
283 F 0.042 0.02 0.017 0.019 0.012 0.013 0.022 0.026 0.013 0.105 0.102 0.024 0.024 0.199 0.095 0.028 0.031 0.06 0.051 0.099
284 G 0.075 0.022 0.037 0.032 0.01 0.018 0.024 0.531 0.013 0.018 0.027 0.032 0.009 0.016 0.018 0.049 0.028 0.005 0.01 0.023
285 E 0.068 0.043 0.04 0.066 0.011 0.048 0.204 0.042 0.022 0.033 0.057 0.061 0.038 0.021 0.025 0.111 0.049 0.005 0.017 0.041
286 H 0.04 0.038 0.13 0.043 0.008 0.03 0.042 0.04 0.164 0.028 0.044 0.041 0.015 0.058 0.017 0.045 0.032 0.013 0.14 0.031
287 T 0.069 0.029 0.031 0.028 0.018 0.022 0.032 0.034 0.011 0.094 0.087 0.036 0.023 0.027 0.022 0.066 0.186 0.005 0.018 0.161
288 F 0.032 0.018 0.016 0.016 0.01 0.01 0.018 0.024 0.016 0.061 0.109 0.018 0.024 0.413 0.01 0.024 0.024 0.016 0.085 0.053
289 R 0.043 0.373 0.037 0.03 0.007 0.046 0.05 0.031 0.022 0.022 0.044 0.115 0.015 0.017 0.019 0.043 0.033 0.006 0.017 0.03
290 F 0.036 0.019 0.015 0.016 0.012 0.011 0.018 0.023 0.014 0.095 0.173 0.02 0.03 0.304 0.011 0.024 0.027 0.013 0.066 0.072
291 F 0.038 0.021 0.016 0.017 0.012 0.014 0.02 0.023 0.02 0.119 0.15 0.023 0.028 0.211 0.013 0.025 0.029 0.015 0.122 0.083
292 Y 0.039 0.027 0.021 0.018 0.009 0.021 0.027 0.024 0.045 0.042 0.066 0.03 0.018 0.125 0.015 0.03 0.027 0.027 0.347 0.045
293 A 0.321 0.03 0.024 0.028 0.021 0.024 0.039 0.075 0.014 0.041 0.057 0.043 0.017 0.021 0.028 0.081 0.048 0.005 0.017 0.066
294 I 0.047 0.018 0.014 0.017 0.015 0.013 0.018 0.021 0.009 0.246 0.167 0.023 0.034 0.079 0.014 0.025 0.038 0.007 0.026 0.17
295 G 0.123 0.027 0.028 0.027 0.015 0.022 0.03 0.175 0.014 0.054 0.113 0.035 0.054 0.067 0.02 0.069 0.04 0.007 0.024 0.058
296 H 0.04 0.039 0.106 0.08 0.008 0.032 0.049 0.04 0.208 0.026 0.04 0.042 0.014 0.044 0.018 0.044 0.031 0.01 0.101 0.027
297 A 0.24 0.029 0.027 0.029 0.019 0.024 0.038 0.064 0.014 0.054 0.062 0.041 0.018 0.022 0.059 0.095 0.051 0.005 0.017 0.091
298 L 0.041 0.022 0.014 0.015 0.015 0.014 0.019 0.021 0.011 0.121 0.329 0.023 0.042 0.111 0.013 0.023 0.031 0.008 0.032 0.093
299 G 0.075 0.022 0.037 0.032 0.01 0.018 0.024 0.531 0.013 0.018 0.027 0.032 0.009 0.016 0.018 0.049 0.028 0.005 0.01 0.023
300 G 0.102 0.03 0.035 0.033 0.015 0.024 0.035 0.146 0.018 0.045 0.114 0.039 0.021 0.036 0.022 0.127 0.051 0.008 0.049 0.05
301 D 0.052 0.033 0.115 0.239 0.027 0.029 0.065 0.049 0.019 0.028 0.036 0.045 0.012 0.017 0.022 0.08 0.082 0.004 0.013 0.034
302 I 0.051 0.027 0.029 0.054 0.013 0.023 0.051 0.029 0.031 0.144 0.097 0.035 0.024 0.05 0.019 0.05 0.084 0.01 0.085 0.096
303 A 0.143 0.053 0.034 0.048 0.012 0.062 0.127 0.05 0.019 0.031 0.045 0.108 0.015 0.017 0.059 0.063 0.048 0.005 0.016 0.044
304 P 0.056 0.024 0.02 0.026 0.012 0.019 0.031 0.031 0.011 0.06 0.089 0.035 0.018 0.021 0.365 0.038 0.037 0.003 0.015 0.09
305 V 0.109 0.034 0.031 0.035 0.016 0.049 0.068 0.042 0.015 0.092 0.079 0.045 0.022 0.025 0.023 0.077 0.094 0.005 0.018 0.122
306 K 0.06 0.061 0.046 0.1 0.009 0.064 0.111 0.06 0.057 0.024 0.038 0.133 0.014 0.017 0.024 0.084 0.042 0.005 0.02 0.031
307 T 0.086 0.036 0.13 0.048 0.015 0.028 0.04 0.051 0.018 0.045 0.054 0.045 0.017 0.021 0.024 0.079 0.179 0.005 0.016 0.063
308 I 0.047 0.017 0.014 0.017 0.016 0.013 0.017 0.02 0.008 0.288 0.157 0.023 0.035 0.041 0.014 0.025 0.039 0.006 0.02 0.182
309 L 0.043 0.027 0.017 0.018 0.014 0.038 0.027 0.023 0.012 0.097 0.337 0.03 0.042 0.085 0.014 0.026 0.032 0.008 0.028 0.082
310 E 0.057 0.051 0.036 0.056 0.01 0.044 0.159 0.037 0.019 0.029 0.042 0.107 0.014 0.016 0.124 0.058 0.084 0.005 0.016 0.038
311 F 0.034 0.021 0.018 0.017 0.01 0.013 0.021 0.024 0.025 0.055 0.096 0.022 0.022 0.327 0.012 0.026 0.025 0.019 0.164 0.05
312 V 0.093 0.023 0.019 0.02 0.018 0.018 0.025 0.031 0.009 0.135 0.112 0.029 0.028 0.032 0.018 0.042 0.07 0.005 0.019 0.254
313 G 0.066 0.029 0.045 0.037 0.011 0.026 0.06 0.236 0.025 0.027 0.042 0.039 0.013 0.049 0.02 0.078 0.038 0.012 0.113 0.033
314 V 0.062 0.023 0.021 0.021 0.017 0.017 0.024 0.026 0.009 0.17 0.121 0.028 0.029 0.034 0.018 0.041 0.091 0.005 0.019 0.223
315 P 0.054 0.025 0.022 0.03 0.01 0.02 0.035 0.035 0.012 0.025 0.035 0.04 0.01 0.012 0.515 0.042 0.035 0.002 0.012 0.03
316 V 0.08 0.031 0.043 0.109 0.013 0.033 0.126 0.036 0.016 0.092 0.075 0.045 0.02 0.024 0.021 0.046 0.041 0.005 0.017 0.127
317 L 0.06 0.031 0.047 0.04 0.012 0.029 0.089 0.034 0.019 0.065 0.124 0.042 0.022 0.036 0.119 0.047 0.068 0.007 0.05 0.059
318 T 0.07 0.034 0.042 0.036 0.017 0.026 0.038 0.042 0.013 0.051 0.062 0.043 0.019 0.023 0.026 0.089 0.279 0.006 0.017 0.068
319 N 0.041 0.043 0.346 0.08 0.009 0.032 0.047 0.062 0.03 0.022 0.03 0.052 0.011 0.017 0.019 0.067 0.047 0.004 0.015 0.026
320 T 0.069 0.03 0.034 0.03 0.017 0.023 0.033 0.036 0.012 0.083 0.081 0.038 0.022 0.026 0.023 0.072 0.209 0.006 0.018 0.138
