#Seq2Logo.py -f /work3/idamei/ssn-clusterings/2206011120/clusters/0025_97/sequences.afa -m 0.0001 -b 50 -o /work3/idamei/ssn-clusterings/2206011120/clusters/0025_97/sequences.logo -p 640x1000 -l 30
#Position Specific Frequency Matrix
A R N D C Q E G H I L K M F P S T W Y V
0 M 0.041 0.025 0.016 0.016 0.013 0.022 0.022 0.022 0.013 0.079 0.154 0.028 0.342 0.038 0.013 0.028 0.032 0.006 0.019 0.072
1 L 0.041 0.02 0.015 0.016 0.013 0.014 0.019 0.022 0.012 0.137 0.193 0.022 0.074 0.175 0.012 0.025 0.031 0.009 0.039 0.113
2 N 0.042 0.044 0.324 0.082 0.009 0.033 0.049 0.065 0.031 0.022 0.031 0.053 0.011 0.018 0.02 0.069 0.049 0.004 0.016 0.027
3 L 0.035 0.018 0.011 0.012 0.013 0.012 0.016 0.017 0.008 0.135 0.461 0.02 0.038 0.042 0.011 0.019 0.027 0.005 0.017 0.084
4 Y 0.038 0.023 0.018 0.017 0.009 0.04 0.025 0.021 0.026 0.09 0.069 0.026 0.018 0.104 0.013 0.037 0.027 0.015 0.286 0.099
5 L 0.037 0.017 0.012 0.012 0.051 0.012 0.015 0.018 0.008 0.142 0.372 0.019 0.034 0.071 0.011 0.02 0.027 0.006 0.02 0.097
6 L 0.039 0.017 0.013 0.015 0.012 0.012 0.017 0.019 0.008 0.228 0.289 0.02 0.032 0.069 0.012 0.044 0.03 0.006 0.02 0.097
7 F 0.067 0.017 0.014 0.015 0.089 0.012 0.017 0.023 0.009 0.143 0.123 0.02 0.044 0.158 0.012 0.036 0.03 0.007 0.029 0.134
8 L 0.079 0.018 0.014 0.015 0.013 0.013 0.018 0.061 0.01 0.171 0.222 0.022 0.027 0.044 0.013 0.027 0.031 0.006 0.046 0.152
9 I 0.048 0.019 0.018 0.018 0.013 0.015 0.02 0.024 0.009 0.235 0.173 0.024 0.047 0.032 0.014 0.086 0.049 0.005 0.016 0.135
10 T 0.081 0.024 0.026 0.024 0.052 0.018 0.026 0.033 0.01 0.079 0.147 0.03 0.021 0.024 0.018 0.104 0.178 0.005 0.015 0.085
11 L 0.064 0.02 0.014 0.015 0.013 0.014 0.019 0.022 0.009 0.092 0.378 0.022 0.033 0.082 0.013 0.038 0.053 0.006 0.022 0.071
12 L 0.063 0.018 0.012 0.013 0.012 0.012 0.017 0.02 0.009 0.136 0.292 0.02 0.03 0.133 0.012 0.023 0.028 0.007 0.027 0.116
13 F 0.032 0.016 0.015 0.015 0.01 0.01 0.017 0.021 0.012 0.092 0.129 0.018 0.022 0.391 0.01 0.044 0.025 0.011 0.055 0.055
14 L 0.092 0.019 0.015 0.016 0.013 0.014 0.019 0.025 0.009 0.123 0.236 0.023 0.048 0.097 0.013 0.031 0.055 0.006 0.023 0.121
15 I 0.053 0.017 0.013 0.014 0.013 0.013 0.017 0.019 0.008 0.227 0.169 0.02 0.069 0.081 0.012 0.023 0.031 0.006 0.021 0.174
16 L 0.033 0.016 0.012 0.013 0.011 0.011 0.015 0.017 0.009 0.156 0.275 0.018 0.029 0.199 0.01 0.019 0.025 0.008 0.034 0.089
17 N 0.035 0.034 0.444 0.062 0.007 0.025 0.037 0.087 0.023 0.017 0.024 0.041 0.009 0.014 0.016 0.053 0.037 0.004 0.012 0.021
18 F 0.03 0.018 0.014 0.013 0.009 0.012 0.017 0.019 0.018 0.056 0.205 0.019 0.024 0.259 0.01 0.021 0.022 0.013 0.171 0.05
19 K 0.092 0.055 0.079 0.027 0.01 0.024 0.033 0.032 0.014 0.072 0.132 0.149 0.019 0.057 0.016 0.037 0.031 0.005 0.033 0.082
20 I 0.036 0.015 0.012 0.013 0.012 0.011 0.015 0.017 0.008 0.276 0.165 0.018 0.027 0.099 0.011 0.02 0.029 0.045 0.025 0.148
21 T 0.076 0.026 0.032 0.029 0.014 0.021 0.031 0.037 0.012 0.047 0.053 0.034 0.016 0.052 0.02 0.167 0.217 0.005 0.017 0.096
22 K 0.039 0.077 0.128 0.151 0.007 0.054 0.052 0.075 0.049 0.019 0.028 0.168 0.01 0.013 0.018 0.043 0.03 0.004 0.014 0.022
23 G 0.061 0.064 0.097 0.03 0.009 0.035 0.032 0.185 0.016 0.032 0.057 0.101 0.055 0.049 0.015 0.039 0.029 0.006 0.045 0.041
24 D 0.032 0.024 0.052 0.505 0.006 0.025 0.095 0.035 0.015 0.017 0.022 0.036 0.007 0.012 0.017 0.04 0.027 0.003 0.009 0.019
25 Y 0.03 0.019 0.014 0.013 0.008 0.013 0.018 0.02 0.022 0.067 0.121 0.02 0.019 0.147 0.01 0.021 0.022 0.131 0.238 0.046
26 L 0.034 0.019 0.013 0.013 0.011 0.014 0.017 0.019 0.01 0.097 0.284 0.021 0.122 0.162 0.011 0.021 0.026 0.007 0.03 0.069
27 H 0.063 0.032 0.176 0.104 0.008 0.026 0.042 0.04 0.201 0.02 0.029 0.037 0.011 0.018 0.017 0.067 0.056 0.004 0.024 0.024
28 P 0.044 0.02 0.018 0.024 0.008 0.016 0.028 0.028 0.01 0.02 0.028 0.032 0.008 0.01 0.61 0.034 0.028 0.002 0.01 0.024
29 A 0.223 0.025 0.028 0.028 0.014 0.021 0.032 0.086 0.012 0.029 0.041 0.035 0.013 0.048 0.058 0.176 0.068 0.005 0.016 0.041
30 V 0.048 0.018 0.043 0.018 0.05 0.014 0.02 0.023 0.009 0.129 0.089 0.022 0.031 0.056 0.05 0.03 0.058 0.005 0.018 0.269
31 I 0.041 0.016 0.012 0.013 0.013 0.011 0.015 0.017 0.007 0.264 0.219 0.019 0.03 0.034 0.012 0.021 0.031 0.005 0.016 0.205
32 F 0.027 0.016 0.013 0.013 0.008 0.01 0.016 0.019 0.016 0.049 0.11 0.016 0.02 0.445 0.009 0.02 0.02 0.014 0.116 0.043
33 C 0.056 0.023 0.081 0.029 0.159 0.018 0.027 0.036 0.014 0.064 0.046 0.03 0.013 0.022 0.091 0.149 0.05 0.005 0.041 0.048
34 L 0.142 0.021 0.017 0.023 0.012 0.018 0.075 0.067 0.011 0.064 0.176 0.027 0.021 0.132 0.015 0.035 0.029 0.006 0.026 0.081
35 I 0.069 0.02 0.017 0.017 0.013 0.016 0.021 0.024 0.009 0.186 0.134 0.025 0.106 0.03 0.036 0.042 0.081 0.005 0.016 0.131
36 F 0.027 0.015 0.013 0.013 0.008 0.008 0.015 0.019 0.013 0.073 0.09 0.015 0.02 0.497 0.008 0.02 0.02 0.012 0.065 0.048
37 L 0.06 0.018 0.012 0.013 0.012 0.012 0.016 0.02 0.009 0.078 0.361 0.019 0.031 0.155 0.011 0.022 0.026 0.007 0.029 0.088
38 L 0.081 0.018 0.013 0.014 0.05 0.014 0.018 0.022 0.008 0.176 0.197 0.021 0.068 0.032 0.013 0.027 0.032 0.005 0.016 0.176
39 Q 0.118 0.034 0.025 0.025 0.047 0.159 0.045 0.034 0.02 0.03 0.048 0.043 0.015 0.082 0.017 0.051 0.055 0.008 0.106 0.038
40 S 0.135 0.026 0.028 0.032 0.012 0.023 0.083 0.121 0.012 0.061 0.075 0.036 0.015 0.019 0.019 0.151 0.065 0.004 0.013 0.069
41 L 0.075 0.018 0.015 0.016 0.012 0.013 0.018 0.024 0.01 0.151 0.176 0.021 0.045 0.156 0.012 0.048 0.031 0.007 0.029 0.123
42 L 0.041 0.02 0.015 0.015 0.012 0.016 0.019 0.021 0.011 0.086 0.216 0.023 0.137 0.128 0.012 0.047 0.035 0.007 0.027 0.111
43 C 0.077 0.016 0.044 0.018 0.485 0.012 0.017 0.031 0.008 0.032 0.047 0.02 0.012 0.016 0.014 0.062 0.032 0.003 0.01 0.042
44 L 0.089 0.018 0.013 0.014 0.05 0.013 0.018 0.023 0.008 0.175 0.254 0.021 0.028 0.032 0.013 0.028 0.043 0.005 0.016 0.14
45 L 0.034 0.017 0.012 0.012 0.012 0.011 0.015 0.017 0.009 0.134 0.327 0.018 0.031 0.162 0.01 0.019 0.026 0.007 0.03 0.098
46 A 0.183 0.023 0.077 0.028 0.049 0.019 0.052 0.136 0.014 0.04 0.048 0.03 0.013 0.054 0.017 0.046 0.032 0.006 0.045 0.087
47 A 0.116 0.06 0.027 0.061 0.011 0.047 0.078 0.071 0.013 0.043 0.103 0.065 0.017 0.019 0.018 0.054 0.105 0.004 0.014 0.075
48 N 0.074 0.068 0.117 0.074 0.009 0.054 0.102 0.04 0.017 0.023 0.033 0.097 0.012 0.014 0.02 0.111 0.086 0.004 0.013 0.03
49 Y 0.079 0.032 0.022 0.024 0.009 0.024 0.066 0.027 0.054 0.058 0.057 0.082 0.036 0.055 0.016 0.035 0.051 0.012 0.218 0.044
50 Y 0.034 0.02 0.015 0.014 0.01 0.015 0.019 0.019 0.021 0.056 0.209 0.022 0.044 0.127 0.012 0.025 0.048 0.013 0.224 0.052
51 A 0.144 0.046 0.086 0.098 0.009 0.035 0.076 0.115 0.046 0.022 0.032 0.069 0.011 0.016 0.018 0.058 0.031 0.042 0.016 0.029
52 L 0.038 0.016 0.011 0.013 0.013 0.011 0.015 0.016 0.007 0.269 0.272 0.019 0.032 0.036 0.011 0.02 0.03 0.005 0.016 0.15
53 E 0.05 0.061 0.032 0.074 0.01 0.055 0.181 0.031 0.015 0.051 0.045 0.047 0.014 0.016 0.019 0.09 0.119 0.004 0.013 0.073
54 F 0.03 0.016 0.013 0.013 0.01 0.01 0.015 0.019 0.011 0.085 0.202 0.017 0.046 0.345 0.009 0.02 0.022 0.01 0.049 0.058
55 H 0.033 0.034 0.161 0.038 0.007 0.027 0.038 0.034 0.338 0.044 0.034 0.036 0.012 0.021 0.015 0.037 0.026 0.005 0.033 0.026
56 N 0.043 0.046 0.306 0.084 0.009 0.034 0.05 0.066 0.032 0.023 0.032 0.055 0.011 0.018 0.021 0.071 0.05 0.005 0.016 0.027
57 L 0.073 0.021 0.02 0.022 0.011 0.026 0.04 0.101 0.01 0.079 0.172 0.028 0.031 0.024 0.126 0.055 0.043 0.004 0.014 0.099
58 E 0.07 0.034 0.056 0.051 0.008 0.036 0.26 0.105 0.016 0.025 0.061 0.071 0.012 0.015 0.055 0.042 0.029 0.004 0.012 0.039
59 T 0.056 0.026 0.031 0.027 0.014 0.02 0.029 0.032 0.01 0.052 0.056 0.033 0.016 0.019 0.02 0.066 0.373 0.004 0.014 0.102
60 V 0.044 0.017 0.013 0.013 0.013 0.012 0.017 0.018 0.009 0.144 0.167 0.019 0.026 0.098 0.012 0.023 0.032 0.007 0.051 0.266
61 L 0.035 0.016 0.014 0.014 0.011 0.011 0.015 0.074 0.011 0.19 0.218 0.019 0.026 0.144 0.011 0.021 0.026 0.008 0.055 0.081
62 I 0.044 0.015 0.012 0.014 0.013 0.011 0.016 0.017 0.007 0.292 0.129 0.019 0.027 0.031 0.012 0.022 0.034 0.004 0.016 0.266
63 L 0.037 0.016 0.011 0.013 0.012 0.011 0.015 0.017 0.008 0.226 0.294 0.019 0.032 0.068 0.011 0.02 0.029 0.005 0.02 0.137
64 L 0.074 0.021 0.02 0.019 0.012 0.015 0.022 0.027 0.01 0.086 0.21 0.025 0.024 0.123 0.015 0.066 0.116 0.006 0.025 0.085
65 I 0.079 0.02 0.02 0.02 0.013 0.016 0.023 0.047 0.009 0.175 0.138 0.026 0.023 0.027 0.015 0.119 0.04 0.004 0.015 0.169
66 G 0.142 0.025 0.032 0.029 0.013 0.02 0.031 0.192 0.012 0.031 0.039 0.034 0.012 0.016 0.02 0.183 0.091 0.004 0.012 0.061
67 L 0.046 0.025 0.018 0.018 0.077 0.063 0.027 0.024 0.016 0.054 0.186 0.029 0.084 0.074 0.013 0.05 0.029 0.009 0.105 0.052
68 L 0.079 0.019 0.016 0.017 0.012 0.014 0.02 0.025 0.01 0.136 0.22 0.023 0.026 0.125 0.013 0.053 0.067 0.006 0.026 0.096
69 I 0.045 0.017 0.015 0.016 0.013 0.013 0.018 0.02 0.008 0.266 0.137 0.022 0.046 0.031 0.013 0.048 0.059 0.005 0.016 0.192
70 F 0.026 0.015 0.013 0.013 0.008 0.008 0.015 0.019 0.013 0.05 0.099 0.015 0.02 0.516 0.008 0.02 0.02 0.013 0.067 0.043
71 T 0.085 0.026 0.033 0.029 0.013 0.021 0.031 0.074 0.012 0.036 0.047 0.034 0.014 0.049 0.02 0.127 0.28 0.005 0.017 0.047
72 L 0.067 0.018 0.016 0.017 0.012 0.013 0.019 0.061 0.009 0.169 0.206 0.022 0.026 0.096 0.013 0.051 0.055 0.006 0.022 0.101
73 F 0.037 0.016 0.013 0.014 0.011 0.011 0.016 0.018 0.009 0.182 0.107 0.018 0.044 0.23 0.01 0.021 0.028 0.008 0.037 0.17
74 S 0.058 0.031 0.175 0.043 0.011 0.025 0.037 0.045 0.047 0.025 0.034 0.039 0.012 0.016 0.02 0.187 0.142 0.004 0.015 0.033
75 F 0.05 0.017 0.013 0.013 0.01 0.011 0.016 0.02 0.012 0.077 0.192 0.018 0.024 0.256 0.01 0.022 0.024 0.047 0.07 0.097
76 L 0.031 0.017 0.013 0.013 0.024 0.012 0.016 0.019 0.015 0.132 0.167 0.019 0.023 0.143 0.01 0.02 0.023 0.123 0.119 0.064
77 N 0.058 0.026 0.138 0.034 0.047 0.02 0.029 0.037 0.018 0.055 0.049 0.032 0.014 0.091 0.016 0.123 0.086 0.007 0.078 0.042
78 R 0.07 0.133 0.047 0.03 0.009 0.065 0.065 0.068 0.063 0.032 0.069 0.075 0.014 0.024 0.017 0.071 0.032 0.006 0.055 0.056
79 S 0.079 0.079 0.028 0.026 0.011 0.025 0.035 0.035 0.015 0.072 0.059 0.114 0.036 0.056 0.018 0.146 0.045 0.006 0.046 0.069
80 K 0.041 0.102 0.025 0.024 0.009 0.05 0.037 0.027 0.014 0.11 0.1 0.179 0.018 0.054 0.016 0.045 0.054 0.005 0.029 0.059
81 R 0.067 0.117 0.052 0.037 0.01 0.046 0.033 0.029 0.016 0.077 0.099 0.068 0.018 0.06 0.015 0.058 0.056 0.007 0.064 0.072
82 K 0.042 0.164 0.059 0.046 0.008 0.078 0.047 0.031 0.047 0.03 0.045 0.168 0.034 0.016 0.017 0.06 0.032 0.004 0.016 0.053
83 D 0.062 0.032 0.062 0.295 0.01 0.03 0.076 0.051 0.018 0.024 0.031 0.046 0.011 0.016 0.024 0.116 0.049 0.004 0.013 0.029
84 K 0.042 0.146 0.14 0.036 0.008 0.031 0.04 0.035 0.017 0.034 0.038 0.163 0.012 0.015 0.055 0.056 0.058 0.004 0.013 0.058
85 K 0.043 0.075 0.116 0.075 0.008 0.034 0.122 0.035 0.017 0.042 0.036 0.164 0.012 0.014 0.019 0.067 0.07 0.004 0.013 0.032
86 T 0.049 0.067 0.094 0.038 0.011 0.078 0.076 0.034 0.016 0.088 0.058 0.048 0.028 0.02 0.018 0.074 0.131 0.005 0.015 0.054
87 L 0.06 0.063 0.094 0.028 0.011 0.02 0.027 0.032 0.017 0.101 0.144 0.035 0.022 0.077 0.015 0.062 0.036 0.007 0.059 0.09
88 N 0.077 0.026 0.121 0.035 0.011 0.021 0.057 0.115 0.014 0.044 0.117 0.034 0.016 0.021 0.017 0.089 0.087 0.004 0.013 0.079
89 H 0.086 0.032 0.03 0.033 0.011 0.029 0.079 0.035 0.128 0.051 0.079 0.038 0.048 0.116 0.018 0.041 0.032 0.008 0.041 0.066
90 S 0.143 0.054 0.043 0.042 0.016 0.036 0.053 0.063 0.018 0.032 0.046 0.109 0.016 0.02 0.029 0.148 0.063 0.005 0.017 0.046
91 K 0.048 0.055 0.067 0.112 0.008 0.039 0.104 0.08 0.024 0.026 0.039 0.139 0.013 0.033 0.022 0.048 0.034 0.008 0.072 0.03
92 N 0.043 0.045 0.317 0.083 0.009 0.034 0.049 0.065 0.032 0.022 0.032 0.054 0.011 0.018 0.02 0.07 0.049 0.004 0.016 0.027
93 L 0.042 0.044 0.015 0.016 0.014 0.016 0.02 0.02 0.01 0.186 0.287 0.028 0.051 0.044 0.013 0.024 0.033 0.006 0.019 0.111
94 K 0.093 0.056 0.037 0.093 0.01 0.05 0.057 0.044 0.017 0.028 0.04 0.148 0.013 0.015 0.133 0.054 0.056 0.004 0.015 0.036
95 T 0.072 0.035 0.043 0.037 0.018 0.027 0.039 0.043 0.014 0.053 0.064 0.045 0.019 0.023 0.027 0.092 0.254 0.006 0.018 0.07
96 D 0.071 0.043 0.09 0.113 0.011 0.034 0.098 0.041 0.018 0.067 0.084 0.091 0.018 0.022 0.021 0.049 0.038 0.005 0.016 0.071
97 N 0.071 0.032 0.109 0.037 0.062 0.057 0.087 0.035 0.015 0.081 0.057 0.063 0.015 0.05 0.017 0.085 0.048 0.005 0.017 0.058
98 K 0.048 0.068 0.062 0.063 0.047 0.042 0.065 0.032 0.014 0.041 0.083 0.125 0.015 0.018 0.032 0.084 0.059 0.004 0.013 0.084
99 R 0.042 0.103 0.096 0.03 0.009 0.033 0.033 0.032 0.046 0.056 0.077 0.067 0.015 0.09 0.053 0.082 0.057 0.006 0.034 0.039
100 K 0.072 0.072 0.085 0.052 0.009 0.033 0.119 0.036 0.016 0.041 0.046 0.145 0.034 0.016 0.026 0.086 0.036 0.004 0.013 0.058
101 L 0.04 0.051 0.073 0.023 0.011 0.017 0.023 0.025 0.011 0.074 0.246 0.029 0.024 0.059 0.087 0.051 0.031 0.005 0.018 0.1
102 K 0.052 0.08 0.115 0.037 0.008 0.054 0.045 0.038 0.019 0.023 0.035 0.193 0.012 0.022 0.019 0.1 0.058 0.006 0.057 0.029
103 Y 0.09 0.026 0.019 0.024 0.009 0.021 0.073 0.035 0.02 0.042 0.055 0.055 0.015 0.107 0.089 0.033 0.028 0.01 0.164 0.085
104 I 0.035 0.015 0.011 0.013 0.012 0.011 0.014 0.016 0.007 0.34 0.21 0.018 0.03 0.067 0.011 0.019 0.029 0.005 0.019 0.117
105 E 0.068 0.065 0.068 0.035 0.009 0.03 0.113 0.031 0.035 0.038 0.048 0.099 0.034 0.033 0.036 0.06 0.032 0.007 0.101 0.058
106 L 0.04 0.017 0.013 0.014 0.013 0.012 0.016 0.018 0.008 0.2 0.209 0.02 0.028 0.095 0.012 0.024 0.054 0.006 0.023 0.179
107 P 0.05 0.028 0.192 0.074 0.009 0.023 0.037 0.043 0.017 0.02 0.027 0.038 0.009 0.013 0.203 0.137 0.041 0.003 0.012 0.025
108 K 0.042 0.051 0.099 0.098 0.008 0.053 0.048 0.035 0.018 0.025 0.039 0.205 0.023 0.051 0.018 0.064 0.044 0.006 0.045 0.028
109 F 0.039 0.026 0.076 0.024 0.009 0.018 0.025 0.065 0.015 0.087 0.098 0.057 0.038 0.117 0.013 0.064 0.039 0.083 0.057 0.049
110 I 0.038 0.017 0.012 0.013 0.012 0.012 0.016 0.017 0.012 0.245 0.183 0.02 0.027 0.047 0.012 0.021 0.029 0.008 0.102 0.156
111 T 0.053 0.032 0.027 0.025 0.012 0.044 0.033 0.03 0.013 0.1 0.064 0.084 0.018 0.026 0.018 0.089 0.157 0.005 0.043 0.127
112 L 0.061 0.022 0.014 0.015 0.011 0.015 0.02 0.022 0.011 0.123 0.239 0.047 0.047 0.101 0.012 0.024 0.027 0.045 0.054 0.092
113 L 0.106 0.018 0.016 0.016 0.013 0.014 0.019 0.078 0.009 0.127 0.203 0.023 0.025 0.079 0.014 0.032 0.054 0.006 0.02 0.128
114 F 0.062 0.017 0.014 0.015 0.011 0.012 0.018 0.023 0.01 0.122 0.197 0.02 0.025 0.234 0.011 0.046 0.028 0.008 0.037 0.09
115 I 0.037 0.016 0.04 0.017 0.012 0.012 0.016 0.018 0.008 0.35 0.17 0.02 0.028 0.033 0.012 0.022 0.031 0.005 0.016 0.14
116 I 0.067 0.016 0.014 0.015 0.013 0.012 0.017 0.076 0.008 0.236 0.18 0.02 0.026 0.043 0.012 0.025 0.031 0.005 0.017 0.166
117 L 0.063 0.018 0.014 0.015 0.012 0.013 0.018 0.022 0.009 0.162 0.269 0.021 0.049 0.116 0.012 0.046 0.029 0.006 0.025 0.08
118 Q 0.07 0.037 0.028 0.036 0.008 0.164 0.126 0.068 0.017 0.029 0.073 0.048 0.016 0.098 0.017 0.07 0.031 0.006 0.023 0.033
119 I 0.04 0.016 0.012 0.013 0.013 0.011 0.015 0.017 0.007 0.272 0.219 0.019 0.03 0.045 0.011 0.02 0.031 0.005 0.017 0.188
120 L 0.041 0.016 0.012 0.013 0.05 0.011 0.016 0.018 0.008 0.167 0.244 0.019 0.029 0.08 0.011 0.022 0.03 0.005 0.021 0.189
121 V 0.076 0.022 0.049 0.022 0.05 0.017 0.024 0.029 0.01 0.095 0.126 0.027 0.021 0.024 0.016 0.064 0.133 0.004 0.015 0.178
122 I 0.039 0.017 0.013 0.015 0.012 0.035 0.018 0.017 0.008 0.33 0.169 0.022 0.028 0.033 0.012 0.021 0.031 0.005 0.016 0.159
123 F 0.032 0.018 0.013 0.013 0.01 0.012 0.017 0.018 0.018 0.107 0.18 0.019 0.024 0.192 0.011 0.021 0.024 0.012 0.174 0.084
124 F 0.051 0.018 0.016 0.015 0.01 0.012 0.019 0.023 0.014 0.078 0.188 0.02 0.023 0.258 0.011 0.055 0.027 0.011 0.096 0.055
125 F 0.033 0.037 0.05 0.024 0.008 0.044 0.032 0.026 0.046 0.038 0.067 0.129 0.037 0.273 0.013 0.03 0.025 0.009 0.043 0.036
126 Y 0.06 0.019 0.015 0.015 0.01 0.015 0.019 0.021 0.023 0.178 0.08 0.022 0.019 0.07 0.012 0.025 0.026 0.014 0.274 0.082
127 K 0.04 0.215 0.058 0.031 0.007 0.059 0.058 0.03 0.017 0.026 0.038 0.239 0.013 0.013 0.018 0.039 0.03 0.004 0.014 0.05
128 Y 0.031 0.051 0.019 0.016 0.007 0.018 0.023 0.02 0.061 0.033 0.055 0.028 0.015 0.144 0.012 0.025 0.022 0.018 0.369 0.035
129 L 0.036 0.019 0.012 0.016 0.012 0.014 0.043 0.017 0.008 0.161 0.38 0.022 0.033 0.038 0.012 0.021 0.028 0.005 0.017 0.107
130 G 0.046 0.08 0.085 0.033 0.046 0.104 0.048 0.107 0.016 0.027 0.043 0.097 0.034 0.015 0.017 0.047 0.103 0.004 0.013 0.034
131 D 0.071 0.092 0.068 0.236 0.008 0.118 0.061 0.038 0.017 0.02 0.03 0.052 0.011 0.013 0.018 0.074 0.033 0.004 0.012 0.025
132 L 0.037 0.017 0.012 0.013 0.012 0.011 0.016 0.017 0.008 0.132 0.311 0.019 0.031 0.13 0.011 0.02 0.027 0.007 0.026 0.144
133 S 0.168 0.026 0.031 0.029 0.014 0.021 0.033 0.047 0.013 0.035 0.047 0.035 0.014 0.081 0.02 0.245 0.05 0.005 0.02 0.064
134 A 0.125 0.023 0.082 0.06 0.012 0.019 0.03 0.076 0.013 0.121 0.071 0.031 0.016 0.052 0.017 0.109 0.062 0.005 0.017 0.059
135 A 0.379 0.023 0.018 0.021 0.016 0.018 0.029 0.052 0.01 0.051 0.056 0.032 0.015 0.019 0.021 0.058 0.038 0.004 0.014 0.125
136 Y 0.042 0.021 0.02 0.018 0.009 0.017 0.023 0.061 0.031 0.047 0.085 0.025 0.017 0.098 0.013 0.072 0.029 0.014 0.271 0.087
137 G 0.051 0.023 0.092 0.132 0.009 0.028 0.035 0.308 0.014 0.026 0.043 0.032 0.01 0.021 0.016 0.064 0.03 0.004 0.011 0.05
138 A 0.281 0.031 0.026 0.03 0.022 0.026 0.041 0.079 0.015 0.044 0.06 0.045 0.018 0.022 0.03 0.086 0.051 0.005 0.018 0.07
139 N 0.043 0.046 0.308 0.084 0.009 0.034 0.05 0.066 0.032 0.023 0.032 0.055 0.011 0.018 0.02 0.071 0.05 0.005 0.016 0.027
140 Y 0.041 0.028 0.022 0.019 0.009 0.022 0.028 0.025 0.047 0.044 0.069 0.032 0.019 0.133 0.016 0.032 0.028 0.028 0.309 0.047
141 A 0.281 0.031 0.026 0.03 0.022 0.026 0.041 0.079 0.015 0.044 0.06 0.045 0.018 0.022 0.03 0.086 0.051 0.005 0.018 0.07
142 G 0.076 0.028 0.028 0.026 0.009 0.092 0.034 0.306 0.047 0.028 0.071 0.036 0.035 0.023 0.015 0.038 0.026 0.006 0.045 0.031
143 G 0.08 0.075 0.058 0.029 0.01 0.024 0.032 0.153 0.016 0.057 0.045 0.091 0.013 0.026 0.017 0.109 0.036 0.006 0.062 0.063
144 S 0.11 0.04 0.054 0.049 0.018 0.033 0.052 0.066 0.019 0.03 0.042 0.054 0.016 0.021 0.03 0.22 0.082 0.005 0.018 0.042
145 G 0.078 0.023 0.039 0.034 0.011 0.019 0.026 0.51 0.014 0.019 0.028 0.034 0.009 0.016 0.019 0.051 0.03 0.005 0.011 0.024
146 E 0.055 0.05 0.04 0.09 0.007 0.064 0.297 0.035 0.026 0.022 0.037 0.076 0.013 0.017 0.026 0.055 0.037 0.006 0.017 0.031
147 S 0.11 0.04 0.054 0.049 0.018 0.033 0.052 0.066 0.019 0.03 0.042 0.054 0.016 0.021 0.03 0.22 0.082 0.005 0.018 0.042
148 G 0.116 0.082 0.03 0.058 0.011 0.021 0.032 0.185 0.014 0.033 0.04 0.039 0.012 0.021 0.018 0.104 0.071 0.005 0.041 0.068
149 G 0.127 0.11 0.026 0.024 0.011 0.021 0.028 0.22 0.014 0.052 0.07 0.041 0.014 0.023 0.017 0.085 0.032 0.005 0.041 0.04
150 S 0.07 0.027 0.046 0.033 0.012 0.022 0.034 0.153 0.013 0.023 0.032 0.037 0.011 0.015 0.094 0.237 0.095 0.004 0.012 0.031
151 L 0.033 0.018 0.011 0.012 0.012 0.012 0.015 0.017 0.008 0.128 0.417 0.019 0.035 0.102 0.011 0.019 0.026 0.006 0.023 0.078
152 S 0.075 0.029 0.033 0.031 0.012 0.022 0.034 0.1 0.013 0.027 0.04 0.06 0.013 0.079 0.057 0.222 0.093 0.005 0.02 0.034
153 E 0.066 0.039 0.036 0.177 0.007 0.084 0.262 0.032 0.018 0.019 0.029 0.076 0.01 0.012 0.019 0.043 0.029 0.004 0.012 0.025
154 K 0.04 0.073 0.021 0.021 0.046 0.027 0.033 0.025 0.013 0.092 0.107 0.185 0.101 0.025 0.015 0.031 0.029 0.043 0.017 0.055
155 I 0.062 0.015 0.012 0.014 0.013 0.011 0.015 0.019 0.007 0.392 0.148 0.019 0.028 0.033 0.012 0.022 0.031 0.005 0.016 0.127
156 S 0.118 0.033 0.091 0.04 0.012 0.027 0.065 0.085 0.016 0.022 0.032 0.066 0.011 0.015 0.021 0.248 0.05 0.004 0.013 0.032
157 L 0.033 0.024 0.071 0.02 0.011 0.016 0.021 0.022 0.013 0.067 0.344 0.048 0.029 0.101 0.012 0.025 0.027 0.007 0.051 0.058
158 Y 0.03 0.019 0.016 0.014 0.007 0.014 0.019 0.019 0.029 0.038 0.064 0.021 0.016 0.234 0.011 0.023 0.021 0.019 0.348 0.038
159 D 0.032 0.025 0.092 0.46 0.006 0.024 0.065 0.037 0.046 0.017 0.022 0.035 0.008 0.012 0.017 0.041 0.028 0.003 0.011 0.019
160 V 0.074 0.048 0.099 0.048 0.011 0.069 0.039 0.072 0.03 0.044 0.048 0.065 0.014 0.017 0.018 0.069 0.108 0.004 0.015 0.109
161 L 0.036 0.019 0.012 0.013 0.012 0.014 0.017 0.018 0.009 0.171 0.291 0.021 0.123 0.069 0.011 0.021 0.028 0.006 0.02 0.087
162 T 0.068 0.023 0.025 0.023 0.013 0.018 0.025 0.029 0.01 0.094 0.096 0.029 0.019 0.054 0.018 0.063 0.247 0.005 0.018 0.122
163 K 0.043 0.078 0.031 0.031 0.007 0.039 0.052 0.032 0.015 0.025 0.064 0.418 0.014 0.014 0.021 0.04 0.03 0.004 0.014 0.028
164 F 0.026 0.015 0.013 0.013 0.008 0.008 0.015 0.02 0.013 0.049 0.088 0.015 0.02 0.528 0.008 0.02 0.02 0.013 0.068 0.042
165 W 0.03 0.058 0.164 0.08 0.006 0.021 0.033 0.033 0.033 0.022 0.036 0.059 0.011 0.062 0.012 0.034 0.027 0.195 0.058 0.024
166 T 0.067 0.027 0.028 0.027 0.011 0.043 0.033 0.034 0.015 0.055 0.046 0.036 0.014 0.027 0.13 0.125 0.158 0.006 0.071 0.045
167 D 0.041 0.09 0.063 0.187 0.008 0.051 0.106 0.032 0.016 0.051 0.039 0.072 0.012 0.015 0.054 0.061 0.032 0.004 0.012 0.056
168 I 0.065 0.082 0.053 0.055 0.01 0.021 0.03 0.028 0.076 0.126 0.064 0.036 0.017 0.032 0.015 0.037 0.078 0.007 0.075 0.093
169 Y 0.031 0.019 0.016 0.014 0.008 0.013 0.018 0.06 0.023 0.04 0.093 0.02 0.017 0.23 0.01 0.023 0.021 0.056 0.249 0.039
170 R 0.071 0.17 0.087 0.03 0.009 0.053 0.039 0.033 0.032 0.062 0.049 0.107 0.015 0.017 0.017 0.067 0.034 0.004 0.015 0.089
171 E 0.104 0.034 0.035 0.121 0.01 0.055 0.145 0.077 0.015 0.024 0.033 0.07 0.011 0.014 0.02 0.096 0.086 0.004 0.012 0.032
172 L 0.036 0.023 0.013 0.013 0.012 0.015 0.018 0.018 0.009 0.107 0.435 0.048 0.057 0.039 0.012 0.021 0.027 0.005 0.017 0.075
173 G 0.136 0.025 0.144 0.082 0.009 0.022 0.059 0.265 0.015 0.02 0.028 0.034 0.009 0.014 0.017 0.049 0.031 0.004 0.011 0.027
174 V 0.047 0.016 0.012 0.013 0.014 0.012 0.016 0.018 0.007 0.208 0.161 0.019 0.027 0.031 0.012 0.023 0.034 0.004 0.016 0.309
175 P 0.051 0.083 0.055 0.028 0.01 0.022 0.032 0.034 0.044 0.044 0.046 0.04 0.013 0.08 0.15 0.134 0.05 0.005 0.022 0.058
176 V 0.071 0.051 0.018 0.02 0.012 0.04 0.026 0.026 0.01 0.124 0.131 0.032 0.041 0.024 0.126 0.053 0.033 0.004 0.015 0.142
177 P 0.077 0.023 0.037 0.028 0.009 0.018 0.031 0.035 0.011 0.021 0.03 0.034 0.009 0.012 0.445 0.105 0.035 0.003 0.011 0.027
178 F 0.068 0.088 0.023 0.021 0.01 0.021 0.028 0.066 0.013 0.044 0.123 0.086 0.06 0.149 0.015 0.077 0.031 0.007 0.028 0.043
179 I 0.035 0.017 0.013 0.014 0.01 0.013 0.017 0.018 0.015 0.178 0.17 0.02 0.024 0.112 0.049 0.022 0.026 0.01 0.137 0.099
180 Y 0.036 0.022 0.018 0.016 0.009 0.017 0.022 0.02 0.058 0.048 0.086 0.025 0.017 0.078 0.013 0.027 0.049 0.016 0.333 0.089
181 R 0.048 0.237 0.088 0.033 0.009 0.031 0.039 0.035 0.018 0.022 0.035 0.088 0.012 0.02 0.018 0.13 0.062 0.005 0.042 0.028
182 I 0.063 0.02 0.072 0.021 0.011 0.015 0.021 0.025 0.044 0.223 0.116 0.024 0.022 0.038 0.013 0.029 0.031 0.007 0.074 0.13
183 L 0.042 0.018 0.019 0.017 0.01 0.013 0.018 0.208 0.01 0.054 0.24 0.021 0.023 0.138 0.012 0.029 0.048 0.007 0.025 0.049
184 N 0.042 0.038 0.254 0.084 0.008 0.03 0.093 0.042 0.02 0.045 0.033 0.092 0.011 0.015 0.018 0.091 0.038 0.004 0.013 0.03
185 P 0.071 0.02 0.018 0.02 0.011 0.016 0.023 0.026 0.011 0.123 0.11 0.027 0.029 0.027 0.201 0.055 0.057 0.005 0.042 0.108
186 L 0.034 0.017 0.013 0.014 0.011 0.012 0.017 0.019 0.009 0.158 0.251 0.02 0.027 0.128 0.048 0.023 0.05 0.044 0.028 0.076
187 T 0.129 0.021 0.022 0.021 0.088 0.017 0.024 0.034 0.009 0.103 0.067 0.028 0.018 0.021 0.018 0.071 0.157 0.004 0.014 0.134
188 L 0.047 0.089 0.028 0.06 0.047 0.093 0.067 0.029 0.014 0.042 0.118 0.046 0.018 0.035 0.017 0.083 0.082 0.005 0.016 0.065
189 A 0.259 0.023 0.023 0.024 0.051 0.019 0.029 0.084 0.011 0.041 0.048 0.032 0.014 0.017 0.057 0.117 0.041 0.004 0.013 0.093
190 F 0.092 0.019 0.019 0.018 0.01 0.014 0.02 0.139 0.014 0.066 0.119 0.023 0.018 0.191 0.013 0.053 0.027 0.009 0.088 0.048
191 G 0.187 0.024 0.029 0.03 0.049 0.021 0.056 0.211 0.012 0.025 0.035 0.034 0.011 0.015 0.02 0.138 0.051 0.004 0.012 0.036
192 Y 0.031 0.022 0.017 0.014 0.007 0.017 0.022 0.019 0.036 0.034 0.053 0.024 0.014 0.101 0.012 0.024 0.022 0.022 0.475 0.036
193 L 0.037 0.017 0.012 0.013 0.012 0.012 0.016 0.017 0.008 0.167 0.332 0.019 0.053 0.069 0.011 0.02 0.028 0.006 0.02 0.131
194 L 0.096 0.021 0.02 0.019 0.014 0.016 0.022 0.028 0.009 0.126 0.19 0.027 0.045 0.029 0.016 0.042 0.153 0.005 0.015 0.107
195 L 0.118 0.019 0.016 0.017 0.014 0.014 0.02 0.027 0.008 0.153 0.247 0.024 0.027 0.031 0.015 0.035 0.08 0.005 0.016 0.115
196 Y 0.031 0.021 0.016 0.014 0.007 0.016 0.021 0.019 0.033 0.035 0.057 0.023 0.015 0.154 0.012 0.023 0.021 0.02 0.424 0.037
197 I 0.047 0.021 0.017 0.018 0.013 0.015 0.021 0.022 0.008 0.263 0.128 0.048 0.025 0.029 0.014 0.07 0.036 0.004 0.015 0.186
198 L 0.09 0.019 0.014 0.015 0.028 0.014 0.019 0.024 0.009 0.132 0.27 0.023 0.069 0.052 0.013 0.03 0.054 0.005 0.018 0.1
199 V 0.049 0.016 0.012 0.014 0.051 0.012 0.016 0.018 0.006 0.211 0.105 0.019 0.025 0.029 0.012 0.024 0.035 0.004 0.015 0.326
200 N 0.039 0.037 0.255 0.047 0.007 0.049 0.04 0.078 0.113 0.019 0.029 0.065 0.01 0.021 0.016 0.067 0.033 0.005 0.047 0.022
201 N 0.034 0.038 0.447 0.062 0.007 0.027 0.039 0.049 0.024 0.018 0.025 0.067 0.009 0.014 0.016 0.053 0.038 0.003 0.012 0.021
202 F 0.028 0.017 0.014 0.013 0.008 0.011 0.017 0.02 0.019 0.044 0.099 0.018 0.018 0.315 0.009 0.021 0.02 0.09 0.18 0.04
203 V 0.071 0.017 0.014 0.015 0.014 0.013 0.018 0.021 0.007 0.238 0.131 0.021 0.026 0.03 0.013 0.028 0.058 0.004 0.016 0.246
204 V 0.14 0.019 0.016 0.017 0.014 0.015 0.022 0.03 0.01 0.133 0.085 0.025 0.021 0.03 0.015 0.057 0.038 0.005 0.044 0.265
205 N 0.045 0.036 0.213 0.075 0.046 0.025 0.039 0.041 0.018 0.025 0.034 0.088 0.011 0.017 0.018 0.085 0.121 0.004 0.027 0.032
206 K 0.041 0.186 0.031 0.03 0.006 0.04 0.051 0.031 0.016 0.02 0.034 0.357 0.012 0.012 0.02 0.039 0.03 0.004 0.013 0.025
207 K 0.046 0.141 0.031 0.03 0.008 0.036 0.047 0.032 0.015 0.029 0.039 0.308 0.013 0.014 0.02 0.063 0.057 0.004 0.014 0.053
208 I 0.038 0.015 0.012 0.013 0.012 0.011 0.015 0.017 0.009 0.297 0.166 0.019 0.027 0.069 0.011 0.02 0.03 0.006 0.048 0.163
209 N 0.039 0.041 0.174 0.159 0.007 0.098 0.081 0.039 0.05 0.019 0.028 0.084 0.01 0.013 0.018 0.067 0.034 0.004 0.014 0.023
210 L 0.036 0.088 0.018 0.018 0.009 0.02 0.026 0.022 0.012 0.108 0.155 0.098 0.042 0.073 0.05 0.026 0.027 0.081 0.024 0.068
211 L 0.042 0.023 0.019 0.021 0.011 0.04 0.051 0.024 0.011 0.083 0.274 0.028 0.026 0.095 0.013 0.081 0.031 0.044 0.025 0.058
212 Q 0.038 0.043 0.062 0.065 0.007 0.21 0.059 0.031 0.142 0.024 0.064 0.051 0.015 0.022 0.016 0.038 0.028 0.006 0.051 0.027
213 L 0.063 0.017 0.012 0.013 0.012 0.012 0.016 0.02 0.008 0.161 0.287 0.02 0.04 0.098 0.012 0.023 0.028 0.006 0.023 0.128
214 L 0.041 0.017 0.015 0.015 0.05 0.013 0.017 0.02 0.008 0.227 0.265 0.021 0.029 0.034 0.013 0.047 0.055 0.005 0.016 0.095
215 I 0.076 0.022 0.023 0.022 0.012 0.017 0.025 0.03 0.015 0.146 0.073 0.028 0.019 0.038 0.016 0.105 0.109 0.008 0.101 0.115
216 V 0.055 0.017 0.013 0.014 0.013 0.012 0.017 0.02 0.008 0.182 0.192 0.02 0.027 0.062 0.049 0.024 0.032 0.005 0.019 0.22
217 L 0.062 0.017 0.014 0.014 0.048 0.012 0.016 0.059 0.009 0.144 0.2 0.02 0.046 0.156 0.012 0.025 0.027 0.007 0.028 0.084
218 L 0.034 0.019 0.04 0.015 0.012 0.013 0.017 0.018 0.009 0.128 0.44 0.021 0.035 0.039 0.011 0.021 0.027 0.005 0.017 0.078
219 L 0.033 0.023 0.016 0.016 0.01 0.039 0.023 0.02 0.047 0.061 0.244 0.025 0.067 0.141 0.011 0.023 0.024 0.01 0.114 0.054
220 C 0.099 0.019 0.017 0.017 0.161 0.015 0.02 0.028 0.009 0.096 0.108 0.023 0.061 0.056 0.015 0.057 0.058 0.005 0.017 0.12
221 I 0.042 0.015 0.013 0.014 0.049 0.011 0.015 0.056 0.008 0.203 0.142 0.019 0.024 0.108 0.011 0.023 0.03 0.006 0.023 0.187
222 L 0.066 0.06 0.08 0.06 0.01 0.068 0.049 0.086 0.014 0.048 0.134 0.063 0.018 0.052 0.015 0.036 0.03 0.005 0.017 0.087
223 I 0.04 0.02 0.015 0.016 0.012 0.039 0.02 0.059 0.009 0.266 0.145 0.024 0.091 0.032 0.012 0.024 0.03 0.005 0.016 0.124
224 Y 0.041 0.02 0.016 0.015 0.011 0.015 0.02 0.021 0.019 0.078 0.16 0.023 0.043 0.089 0.012 0.047 0.029 0.012 0.192 0.138
225 L 0.033 0.019 0.012 0.012 0.012 0.013 0.016 0.018 0.009 0.079 0.387 0.02 0.074 0.139 0.011 0.02 0.025 0.007 0.028 0.067
226 G 0.064 0.029 0.17 0.04 0.01 0.045 0.034 0.188 0.016 0.025 0.038 0.037 0.032 0.016 0.017 0.094 0.096 0.004 0.012 0.032
227 G 0.06 0.018 0.03 0.026 0.008 0.015 0.02 0.623 0.01 0.015 0.022 0.026 0.007 0.012 0.015 0.039 0.023 0.004 0.008 0.019
228 S 0.082 0.029 0.04 0.036 0.013 0.024 0.038 0.123 0.014 0.022 0.031 0.04 0.011 0.016 0.022 0.355 0.058 0.004 0.013 0.031
229 R 0.034 0.496 0.03 0.024 0.006 0.037 0.04 0.025 0.018 0.018 0.036 0.092 0.012 0.013 0.015 0.034 0.027 0.004 0.013 0.024
230 S 0.078 0.029 0.039 0.035 0.013 0.024 0.037 0.083 0.014 0.026 0.035 0.039 0.012 0.016 0.022 0.316 0.128 0.004 0.013 0.036
231 P 0.075 0.022 0.023 0.028 0.009 0.019 0.055 0.106 0.011 0.021 0.03 0.034 0.009 0.012 0.389 0.062 0.055 0.003 0.011 0.027
232 L 0.061 0.016 0.012 0.013 0.013 0.012 0.016 0.019 0.007 0.261 0.295 0.02 0.032 0.036 0.012 0.022 0.029 0.005 0.016 0.104
233 F 0.028 0.015 0.013 0.013 0.009 0.009 0.015 0.019 0.012 0.056 0.169 0.016 0.023 0.437 0.009 0.019 0.021 0.012 0.059 0.048
234 R 0.035 0.47 0.03 0.024 0.006 0.037 0.041 0.026 0.018 0.018 0.036 0.114 0.012 0.013 0.015 0.035 0.027 0.004 0.013 0.024
235 L 0.041 0.017 0.012 0.013 0.013 0.013 0.016 0.018 0.008 0.22 0.222 0.02 0.07 0.035 0.012 0.022 0.031 0.005 0.017 0.195
236 I 0.04 0.016 0.012 0.013 0.013 0.011 0.015 0.017 0.008 0.243 0.165 0.019 0.037 0.095 0.011 0.021 0.031 0.006 0.023 0.203
237 T 0.054 0.026 0.031 0.027 0.014 0.02 0.029 0.032 0.01 0.056 0.082 0.033 0.017 0.02 0.02 0.066 0.384 0.005 0.014 0.058
238 F 0.088 0.02 0.016 0.017 0.011 0.015 0.02 0.027 0.013 0.054 0.099 0.023 0.123 0.279 0.012 0.052 0.028 0.009 0.042 0.052
239 I 0.12 0.019 0.016 0.017 0.014 0.015 0.02 0.027 0.009 0.232 0.104 0.024 0.064 0.029 0.015 0.035 0.07 0.005 0.016 0.152
240 L 0.128 0.019 0.014 0.015 0.013 0.014 0.019 0.027 0.009 0.14 0.217 0.023 0.055 0.094 0.014 0.031 0.03 0.006 0.022 0.111
241 I 0.039 0.015 0.012 0.013 0.086 0.011 0.015 0.019 0.009 0.202 0.104 0.018 0.044 0.154 0.011 0.023 0.029 0.007 0.028 0.161
242 L 0.037 0.018 0.012 0.013 0.013 0.012 0.016 0.017 0.007 0.178 0.365 0.02 0.034 0.038 0.012 0.021 0.043 0.005 0.017 0.123
243 Y 0.031 0.019 0.015 0.014 0.009 0.013 0.019 0.02 0.02 0.069 0.123 0.021 0.019 0.184 0.011 0.024 0.047 0.089 0.206 0.048
244 Y 0.033 0.021 0.017 0.014 0.008 0.017 0.021 0.019 0.034 0.039 0.056 0.024 0.015 0.096 0.012 0.024 0.023 0.02 0.447 0.061
245 I 0.051 0.015 0.012 0.014 0.012 0.011 0.015 0.018 0.009 0.315 0.124 0.019 0.026 0.068 0.012 0.022 0.031 0.006 0.048 0.171
246 L 0.033 0.028 0.012 0.013 0.036 0.012 0.016 0.018 0.009 0.076 0.373 0.02 0.052 0.146 0.011 0.02 0.025 0.007 0.028 0.065
247 L 0.064 0.026 0.048 0.024 0.01 0.02 0.052 0.027 0.019 0.044 0.14 0.053 0.019 0.138 0.014 0.055 0.053 0.01 0.14 0.044
248 L 0.037 0.024 0.073 0.022 0.01 0.016 0.022 0.06 0.014 0.139 0.189 0.05 0.044 0.07 0.013 0.027 0.028 0.007 0.076 0.079
249 R 0.037 0.263 0.056 0.028 0.007 0.035 0.042 0.029 0.018 0.024 0.065 0.204 0.014 0.02 0.017 0.036 0.028 0.005 0.042 0.028
250 N 0.044 0.065 0.198 0.044 0.008 0.058 0.045 0.04 0.019 0.046 0.036 0.177 0.012 0.015 0.018 0.089 0.037 0.004 0.013 0.031
251 G 0.047 0.062 0.069 0.06 0.007 0.023 0.033 0.29 0.017 0.02 0.03 0.11 0.01 0.026 0.016 0.039 0.031 0.007 0.08 0.023
252 G 0.107 0.114 0.061 0.059 0.009 0.046 0.035 0.161 0.016 0.025 0.063 0.045 0.012 0.021 0.054 0.064 0.031 0.005 0.041 0.031
253 L 0.042 0.068 0.09 0.066 0.009 0.073 0.043 0.033 0.049 0.04 0.118 0.07 0.018 0.023 0.016 0.053 0.071 0.047 0.02 0.053
254 R 0.048 0.176 0.042 0.029 0.009 0.031 0.04 0.033 0.033 0.051 0.047 0.13 0.014 0.055 0.018 0.104 0.048 0.006 0.048 0.037
255 K 0.056 0.131 0.056 0.031 0.008 0.032 0.066 0.05 0.015 0.053 0.072 0.188 0.015 0.033 0.018 0.062 0.056 0.005 0.015 0.038
256 G 0.112 0.025 0.051 0.026 0.011 0.053 0.042 0.181 0.012 0.08 0.136 0.032 0.018 0.022 0.016 0.061 0.032 0.004 0.013 0.074
257 N 0.039 0.062 0.24 0.074 0.008 0.025 0.036 0.039 0.019 0.032 0.077 0.065 0.055 0.051 0.015 0.074 0.036 0.005 0.017 0.033
258 R 0.041 0.173 0.053 0.024 0.009 0.036 0.031 0.064 0.016 0.083 0.088 0.062 0.037 0.057 0.015 0.057 0.054 0.006 0.046 0.048
259 K 0.044 0.12 0.03 0.029 0.008 0.058 0.048 0.031 0.017 0.049 0.053 0.288 0.014 0.02 0.019 0.06 0.032 0.005 0.043 0.034
260 L 0.038 0.019 0.044 0.019 0.011 0.013 0.019 0.023 0.011 0.134 0.205 0.022 0.025 0.175 0.012 0.049 0.053 0.007 0.031 0.092
261 L 0.062 0.02 0.013 0.015 0.012 0.036 0.02 0.021 0.009 0.144 0.295 0.023 0.04 0.097 0.012 0.024 0.028 0.006 0.023 0.1
262 G 0.041 0.095 0.021 0.02 0.009 0.03 0.024 0.135 0.014 0.121 0.079 0.047 0.038 0.122 0.013 0.04 0.027 0.007 0.053 0.065
263 K 0.041 0.177 0.03 0.029 0.007 0.038 0.048 0.03 0.016 0.047 0.04 0.334 0.013 0.014 0.019 0.038 0.03 0.004 0.013 0.032
264 L 0.039 0.017 0.013 0.014 0.012 0.013 0.017 0.019 0.009 0.203 0.217 0.02 0.069 0.097 0.012 0.035 0.03 0.006 0.023 0.134
265 I 0.09 0.017 0.014 0.015 0.013 0.012 0.017 0.06 0.008 0.25 0.172 0.021 0.036 0.062 0.013 0.027 0.03 0.005 0.019 0.119
266 L 0.119 0.051 0.046 0.021 0.049 0.04 0.026 0.067 0.011 0.111 0.13 0.031 0.02 0.055 0.015 0.035 0.032 0.005 0.018 0.119
267 L 0.072 0.02 0.018 0.018 0.012 0.015 0.022 0.027 0.01 0.147 0.165 0.025 0.044 0.032 0.014 0.095 0.036 0.08 0.02 0.129
268 G 0.129 0.02 0.022 0.022 0.013 0.016 0.023 0.181 0.01 0.131 0.082 0.027 0.038 0.023 0.016 0.082 0.035 0.004 0.013 0.114
269 I 0.04 0.016 0.013 0.015 0.012 0.012 0.016 0.056 0.008 0.195 0.188 0.02 0.026 0.093 0.049 0.023 0.029 0.006 0.022 0.163
270 V 0.099 0.018 0.016 0.017 0.013 0.014 0.02 0.063 0.008 0.151 0.114 0.023 0.022 0.058 0.014 0.044 0.058 0.005 0.018 0.223
271 L 0.048 0.019 0.017 0.017 0.013 0.015 0.02 0.023 0.008 0.174 0.204 0.024 0.047 0.031 0.014 0.072 0.06 0.005 0.016 0.174
272 V 0.098 0.018 0.016 0.017 0.051 0.014 0.02 0.063 0.008 0.126 0.163 0.023 0.023 0.027 0.014 0.034 0.069 0.004 0.015 0.197
273 I 0.079 0.018 0.015 0.017 0.012 0.014 0.02 0.024 0.009 0.169 0.164 0.024 0.023 0.058 0.125 0.031 0.059 0.005 0.018 0.116
274 L 0.042 0.018 0.014 0.014 0.013 0.013 0.017 0.071 0.008 0.088 0.367 0.021 0.032 0.042 0.012 0.031 0.029 0.005 0.017 0.147
275 L 0.043 0.024 0.014 0.015 0.016 0.016 0.02 0.021 0.01 0.112 0.394 0.025 0.048 0.053 0.014 0.024 0.032 0.007 0.022 0.093
276 I 0.046 0.017 0.014 0.017 0.016 0.013 0.017 0.02 0.009 0.292 0.163 0.023 0.036 0.043 0.014 0.024 0.039 0.006 0.02 0.172
277 G 0.076 0.022 0.038 0.033 0.01 0.018 0.025 0.524 0.013 0.018 0.027 0.033 0.009 0.016 0.018 0.05 0.029 0.005 0.01 0.024
278 F 0.033 0.017 0.016 0.016 0.009 0.011 0.017 0.022 0.013 0.073 0.089 0.018 0.04 0.419 0.01 0.056 0.025 0.011 0.057 0.049
279 L 0.041 0.019 0.044 0.019 0.012 0.014 0.019 0.022 0.01 0.2 0.205 0.023 0.047 0.063 0.013 0.049 0.056 0.005 0.019 0.118
280 L 0.104 0.021 0.02 0.02 0.012 0.016 0.023 0.068 0.011 0.09 0.168 0.026 0.042 0.072 0.015 0.099 0.035 0.043 0.022 0.093
281 L 0.048 0.023 0.022 0.02 0.012 0.018 0.024 0.026 0.012 0.085 0.165 0.028 0.084 0.065 0.015 0.082 0.13 0.007 0.048 0.086
282 L 0.036 0.049 0.014 0.014 0.012 0.015 0.019 0.018 0.009 0.091 0.413 0.026 0.064 0.038 0.012 0.024 0.051 0.005 0.017 0.071
283 N 0.049 0.026 0.125 0.068 0.009 0.021 0.058 0.11 0.028 0.032 0.044 0.033 0.013 0.112 0.016 0.112 0.06 0.006 0.023 0.055
284 L 0.088 0.048 0.013 0.014 0.013 0.015 0.019 0.023 0.009 0.135 0.343 0.026 0.031 0.035 0.013 0.026 0.029 0.005 0.016 0.101
285 F 0.038 0.022 0.018 0.017 0.011 0.017 0.021 0.023 0.015 0.059 0.127 0.025 0.145 0.165 0.013 0.033 0.1 0.009 0.087 0.057
286 G 0.06 0.018 0.03 0.026 0.008 0.015 0.02 0.623 0.01 0.015 0.022 0.026 0.007 0.012 0.015 0.039 0.023 0.004 0.008 0.019
287 R 0.035 0.468 0.03 0.027 0.006 0.038 0.066 0.025 0.018 0.018 0.035 0.09 0.012 0.013 0.015 0.035 0.027 0.004 0.013 0.024
288 S 0.109 0.029 0.118 0.072 0.011 0.025 0.064 0.083 0.015 0.025 0.034 0.039 0.011 0.015 0.02 0.174 0.104 0.004 0.013 0.034
289 T 0.077 0.026 0.102 0.096 0.011 0.021 0.035 0.113 0.014 0.034 0.041 0.034 0.012 0.048 0.018 0.106 0.133 0.005 0.016 0.06
290 D 0.05 0.035 0.052 0.189 0.009 0.027 0.076 0.076 0.031 0.023 0.031 0.092 0.011 0.014 0.019 0.106 0.112 0.004 0.013 0.029
291 G 0.08 0.023 0.04 0.034 0.011 0.019 0.026 0.502 0.014 0.019 0.029 0.034 0.01 0.016 0.019 0.052 0.03 0.005 0.011 0.025
292 G 0.08 0.023 0.04 0.034 0.011 0.019 0.026 0.502 0.014 0.019 0.029 0.034 0.01 0.016 0.019 0.052 0.03 0.005 0.011 0.025
293 G 0.067 0.048 0.041 0.04 0.01 0.118 0.064 0.277 0.021 0.023 0.038 0.062 0.015 0.015 0.021 0.053 0.035 0.006 0.016 0.03
294 Y 0.043 0.021 0.02 0.019 0.011 0.016 0.022 0.061 0.017 0.076 0.126 0.025 0.04 0.108 0.014 0.056 0.101 0.01 0.137 0.077
295 G 0.072 0.024 0.038 0.032 0.012 0.02 0.027 0.417 0.013 0.026 0.035 0.034 0.011 0.017 0.02 0.058 0.095 0.005 0.012 0.034
296 Q 0.055 0.072 0.043 0.046 0.009 0.23 0.101 0.04 0.029 0.026 0.046 0.089 0.02 0.014 0.023 0.055 0.04 0.006 0.02 0.035
297 D 0.04 0.029 0.068 0.409 0.007 0.029 0.09 0.046 0.018 0.022 0.027 0.044 0.009 0.015 0.022 0.051 0.035 0.004 0.011 0.024
298 G 0.077 0.022 0.038 0.033 0.011 0.019 0.025 0.52 0.013 0.019 0.028 0.033 0.009 0.016 0.019 0.05 0.029 0.005 0.011 0.024
299 I 0.046 0.017 0.014 0.017 0.016 0.013 0.017 0.02 0.009 0.285 0.165 0.023 0.036 0.043 0.014 0.025 0.039 0.006 0.02 0.173
300 I 0.046 0.017 0.014 0.017 0.016 0.013 0.017 0.02 0.009 0.285 0.165 0.023 0.036 0.043 0.014 0.025 0.039 0.006 0.02 0.173
301 E 0.054 0.049 0.04 0.088 0.007 0.063 0.31 0.034 0.025 0.022 0.036 0.074 0.013 0.016 0.025 0.054 0.036 0.005 0.016 0.031
302 D 0.071 0.029 0.192 0.207 0.009 0.024 0.048 0.06 0.017 0.02 0.027 0.038 0.009 0.014 0.018 0.126 0.049 0.003 0.011 0.025
303 L 0.043 0.024 0.014 0.015 0.016 0.016 0.02 0.021 0.01 0.112 0.394 0.025 0.048 0.053 0.014 0.024 0.032 0.007 0.022 0.093
304 L 0.034 0.018 0.041 0.017 0.011 0.012 0.017 0.02 0.01 0.149 0.234 0.02 0.031 0.157 0.048 0.023 0.027 0.007 0.029 0.096
305 F 0.037 0.019 0.045 0.02 0.01 0.013 0.02 0.025 0.013 0.072 0.141 0.022 0.021 0.296 0.049 0.07 0.028 0.009 0.043 0.049
306 H 0.04 0.096 0.037 0.035 0.007 0.055 0.095 0.067 0.261 0.018 0.03 0.073 0.012 0.018 0.016 0.058 0.026 0.005 0.028 0.021
307 Y 0.04 0.023 0.021 0.021 0.008 0.02 0.051 0.024 0.03 0.037 0.052 0.028 0.014 0.08 0.014 0.072 0.028 0.017 0.36 0.06
308 L 0.037 0.017 0.011 0.012 0.013 0.012 0.015 0.017 0.007 0.184 0.351 0.019 0.033 0.053 0.011 0.02 0.028 0.005 0.018 0.135
309 F 0.027 0.016 0.014 0.013 0.008 0.01 0.016 0.019 0.019 0.045 0.079 0.017 0.018 0.421 0.009 0.021 0.02 0.015 0.17 0.041
310 I 0.041 0.021 0.044 0.02 0.012 0.015 0.02 0.059 0.009 0.274 0.126 0.048 0.024 0.029 0.013 0.028 0.056 0.004 0.015 0.143
311 Y 0.031 0.022 0.017 0.014 0.007 0.017 0.022 0.019 0.036 0.034 0.053 0.024 0.014 0.101 0.012 0.024 0.022 0.022 0.475 0.036
312 I 0.055 0.017 0.015 0.016 0.013 0.013 0.018 0.021 0.008 0.239 0.166 0.022 0.026 0.046 0.013 0.03 0.092 0.005 0.017 0.167
313 G 0.06 0.018 0.03 0.026 0.008 0.015 0.02 0.623 0.01 0.015 0.022 0.026 0.007 0.012 0.015 0.039 0.023 0.004 0.008 0.019
314 A 0.429 0.023 0.02 0.023 0.016 0.019 0.03 0.095 0.011 0.032 0.044 0.034 0.013 0.016 0.022 0.064 0.037 0.004 0.013 0.051
315 P 0.044 0.02 0.018 0.024 0.008 0.016 0.028 0.028 0.01 0.02 0.028 0.032 0.008 0.01 0.61 0.034 0.028 0.002 0.01 0.024
316 L 0.036 0.018 0.011 0.012 0.013 0.012 0.015 0.017 0.008 0.149 0.421 0.019 0.042 0.04 0.011 0.019 0.027 0.005 0.017 0.107
317 Y 0.038 0.026 0.016 0.016 0.01 0.04 0.025 0.021 0.02 0.065 0.149 0.051 0.021 0.057 0.013 0.025 0.027 0.049 0.19 0.141
318 N 0.033 0.035 0.475 0.064 0.007 0.026 0.038 0.05 0.024 0.017 0.024 0.041 0.009 0.014 0.016 0.054 0.038 0.003 0.012 0.021
319 L 0.033 0.018 0.011 0.012 0.012 0.012 0.015 0.017 0.008 0.083 0.46 0.019 0.036 0.109 0.011 0.019 0.025 0.006 0.024 0.07
320 D 0.032 0.025 0.132 0.448 0.006 0.024 0.064 0.039 0.016 0.017 0.022 0.036 0.007 0.012 0.017 0.043 0.029 0.003 0.009 0.019
