#Seq2Logo.py -f /work3/idamei/ssn-clusterings/2206011120/clusters/0007_186/sequences.afa -m 0.0001 -b 50 -o /work3/idamei/ssn-clusterings/2206011120/clusters/0007_186/sequences.logo -p 640x1000 -l 30
#Position Specific Frequency Matrix
A R N D C Q E G H I L K M F P S T W Y V
0 M 0.047 0.029 0.018 0.018 0.015 0.026 0.026 0.026 0.015 0.091 0.179 0.033 0.237 0.044 0.015 0.033 0.037 0.007 0.022 0.084
1 N 0.064 0.038 0.212 0.058 0.012 0.03 0.044 0.056 0.022 0.027 0.037 0.048 0.013 0.018 0.022 0.143 0.1 0.005 0.015 0.036
2 N 0.05 0.036 0.263 0.06 0.011 0.027 0.041 0.053 0.023 0.074 0.051 0.044 0.015 0.021 0.019 0.094 0.048 0.004 0.015 0.049
3 Y 0.09 0.028 0.022 0.029 0.01 0.026 0.082 0.033 0.03 0.034 0.054 0.036 0.015 0.074 0.017 0.039 0.029 0.104 0.205 0.041
4 E 0.048 0.035 0.042 0.194 0.009 0.041 0.211 0.034 0.019 0.042 0.045 0.052 0.013 0.017 0.021 0.046 0.035 0.004 0.014 0.077
5 F 0.031 0.017 0.015 0.015 0.01 0.01 0.017 0.023 0.015 0.058 0.104 0.017 0.023 0.443 0.01 0.023 0.023 0.015 0.081 0.05
6 L 0.041 0.022 0.016 0.016 0.012 0.016 0.021 0.022 0.021 0.083 0.202 0.024 0.029 0.135 0.013 0.026 0.03 0.014 0.15 0.108
7 E 0.059 0.032 0.039 0.118 0.01 0.034 0.149 0.123 0.017 0.074 0.051 0.047 0.015 0.02 0.021 0.085 0.039 0.005 0.014 0.05
8 N 0.043 0.045 0.317 0.083 0.009 0.034 0.049 0.065 0.032 0.022 0.032 0.054 0.011 0.018 0.02 0.07 0.049 0.004 0.016 0.027
9 L 0.049 0.028 0.024 0.029 0.013 0.025 0.081 0.025 0.078 0.092 0.195 0.034 0.029 0.035 0.016 0.032 0.035 0.006 0.024 0.149
10 L 0.049 0.02 0.014 0.015 0.016 0.014 0.019 0.02 0.008 0.159 0.281 0.023 0.038 0.042 0.014 0.025 0.036 0.006 0.02 0.182
11 L 0.043 0.026 0.079 0.028 0.013 0.019 0.026 0.031 0.014 0.107 0.192 0.03 0.028 0.039 0.015 0.039 0.08 0.094 0.025 0.075
12 D 0.05 0.03 0.106 0.251 0.009 0.027 0.062 0.047 0.018 0.022 0.029 0.043 0.01 0.015 0.108 0.089 0.041 0.004 0.012 0.026
13 N 0.039 0.041 0.379 0.076 0.008 0.031 0.045 0.059 0.029 0.02 0.029 0.049 0.01 0.016 0.018 0.063 0.045 0.004 0.014 0.025
14 I 0.04 0.017 0.013 0.016 0.013 0.012 0.017 0.02 0.009 0.286 0.135 0.021 0.03 0.043 0.012 0.022 0.034 0.094 0.026 0.138
15 N 0.052 0.042 0.207 0.055 0.011 0.072 0.05 0.05 0.024 0.034 0.058 0.052 0.05 0.021 0.02 0.094 0.047 0.005 0.017 0.038
16 L 0.103 0.026 0.021 0.021 0.016 0.019 0.026 0.035 0.011 0.081 0.304 0.03 0.035 0.04 0.018 0.076 0.04 0.006 0.019 0.075
17 F 0.036 0.022 0.017 0.016 0.01 0.016 0.021 0.023 0.024 0.057 0.102 0.024 0.057 0.268 0.012 0.026 0.026 0.017 0.171 0.053
18 F 0.043 0.019 0.019 0.018 0.011 0.013 0.019 0.11 0.017 0.141 0.1 0.023 0.023 0.183 0.013 0.028 0.028 0.012 0.098 0.081
19 L 0.098 0.022 0.02 0.02 0.014 0.017 0.023 0.118 0.016 0.107 0.193 0.028 0.028 0.049 0.016 0.037 0.032 0.009 0.077 0.077
20 L 0.107 0.022 0.021 0.022 0.102 0.017 0.025 0.036 0.011 0.148 0.148 0.029 0.026 0.031 0.018 0.079 0.043 0.005 0.017 0.094
21 L 0.038 0.019 0.014 0.015 0.013 0.013 0.018 0.02 0.011 0.128 0.276 0.021 0.036 0.179 0.012 0.023 0.029 0.009 0.04 0.087
22 L 0.049 0.019 0.014 0.015 0.016 0.014 0.019 0.02 0.008 0.197 0.234 0.023 0.036 0.041 0.014 0.025 0.037 0.006 0.019 0.194
23 F 0.039 0.018 0.014 0.015 0.098 0.012 0.017 0.023 0.012 0.071 0.206 0.019 0.029 0.241 0.012 0.025 0.027 0.01 0.049 0.063
24 S 0.09 0.034 0.043 0.039 0.016 0.028 0.043 0.053 0.016 0.04 0.104 0.045 0.019 0.024 0.025 0.246 0.067 0.005 0.017 0.046
25 F 0.051 0.021 0.024 0.023 0.012 0.015 0.023 0.117 0.014 0.092 0.088 0.026 0.021 0.234 0.014 0.072 0.034 0.01 0.048 0.062
26 V 0.05 0.017 0.014 0.016 0.101 0.012 0.018 0.022 0.009 0.179 0.118 0.021 0.027 0.101 0.014 0.028 0.036 0.007 0.028 0.182
27 L 0.04 0.019 0.013 0.015 0.014 0.013 0.017 0.02 0.01 0.174 0.284 0.022 0.038 0.112 0.013 0.022 0.031 0.008 0.03 0.106
28 Y 0.037 0.031 0.029 0.023 0.008 0.025 0.033 0.027 0.166 0.033 0.053 0.033 0.016 0.089 0.015 0.032 0.025 0.019 0.271 0.035
29 Y 0.042 0.023 0.022 0.019 0.009 0.018 0.024 0.111 0.033 0.039 0.063 0.027 0.017 0.156 0.014 0.031 0.025 0.02 0.268 0.04
30 L 0.041 0.019 0.014 0.015 0.013 0.013 0.018 0.021 0.011 0.135 0.224 0.021 0.033 0.176 0.012 0.024 0.031 0.009 0.04 0.128
31 L 0.097 0.02 0.015 0.017 0.102 0.015 0.02 0.029 0.009 0.161 0.214 0.025 0.031 0.036 0.016 0.034 0.035 0.005 0.018 0.102
32 F 0.031 0.017 0.015 0.015 0.01 0.01 0.017 0.023 0.015 0.058 0.104 0.017 0.023 0.443 0.01 0.023 0.023 0.015 0.081 0.05
33 R 0.046 0.251 0.037 0.033 0.007 0.046 0.056 0.035 0.02 0.023 0.041 0.226 0.014 0.015 0.021 0.045 0.034 0.005 0.016 0.029
34 K 0.046 0.117 0.148 0.047 0.008 0.037 0.05 0.043 0.021 0.023 0.035 0.155 0.012 0.015 0.107 0.051 0.038 0.004 0.015 0.028
35 V 0.049 0.03 0.02 0.02 0.012 0.062 0.034 0.024 0.023 0.085 0.139 0.035 0.026 0.061 0.015 0.032 0.035 0.012 0.139 0.146
36 V 0.046 0.021 0.015 0.016 0.013 0.015 0.02 0.022 0.015 0.135 0.155 0.023 0.028 0.055 0.013 0.026 0.034 0.098 0.086 0.165
37 H 0.047 0.056 0.039 0.033 0.009 0.035 0.048 0.035 0.153 0.03 0.045 0.14 0.015 0.037 0.021 0.048 0.077 0.009 0.089 0.035
38 S 0.09 0.033 0.045 0.04 0.015 0.027 0.042 0.139 0.016 0.029 0.04 0.045 0.014 0.019 0.025 0.216 0.107 0.005 0.015 0.04
39 V 0.045 0.02 0.015 0.016 0.013 0.014 0.019 0.022 0.01 0.166 0.122 0.023 0.058 0.099 0.012 0.026 0.034 0.084 0.034 0.167
40 L 0.038 0.019 0.013 0.015 0.013 0.012 0.017 0.02 0.01 0.16 0.262 0.021 0.035 0.162 0.012 0.022 0.029 0.009 0.036 0.096
41 D 0.037 0.027 0.062 0.462 0.007 0.027 0.082 0.042 0.017 0.02 0.025 0.04 0.008 0.013 0.02 0.047 0.032 0.003 0.01 0.022
42 P 0.051 0.023 0.021 0.028 0.009 0.018 0.032 0.032 0.012 0.023 0.032 0.037 0.009 0.012 0.548 0.039 0.032 0.002 0.012 0.028
43 L 0.084 0.023 0.016 0.017 0.013 0.016 0.022 0.028 0.02 0.069 0.229 0.026 0.029 0.122 0.015 0.031 0.03 0.013 0.134 0.065
44 F 0.043 0.021 0.019 0.019 0.012 0.014 0.022 0.027 0.014 0.066 0.19 0.023 0.028 0.275 0.013 0.063 0.032 0.011 0.053 0.058
45 W 0.033 0.02 0.013 0.014 0.01 0.013 0.019 0.023 0.012 0.064 0.224 0.021 0.028 0.109 0.01 0.021 0.025 0.239 0.046 0.055
46 S 0.161 0.031 0.033 0.033 0.016 0.025 0.039 0.054 0.015 0.038 0.061 0.042 0.048 0.021 0.099 0.162 0.054 0.005 0.016 0.049
47 I 0.046 0.018 0.014 0.015 0.015 0.013 0.018 0.02 0.009 0.214 0.175 0.021 0.032 0.098 0.013 0.024 0.035 0.007 0.027 0.186
48 L 0.044 0.019 0.013 0.015 0.015 0.013 0.017 0.019 0.008 0.215 0.27 0.022 0.037 0.042 0.013 0.023 0.034 0.006 0.019 0.154
49 G 0.15 0.025 0.029 0.029 0.013 0.02 0.031 0.197 0.013 0.031 0.047 0.035 0.013 0.079 0.096 0.087 0.039 0.006 0.022 0.04
50 S 0.09 0.036 0.097 0.048 0.015 0.03 0.046 0.059 0.019 0.026 0.036 0.048 0.013 0.018 0.025 0.269 0.069 0.005 0.015 0.036
51 L 0.052 0.018 0.014 0.015 0.165 0.013 0.018 0.023 0.008 0.133 0.198 0.021 0.03 0.034 0.014 0.028 0.036 0.005 0.017 0.161
52 F 0.033 0.019 0.015 0.015 0.01 0.012 0.018 0.023 0.015 0.061 0.112 0.019 0.055 0.394 0.01 0.024 0.025 0.014 0.071 0.054
53 G 0.071 0.021 0.031 0.028 0.162 0.017 0.024 0.338 0.011 0.025 0.036 0.029 0.011 0.016 0.018 0.08 0.035 0.004 0.011 0.032
54 F 0.039 0.017 0.015 0.015 0.086 0.01 0.017 0.023 0.013 0.067 0.098 0.018 0.022 0.33 0.011 0.026 0.027 0.012 0.061 0.092
55 A 0.203 0.029 0.031 0.031 0.017 0.024 0.037 0.056 0.013 0.052 0.058 0.04 0.017 0.021 0.025 0.135 0.093 0.005 0.016 0.096
56 D 0.048 0.022 0.035 0.207 0.012 0.019 0.046 0.03 0.011 0.121 0.082 0.03 0.02 0.025 0.017 0.036 0.038 0.004 0.015 0.181
57 V 0.063 0.02 0.015 0.016 0.017 0.015 0.021 0.022 0.007 0.147 0.116 0.023 0.028 0.032 0.015 0.029 0.044 0.005 0.018 0.347
58 L 0.097 0.025 0.02 0.02 0.015 0.019 0.026 0.033 0.015 0.08 0.228 0.03 0.03 0.048 0.017 0.072 0.039 0.008 0.071 0.106
59 F 0.035 0.018 0.014 0.015 0.012 0.011 0.017 0.021 0.012 0.112 0.206 0.019 0.03 0.278 0.011 0.022 0.027 0.011 0.054 0.075
60 L 0.041 0.023 0.013 0.014 0.014 0.016 0.019 0.02 0.01 0.101 0.404 0.024 0.074 0.048 0.013 0.023 0.031 0.006 0.02 0.085
61 F 0.036 0.034 0.024 0.021 0.008 0.021 0.03 0.026 0.082 0.042 0.072 0.072 0.018 0.233 0.014 0.03 0.025 0.015 0.155 0.04
62 F 0.036 0.018 0.014 0.015 0.012 0.012 0.017 0.02 0.011 0.153 0.213 0.02 0.032 0.219 0.011 0.022 0.028 0.01 0.045 0.091
63 T 0.109 0.029 0.031 0.029 0.016 0.022 0.032 0.041 0.012 0.065 0.118 0.037 0.022 0.026 0.022 0.097 0.168 0.005 0.017 0.103
64 N 0.053 0.043 0.193 0.114 0.009 0.03 0.05 0.125 0.021 0.021 0.03 0.088 0.011 0.015 0.02 0.09 0.043 0.004 0.013 0.026
65 N 0.09 0.048 0.133 0.05 0.01 0.072 0.096 0.045 0.021 0.036 0.095 0.095 0.018 0.02 0.021 0.053 0.038 0.005 0.016 0.041
66 I 0.046 0.02 0.017 0.019 0.015 0.016 0.02 0.022 0.009 0.269 0.14 0.025 0.062 0.037 0.015 0.032 0.077 0.006 0.018 0.134
67 S 0.075 0.04 0.044 0.098 0.013 0.029 0.05 0.048 0.016 0.071 0.052 0.087 0.016 0.02 0.023 0.19 0.056 0.005 0.015 0.051
68 F 0.042 0.024 0.079 0.092 0.01 0.019 0.035 0.034 0.015 0.082 0.071 0.032 0.018 0.144 0.092 0.043 0.074 0.007 0.033 0.056
69 Y 0.037 0.024 0.019 0.017 0.009 0.018 0.024 0.022 0.037 0.083 0.074 0.027 0.019 0.106 0.014 0.027 0.027 0.022 0.338 0.058
70 Y 0.041 0.025 0.02 0.018 0.011 0.019 0.024 0.024 0.028 0.058 0.17 0.028 0.025 0.084 0.015 0.034 0.07 0.017 0.231 0.057
71 F 0.032 0.019 0.015 0.015 0.01 0.012 0.018 0.022 0.018 0.061 0.145 0.019 0.025 0.347 0.011 0.023 0.024 0.015 0.115 0.053
72 L 0.064 0.026 0.028 0.027 0.014 0.02 0.03 0.037 0.013 0.099 0.178 0.033 0.027 0.092 0.018 0.143 0.048 0.007 0.026 0.07
73 S 0.098 0.036 0.048 0.044 0.016 0.03 0.047 0.059 0.017 0.027 0.037 0.048 0.014 0.019 0.027 0.303 0.073 0.005 0.016 0.037
74 Y 0.035 0.024 0.019 0.016 0.008 0.018 0.024 0.022 0.038 0.041 0.067 0.026 0.018 0.165 0.013 0.027 0.025 0.024 0.346 0.043
75 L 0.046 0.022 0.067 0.023 0.089 0.016 0.021 0.026 0.011 0.124 0.24 0.025 0.031 0.036 0.014 0.031 0.035 0.005 0.017 0.12
76 L 0.044 0.022 0.016 0.017 0.015 0.016 0.02 0.022 0.009 0.13 0.346 0.025 0.039 0.044 0.014 0.031 0.073 0.006 0.019 0.093
77 T 0.065 0.032 0.039 0.033 0.016 0.025 0.035 0.039 0.012 0.048 0.058 0.041 0.018 0.021 0.025 0.083 0.327 0.005 0.016 0.063
78 Q 0.05 0.066 0.039 0.042 0.008 0.299 0.092 0.037 0.026 0.024 0.042 0.081 0.018 0.013 0.021 0.05 0.037 0.005 0.018 0.032
79 I 0.055 0.021 0.022 0.021 0.014 0.016 0.022 0.103 0.011 0.15 0.146 0.026 0.026 0.092 0.015 0.067 0.038 0.007 0.026 0.122
80 S 0.122 0.027 0.033 0.031 0.09 0.022 0.034 0.123 0.013 0.046 0.052 0.037 0.016 0.02 0.022 0.157 0.053 0.005 0.014 0.085
81 F 0.03 0.017 0.015 0.015 0.009 0.009 0.017 0.023 0.015 0.057 0.102 0.017 0.023 0.453 0.009 0.023 0.023 0.015 0.079 0.049
82 F 0.048 0.021 0.021 0.02 0.012 0.016 0.022 0.102 0.016 0.098 0.08 0.026 0.02 0.104 0.014 0.036 0.072 0.087 0.085 0.101
83 L 0.047 0.018 0.014 0.015 0.164 0.012 0.017 0.023 0.009 0.12 0.196 0.02 0.029 0.094 0.013 0.027 0.032 0.006 0.025 0.118
84 G 0.064 0.02 0.032 0.028 0.01 0.016 0.022 0.485 0.012 0.023 0.036 0.028 0.01 0.077 0.016 0.042 0.026 0.006 0.02 0.026
85 L 0.037 0.021 0.014 0.015 0.012 0.014 0.019 0.021 0.012 0.081 0.258 0.022 0.064 0.221 0.012 0.024 0.028 0.01 0.046 0.07
86 L 0.038 0.077 0.018 0.017 0.011 0.019 0.024 0.022 0.021 0.101 0.186 0.035 0.027 0.12 0.013 0.026 0.028 0.013 0.134 0.07
87 I 0.061 0.027 0.028 0.027 0.014 0.022 0.03 0.034 0.017 0.132 0.096 0.034 0.054 0.042 0.019 0.113 0.087 0.008 0.071 0.083
88 G 0.093 0.02 0.021 0.021 0.012 0.015 0.021 0.183 0.012 0.091 0.129 0.025 0.022 0.149 0.015 0.037 0.03 0.008 0.033 0.064
89 S 0.068 0.05 0.037 0.034 0.012 0.033 0.045 0.043 0.021 0.037 0.061 0.131 0.048 0.035 0.022 0.152 0.05 0.008 0.07 0.042
90 K 0.053 0.05 0.028 0.028 0.011 0.028 0.038 0.133 0.013 0.144 0.083 0.148 0.021 0.025 0.019 0.039 0.035 0.005 0.016 0.082
91 K 0.091 0.113 0.031 0.037 0.009 0.039 0.094 0.038 0.018 0.03 0.049 0.185 0.015 0.078 0.021 0.047 0.034 0.006 0.025 0.036
92 N 0.044 0.053 0.136 0.05 0.008 0.037 0.093 0.04 0.078 0.068 0.05 0.134 0.015 0.02 0.02 0.047 0.036 0.005 0.02 0.045
93 K 0.05 0.124 0.087 0.041 0.009 0.041 0.054 0.04 0.019 0.027 0.04 0.231 0.014 0.015 0.023 0.054 0.078 0.005 0.015 0.033
94 I 0.042 0.02 0.018 0.018 0.013 0.015 0.02 0.023 0.015 0.185 0.159 0.024 0.029 0.108 0.014 0.032 0.073 0.01 0.08 0.102
95 G 0.066 0.064 0.04 0.037 0.01 0.035 0.047 0.281 0.017 0.023 0.035 0.163 0.012 0.016 0.023 0.051 0.034 0.005 0.014 0.028
96 N 0.053 0.095 0.15 0.046 0.011 0.028 0.04 0.045 0.021 0.033 0.05 0.052 0.015 0.089 0.019 0.094 0.089 0.006 0.026 0.038
97 I 0.04 0.018 0.013 0.015 0.014 0.012 0.017 0.019 0.009 0.237 0.227 0.021 0.035 0.101 0.012 0.022 0.032 0.007 0.028 0.122
98 L 0.067 0.037 0.031 0.03 0.014 0.025 0.036 0.039 0.014 0.094 0.169 0.081 0.025 0.03 0.02 0.146 0.05 0.005 0.017 0.067
99 R 0.053 0.196 0.085 0.036 0.01 0.033 0.04 0.113 0.019 0.031 0.056 0.069 0.046 0.02 0.018 0.08 0.039 0.005 0.015 0.036
100 P 0.046 0.025 0.078 0.095 0.009 0.02 0.039 0.035 0.014 0.069 0.047 0.037 0.013 0.016 0.32 0.041 0.034 0.003 0.013 0.045
101 V 0.049 0.025 0.026 0.091 0.011 0.023 0.081 0.027 0.016 0.106 0.076 0.034 0.019 0.037 0.092 0.035 0.035 0.007 0.069 0.139
102 K 0.091 0.11 0.035 0.092 0.01 0.035 0.053 0.039 0.016 0.072 0.055 0.182 0.016 0.018 0.022 0.047 0.036 0.005 0.015 0.051
103 K 0.054 0.047 0.034 0.031 0.011 0.029 0.041 0.036 0.073 0.079 0.066 0.126 0.018 0.084 0.02 0.081 0.079 0.007 0.03 0.055
104 I 0.049 0.024 0.1 0.032 0.014 0.018 0.025 0.031 0.014 0.2 0.117 0.03 0.027 0.034 0.016 0.036 0.042 0.005 0.018 0.167
105 Y 0.071 0.032 0.036 0.032 0.013 0.026 0.038 0.043 0.031 0.035 0.052 0.04 0.016 0.072 0.021 0.147 0.052 0.016 0.186 0.042
106 Y 0.04 0.028 0.022 0.019 0.009 0.022 0.028 0.025 0.047 0.044 0.068 0.031 0.019 0.131 0.016 0.031 0.028 0.028 0.318 0.047
107 I 0.054 0.027 0.092 0.034 0.014 0.02 0.029 0.036 0.015 0.161 0.16 0.033 0.028 0.034 0.017 0.082 0.045 0.005 0.018 0.096
108 G 0.055 0.04 0.031 0.038 0.011 0.031 0.089 0.12 0.015 0.04 0.104 0.091 0.018 0.021 0.107 0.049 0.079 0.005 0.015 0.043
109 D 0.043 0.043 0.157 0.187 0.008 0.031 0.059 0.046 0.02 0.022 0.03 0.093 0.01 0.014 0.107 0.052 0.037 0.004 0.013 0.025
110 I 0.046 0.082 0.017 0.018 0.014 0.018 0.023 0.021 0.01 0.215 0.175 0.037 0.031 0.036 0.014 0.027 0.036 0.005 0.019 0.155
111 N 0.048 0.04 0.291 0.071 0.009 0.034 0.091 0.055 0.026 0.021 0.03 0.051 0.011 0.016 0.02 0.095 0.047 0.004 0.014 0.027
112 A 0.148 0.046 0.086 0.04 0.013 0.068 0.05 0.053 0.018 0.031 0.044 0.093 0.015 0.017 0.024 0.1 0.087 0.005 0.016 0.044
113 T 0.073 0.036 0.043 0.038 0.018 0.028 0.039 0.043 0.014 0.053 0.065 0.045 0.02 0.024 0.028 0.093 0.246 0.006 0.018 0.071
114 F 0.093 0.09 0.028 0.026 0.011 0.026 0.036 0.038 0.02 0.038 0.062 0.088 0.017 0.156 0.018 0.077 0.036 0.011 0.087 0.042
115 N 0.043 0.044 0.236 0.055 0.009 0.029 0.042 0.048 0.023 0.03 0.044 0.086 0.013 0.079 0.019 0.057 0.08 0.006 0.024 0.034
116 F 0.034 0.019 0.017 0.017 0.011 0.011 0.019 0.025 0.017 0.063 0.114 0.019 0.025 0.387 0.011 0.025 0.025 0.017 0.089 0.055
117 L 0.049 0.038 0.022 0.031 0.013 0.029 0.084 0.026 0.014 0.121 0.159 0.086 0.062 0.033 0.017 0.034 0.036 0.006 0.018 0.121
118 Y 0.04 0.033 0.02 0.02 0.011 0.02 0.027 0.024 0.023 0.139 0.095 0.077 0.023 0.129 0.015 0.029 0.03 0.014 0.149 0.081
119 A 0.16 0.024 0.022 0.023 0.104 0.019 0.028 0.043 0.01 0.078 0.077 0.031 0.02 0.024 0.021 0.056 0.088 0.005 0.016 0.152
120 F 0.032 0.018 0.015 0.015 0.01 0.01 0.017 0.022 0.014 0.063 0.151 0.018 0.026 0.395 0.01 0.023 0.024 0.014 0.071 0.054
121 Y 0.036 0.02 0.016 0.016 0.01 0.014 0.02 0.021 0.024 0.133 0.098 0.023 0.023 0.191 0.012 0.025 0.027 0.017 0.195 0.077
122 F 0.089 0.022 0.021 0.021 0.012 0.015 0.024 0.034 0.014 0.056 0.134 0.025 0.024 0.271 0.015 0.07 0.034 0.011 0.053 0.054
123 F 0.086 0.019 0.016 0.017 0.013 0.013 0.02 0.028 0.012 0.151 0.111 0.022 0.025 0.213 0.014 0.031 0.033 0.009 0.044 0.125
124 S 0.132 0.034 0.043 0.04 0.016 0.028 0.044 0.058 0.016 0.031 0.043 0.046 0.015 0.019 0.026 0.239 0.105 0.005 0.016 0.045
125 L 0.038 0.021 0.015 0.016 0.013 0.013 0.019 0.023 0.013 0.088 0.25 0.022 0.037 0.226 0.012 0.024 0.029 0.012 0.054 0.074
126 I 0.038 0.017 0.014 0.015 0.013 0.012 0.016 0.02 0.01 0.23 0.178 0.02 0.032 0.159 0.012 0.022 0.031 0.008 0.036 0.116
127 L 0.047 0.019 0.013 0.015 0.015 0.013 0.018 0.02 0.008 0.221 0.224 0.022 0.035 0.04 0.013 0.024 0.036 0.005 0.019 0.191
128 Y 0.035 0.024 0.031 0.144 0.008 0.02 0.04 0.028 0.031 0.036 0.057 0.03 0.015 0.135 0.015 0.032 0.027 0.017 0.238 0.037
129 L 0.089 0.021 0.015 0.016 0.015 0.015 0.021 0.027 0.01 0.129 0.25 0.024 0.033 0.099 0.015 0.031 0.034 0.007 0.027 0.125
130 G 0.049 0.019 0.023 0.021 0.01 0.013 0.02 0.254 0.013 0.046 0.118 0.023 0.02 0.207 0.013 0.032 0.025 0.009 0.041 0.043
131 C 0.065 0.027 0.081 0.034 0.164 0.021 0.031 0.042 0.014 0.079 0.061 0.035 0.017 0.021 0.02 0.121 0.088 0.004 0.014 0.06
132 Q 0.052 0.061 0.039 0.041 0.009 0.26 0.084 0.037 0.024 0.027 0.044 0.076 0.018 0.014 0.022 0.055 0.078 0.005 0.018 0.036
133 L 0.051 0.024 0.021 0.02 0.09 0.018 0.023 0.027 0.01 0.111 0.198 0.028 0.06 0.034 0.017 0.043 0.117 0.006 0.017 0.084
134 L 0.136 0.024 0.02 0.021 0.015 0.019 0.026 0.037 0.015 0.103 0.18 0.031 0.027 0.045 0.019 0.047 0.077 0.008 0.071 0.08
135 I 0.053 0.026 0.024 0.024 0.013 0.056 0.031 0.102 0.012 0.183 0.099 0.034 0.024 0.028 0.017 0.039 0.077 0.005 0.017 0.134
136 Y 0.037 0.025 0.018 0.016 0.009 0.019 0.024 0.022 0.037 0.048 0.116 0.027 0.021 0.107 0.014 0.027 0.026 0.022 0.338 0.048
137 V 0.049 0.042 0.022 0.022 0.012 0.025 0.033 0.026 0.02 0.11 0.083 0.119 0.021 0.052 0.017 0.033 0.035 0.011 0.124 0.142
138 L 0.086 0.022 0.015 0.017 0.014 0.016 0.021 0.028 0.011 0.12 0.258 0.025 0.065 0.1 0.015 0.031 0.033 0.007 0.028 0.087
139 K 0.047 0.121 0.03 0.03 0.01 0.039 0.049 0.033 0.017 0.045 0.116 0.226 0.052 0.023 0.02 0.041 0.034 0.005 0.017 0.045
140 G 0.07 0.02 0.035 0.03 0.01 0.017 0.023 0.563 0.012 0.017 0.025 0.03 0.008 0.014 0.017 0.046 0.027 0.005 0.01 0.022
141 I 0.042 0.016 0.013 0.016 0.014 0.012 0.016 0.018 0.008 0.349 0.15 0.021 0.033 0.039 0.013 0.022 0.036 0.005 0.018 0.158
142 P 0.051 0.023 0.021 0.028 0.009 0.018 0.032 0.032 0.012 0.023 0.032 0.037 0.009 0.012 0.548 0.039 0.032 0.002 0.012 0.028
143 L 0.04 0.02 0.013 0.014 0.014 0.014 0.017 0.019 0.009 0.173 0.359 0.022 0.041 0.046 0.013 0.022 0.031 0.006 0.019 0.106
144 F 0.034 0.019 0.014 0.014 0.012 0.012 0.017 0.021 0.012 0.077 0.248 0.019 0.032 0.28 0.011 0.022 0.026 0.011 0.054 0.065
145 M 0.091 0.028 0.019 0.019 0.014 0.024 0.027 0.031 0.018 0.075 0.142 0.033 0.184 0.05 0.016 0.038 0.036 0.009 0.073 0.074
146 E 0.1 0.038 0.04 0.122 0.01 0.044 0.236 0.042 0.02 0.023 0.035 0.057 0.012 0.016 0.024 0.089 0.04 0.005 0.014 0.033
147 S 0.098 0.036 0.048 0.044 0.016 0.03 0.047 0.059 0.017 0.027 0.037 0.048 0.014 0.019 0.027 0.303 0.073 0.005 0.016 0.037
148 R 0.039 0.359 0.032 0.026 0.007 0.04 0.044 0.028 0.024 0.023 0.044 0.096 0.014 0.03 0.017 0.038 0.03 0.008 0.069 0.03
149 L 0.04 0.022 0.013 0.014 0.014 0.014 0.018 0.019 0.009 0.103 0.442 0.023 0.044 0.049 0.013 0.022 0.03 0.006 0.02 0.086
150 E 0.051 0.037 0.096 0.183 0.008 0.041 0.196 0.042 0.021 0.021 0.031 0.054 0.011 0.015 0.022 0.087 0.04 0.004 0.013 0.027
151 T 0.055 0.028 0.029 0.026 0.014 0.022 0.03 0.032 0.016 0.095 0.088 0.035 0.053 0.041 0.02 0.059 0.201 0.008 0.071 0.077
152 F 0.081 0.021 0.017 0.017 0.011 0.015 0.022 0.03 0.019 0.056 0.1 0.024 0.053 0.284 0.013 0.032 0.028 0.014 0.106 0.055
153 A 0.285 0.029 0.029 0.03 0.018 0.024 0.038 0.064 0.014 0.038 0.052 0.041 0.016 0.019 0.026 0.109 0.089 0.005 0.016 0.058
154 G 0.057 0.031 0.095 0.169 0.009 0.029 0.096 0.194 0.018 0.02 0.028 0.043 0.01 0.015 0.02 0.086 0.038 0.004 0.012 0.025
155 G 0.155 0.023 0.031 0.029 0.012 0.019 0.027 0.422 0.012 0.023 0.033 0.033 0.01 0.016 0.02 0.054 0.032 0.005 0.011 0.033
156 K 0.057 0.107 0.042 0.042 0.009 0.054 0.071 0.043 0.021 0.028 0.043 0.278 0.016 0.016 0.028 0.054 0.04 0.005 0.017 0.033
157 G 0.073 0.026 0.038 0.033 0.012 0.021 0.03 0.341 0.013 0.027 0.036 0.036 0.012 0.017 0.02 0.093 0.119 0.005 0.012 0.036
158 G 0.07 0.02 0.035 0.03 0.01 0.017 0.023 0.563 0.012 0.017 0.025 0.03 0.008 0.014 0.017 0.046 0.027 0.005 0.01 0.022
159 A 0.099 0.03 0.028 0.033 0.013 0.027 0.08 0.038 0.02 0.045 0.074 0.039 0.05 0.098 0.02 0.085 0.08 0.01 0.079 0.052
160 G 0.07 0.02 0.035 0.03 0.01 0.017 0.023 0.563 0.012 0.017 0.025 0.03 0.008 0.014 0.017 0.046 0.027 0.005 0.01 0.022
161 V 0.05 0.018 0.014 0.016 0.016 0.013 0.018 0.02 0.008 0.227 0.177 0.022 0.032 0.038 0.014 0.025 0.038 0.005 0.019 0.229
162 L 0.037 0.02 0.013 0.014 0.013 0.013 0.018 0.02 0.011 0.09 0.345 0.021 0.038 0.164 0.012 0.022 0.028 0.009 0.037 0.075
163 G 0.077 0.028 0.04 0.035 0.013 0.023 0.033 0.269 0.014 0.028 0.038 0.038 0.013 0.018 0.022 0.13 0.126 0.005 0.013 0.038
164 R 0.04 0.415 0.035 0.028 0.007 0.043 0.047 0.029 0.021 0.021 0.042 0.107 0.014 0.016 0.017 0.04 0.031 0.005 0.016 0.028
165 F 0.04 0.018 0.014 0.015 0.013 0.012 0.017 0.021 0.011 0.16 0.166 0.02 0.029 0.217 0.012 0.023 0.03 0.01 0.045 0.128
166 L 0.064 0.028 0.03 0.028 0.015 0.021 0.031 0.036 0.012 0.1 0.175 0.035 0.026 0.031 0.02 0.12 0.128 0.005 0.017 0.076
167 D 0.049 0.027 0.053 0.338 0.009 0.025 0.068 0.041 0.015 0.039 0.04 0.039 0.012 0.017 0.02 0.081 0.039 0.004 0.012 0.07
168 V 0.053 0.019 0.014 0.016 0.016 0.014 0.019 0.021 0.008 0.198 0.173 0.023 0.032 0.036 0.014 0.026 0.04 0.005 0.019 0.256
169 T 0.071 0.027 0.034 0.03 0.089 0.022 0.031 0.115 0.012 0.044 0.102 0.035 0.019 0.023 0.021 0.125 0.127 0.005 0.015 0.051
170 S 0.07 0.142 0.039 0.035 0.012 0.031 0.043 0.044 0.017 0.027 0.041 0.062 0.014 0.017 0.098 0.159 0.092 0.005 0.015 0.037
171 I 0.096 0.018 0.015 0.017 0.091 0.014 0.02 0.028 0.008 0.203 0.113 0.024 0.026 0.031 0.016 0.034 0.039 0.005 0.017 0.183
172 F 0.036 0.016 0.015 0.015 0.086 0.01 0.016 0.023 0.013 0.096 0.103 0.018 0.023 0.332 0.011 0.025 0.026 0.012 0.061 0.065
173 V 0.104 0.025 0.025 0.024 0.016 0.019 0.027 0.11 0.011 0.078 0.124 0.031 0.023 0.027 0.019 0.053 0.121 0.005 0.016 0.141
174 L 0.038 0.021 0.014 0.015 0.013 0.014 0.019 0.02 0.014 0.122 0.298 0.022 0.036 0.115 0.012 0.023 0.029 0.01 0.081 0.085
175 Y 0.04 0.022 0.018 0.016 0.085 0.017 0.022 0.023 0.032 0.083 0.073 0.025 0.019 0.092 0.014 0.028 0.028 0.019 0.283 0.06
176 A 0.149 0.028 0.028 0.027 0.015 0.023 0.033 0.047 0.019 0.045 0.074 0.036 0.05 0.098 0.021 0.12 0.046 0.009 0.079 0.053
177 F 0.043 0.019 0.017 0.017 0.012 0.013 0.019 0.099 0.012 0.077 0.19 0.021 0.028 0.215 0.012 0.027 0.028 0.01 0.044 0.098
178 F 0.032 0.018 0.015 0.015 0.01 0.01 0.017 0.022 0.014 0.063 0.151 0.018 0.026 0.395 0.01 0.023 0.024 0.014 0.071 0.054
179 Y 0.042 0.026 0.026 0.089 0.085 0.024 0.08 0.027 0.026 0.043 0.106 0.033 0.018 0.064 0.016 0.034 0.029 0.013 0.175 0.044
180 V 0.048 0.033 0.022 0.021 0.012 0.021 0.029 0.028 0.017 0.07 0.077 0.073 0.02 0.103 0.016 0.037 0.074 0.087 0.086 0.129
181 V 0.048 0.02 0.015 0.016 0.014 0.016 0.02 0.023 0.01 0.182 0.128 0.024 0.063 0.041 0.013 0.026 0.037 0.094 0.026 0.184
182 K 0.09 0.11 0.089 0.101 0.009 0.074 0.061 0.045 0.02 0.025 0.038 0.147 0.013 0.015 0.022 0.053 0.037 0.005 0.015 0.032
183 K 0.045 0.047 0.077 0.039 0.01 0.032 0.085 0.032 0.016 0.127 0.126 0.127 0.023 0.027 0.018 0.039 0.036 0.005 0.017 0.073
184 K 0.043 0.06 0.096 0.163 0.007 0.037 0.064 0.042 0.077 0.022 0.033 0.176 0.012 0.016 0.021 0.048 0.034 0.004 0.019 0.025
185 K 0.045 0.067 0.088 0.1 0.009 0.037 0.057 0.039 0.018 0.035 0.093 0.219 0.017 0.019 0.021 0.046 0.035 0.005 0.015 0.036
186 F 0.046 0.02 0.02 0.021 0.012 0.014 0.023 0.028 0.013 0.131 0.096 0.025 0.022 0.21 0.09 0.065 0.035 0.009 0.043 0.075
187 R 0.095 0.203 0.031 0.028 0.012 0.034 0.042 0.037 0.016 0.046 0.056 0.112 0.017 0.019 0.02 0.051 0.078 0.005 0.016 0.083
188 I 0.045 0.034 0.018 0.02 0.014 0.02 0.027 0.023 0.011 0.221 0.186 0.084 0.032 0.038 0.016 0.028 0.036 0.006 0.019 0.122
189 N 0.066 0.035 0.153 0.05 0.012 0.028 0.042 0.052 0.019 0.028 0.038 0.046 0.013 0.017 0.109 0.139 0.098 0.004 0.015 0.036
190 F 0.039 0.084 0.03 0.099 0.009 0.031 0.132 0.028 0.018 0.042 0.111 0.048 0.019 0.145 0.016 0.036 0.029 0.008 0.033 0.041
191 R 0.045 0.345 0.039 0.031 0.008 0.048 0.052 0.033 0.023 0.023 0.047 0.12 0.016 0.017 0.019 0.045 0.035 0.006 0.017 0.031
192 S 0.11 0.04 0.054 0.049 0.018 0.033 0.052 0.066 0.019 0.03 0.042 0.054 0.016 0.021 0.03 0.22 0.082 0.005 0.018 0.042
193 Y 0.04 0.028 0.022 0.019 0.009 0.022 0.028 0.025 0.047 0.044 0.068 0.031 0.019 0.131 0.016 0.031 0.028 0.028 0.318 0.047
194 L 0.041 0.019 0.013 0.015 0.014 0.013 0.017 0.019 0.009 0.208 0.317 0.022 0.039 0.045 0.013 0.022 0.032 0.006 0.019 0.117
195 P 0.051 0.08 0.025 0.026 0.011 0.022 0.032 0.032 0.014 0.039 0.103 0.044 0.017 0.081 0.244 0.072 0.036 0.005 0.024 0.04
196 K 0.049 0.086 0.035 0.034 0.008 0.044 0.058 0.036 0.022 0.027 0.042 0.309 0.014 0.029 0.023 0.045 0.034 0.008 0.069 0.031
197 F 0.04 0.021 0.019 0.018 0.011 0.014 0.022 0.025 0.017 0.061 0.084 0.023 0.021 0.226 0.013 0.033 0.069 0.09 0.103 0.09
198 L 0.093 0.024 0.021 0.021 0.014 0.017 0.025 0.033 0.016 0.102 0.184 0.028 0.027 0.106 0.016 0.071 0.037 0.01 0.08 0.074
199 I 0.047 0.018 0.015 0.018 0.016 0.013 0.018 0.021 0.009 0.271 0.168 0.024 0.037 0.044 0.015 0.025 0.04 0.006 0.021 0.177
200 F 0.034 0.019 0.017 0.017 0.011 0.011 0.019 0.025 0.017 0.063 0.114 0.019 0.025 0.387 0.011 0.025 0.025 0.017 0.089 0.055
201 I 0.052 0.02 0.02 0.02 0.013 0.016 0.021 0.126 0.016 0.172 0.104 0.026 0.025 0.05 0.015 0.031 0.035 0.009 0.087 0.143
202 L 0.04 0.02 0.014 0.015 0.014 0.015 0.018 0.02 0.01 0.165 0.272 0.023 0.067 0.103 0.013 0.024 0.031 0.007 0.028 0.101
203 I 0.047 0.017 0.013 0.015 0.09 0.013 0.017 0.021 0.008 0.241 0.174 0.021 0.031 0.037 0.013 0.025 0.036 0.005 0.018 0.159
204 F 0.035 0.021 0.016 0.015 0.011 0.014 0.02 0.022 0.021 0.065 0.188 0.022 0.027 0.241 0.012 0.024 0.025 0.015 0.151 0.057
205 L 0.041 0.021 0.015 0.015 0.012 0.015 0.02 0.021 0.019 0.12 0.196 0.023 0.029 0.122 0.013 0.025 0.03 0.013 0.134 0.116
206 F 0.036 0.017 0.015 0.015 0.011 0.011 0.017 0.022 0.013 0.111 0.111 0.018 0.025 0.333 0.011 0.024 0.028 0.012 0.062 0.107
207 L 0.091 0.02 0.015 0.017 0.016 0.015 0.02 0.026 0.009 0.206 0.215 0.024 0.033 0.038 0.015 0.031 0.036 0.005 0.018 0.151
208 T 0.069 0.029 0.033 0.03 0.016 0.023 0.033 0.037 0.012 0.073 0.072 0.037 0.02 0.024 0.022 0.099 0.21 0.005 0.017 0.141
209 L 0.041 0.02 0.014 0.015 0.088 0.014 0.018 0.021 0.014 0.113 0.243 0.022 0.031 0.11 0.013 0.025 0.029 0.01 0.08 0.08
210 L 0.044 0.019 0.014 0.015 0.014 0.013 0.018 0.021 0.01 0.137 0.21 0.021 0.032 0.158 0.012 0.024 0.033 0.008 0.036 0.16
211 L 0.086 0.023 0.014 0.015 0.015 0.016 0.021 0.026 0.01 0.094 0.387 0.025 0.04 0.045 0.015 0.029 0.032 0.006 0.019 0.082
212 S 0.094 0.034 0.046 0.042 0.015 0.028 0.043 0.131 0.016 0.025 0.036 0.046 0.013 0.018 0.025 0.267 0.067 0.005 0.015 0.035
213 G 0.07 0.02 0.035 0.03 0.01 0.017 0.023 0.563 0.012 0.017 0.025 0.03 0.008 0.014 0.017 0.046 0.027 0.005 0.01 0.022
214 S 0.094 0.034 0.046 0.042 0.015 0.028 0.043 0.131 0.016 0.025 0.036 0.046 0.013 0.018 0.025 0.267 0.067 0.005 0.015 0.035
215 K 0.049 0.141 0.037 0.036 0.008 0.047 0.061 0.037 0.019 0.024 0.039 0.32 0.014 0.014 0.024 0.047 0.035 0.005 0.015 0.029
216 S 0.09 0.031 0.044 0.04 0.014 0.026 0.04 0.203 0.016 0.024 0.034 0.043 0.012 0.017 0.024 0.23 0.06 0.005 0.014 0.033
217 S 0.123 0.033 0.089 0.042 0.015 0.027 0.041 0.055 0.017 0.045 0.05 0.043 0.016 0.02 0.024 0.197 0.061 0.005 0.016 0.083
218 F 0.041 0.018 0.015 0.015 0.012 0.011 0.018 0.022 0.012 0.124 0.113 0.019 0.026 0.273 0.011 0.025 0.031 0.011 0.053 0.15
219 L 0.038 0.021 0.013 0.014 0.014 0.014 0.018 0.02 0.01 0.096 0.394 0.022 0.041 0.107 0.012 0.022 0.029 0.008 0.028 0.081
220 I 0.095 0.025 0.073 0.029 0.014 0.019 0.028 0.037 0.013 0.177 0.144 0.032 0.026 0.032 0.018 0.076 0.043 0.005 0.017 0.097
221 I 0.05 0.019 0.018 0.018 0.015 0.014 0.02 0.023 0.009 0.206 0.12 0.024 0.028 0.094 0.015 0.033 0.078 0.007 0.027 0.183
222 F 0.138 0.021 0.023 0.023 0.012 0.015 0.024 0.19 0.014 0.04 0.066 0.027 0.017 0.204 0.016 0.044 0.03 0.009 0.041 0.045
223 Y 0.056 0.027 0.028 0.025 0.013 0.02 0.029 0.032 0.021 0.058 0.071 0.032 0.019 0.111 0.018 0.082 0.121 0.012 0.132 0.092
224 V 0.1 0.022 0.019 0.02 0.017 0.017 0.024 0.03 0.009 0.14 0.15 0.028 0.028 0.032 0.017 0.042 0.081 0.005 0.018 0.201
225 F 0.034 0.019 0.016 0.016 0.01 0.013 0.019 0.022 0.022 0.093 0.097 0.021 0.022 0.298 0.011 0.024 0.025 0.017 0.16 0.063
226 F 0.029 0.018 0.014 0.014 0.008 0.011 0.018 0.025 0.014 0.044 0.079 0.018 0.019 0.282 0.008 0.022 0.022 0.243 0.071 0.04
227 C 0.055 0.016 0.015 0.015 0.463 0.012 0.016 0.028 0.012 0.04 0.058 0.02 0.015 0.032 0.014 0.035 0.032 0.007 0.065 0.05
228 Y 0.035 0.026 0.023 0.019 0.008 0.02 0.027 0.024 0.093 0.039 0.063 0.028 0.017 0.152 0.014 0.028 0.025 0.021 0.298 0.04
229 V 0.051 0.021 0.015 0.016 0.015 0.016 0.021 0.021 0.013 0.181 0.127 0.025 0.06 0.048 0.014 0.028 0.038 0.008 0.072 0.212
230 F 0.089 0.022 0.017 0.017 0.013 0.016 0.023 0.029 0.02 0.075 0.087 0.025 0.022 0.175 0.015 0.034 0.033 0.014 0.142 0.134
231 F 0.092 0.022 0.021 0.021 0.013 0.016 0.025 0.033 0.017 0.131 0.094 0.027 0.022 0.163 0.016 0.071 0.037 0.011 0.088 0.079
232 N 0.054 0.033 0.185 0.048 0.011 0.025 0.037 0.048 0.02 0.039 0.101 0.04 0.018 0.084 0.018 0.12 0.047 0.006 0.025 0.04
233 R 0.101 0.204 0.035 0.031 0.01 0.035 0.044 0.117 0.018 0.024 0.04 0.114 0.013 0.016 0.021 0.085 0.039 0.005 0.015 0.033
234 I 0.048 0.035 0.078 0.04 0.012 0.066 0.086 0.032 0.017 0.128 0.091 0.045 0.053 0.027 0.018 0.046 0.078 0.005 0.017 0.078
235 K 0.052 0.058 0.085 0.038 0.011 0.034 0.046 0.039 0.017 0.077 0.059 0.174 0.017 0.02 0.022 0.056 0.12 0.005 0.016 0.057
236 K 0.052 0.047 0.083 0.037 0.009 0.029 0.041 0.113 0.02 0.028 0.04 0.128 0.013 0.03 0.096 0.05 0.075 0.007 0.068 0.034
237 G 0.061 0.021 0.025 0.024 0.014 0.017 0.023 0.18 0.01 0.144 0.135 0.028 0.024 0.03 0.016 0.07 0.039 0.005 0.016 0.118
238 D 0.053 0.029 0.097 0.176 0.012 0.024 0.05 0.041 0.016 0.057 0.111 0.038 0.019 0.024 0.019 0.084 0.043 0.004 0.015 0.088
239 Y 0.038 0.022 0.018 0.017 0.011 0.016 0.022 0.023 0.028 0.114 0.099 0.025 0.023 0.178 0.013 0.027 0.029 0.019 0.204 0.077
240 S 0.075 0.041 0.048 0.053 0.012 0.04 0.121 0.049 0.113 0.025 0.037 0.054 0.014 0.021 0.025 0.155 0.054 0.006 0.026 0.033
241 A 0.106 0.046 0.028 0.037 0.012 0.036 0.101 0.039 0.023 0.044 0.075 0.101 0.057 0.043 0.021 0.048 0.036 0.01 0.088 0.05
242 Y 0.04 0.038 0.022 0.021 0.01 0.023 0.031 0.026 0.026 0.054 0.139 0.086 0.024 0.148 0.015 0.031 0.029 0.016 0.171 0.051
243 L 0.057 0.041 0.089 0.037 0.013 0.027 0.038 0.039 0.016 0.094 0.125 0.088 0.022 0.027 0.02 0.089 0.09 0.005 0.017 0.068
244 S 0.06 0.099 0.088 0.046 0.011 0.038 0.092 0.043 0.02 0.033 0.056 0.101 0.047 0.02 0.021 0.12 0.047 0.005 0.016 0.038
245 L 0.041 0.034 0.021 0.028 0.011 0.025 0.075 0.024 0.018 0.134 0.14 0.076 0.025 0.104 0.016 0.031 0.031 0.01 0.08 0.078
246 L 0.037 0.02 0.013 0.014 0.013 0.013 0.018 0.021 0.01 0.121 0.296 0.021 0.035 0.106 0.011 0.022 0.028 0.085 0.034 0.082
247 K 0.066 0.069 0.041 0.038 0.011 0.039 0.055 0.044 0.017 0.028 0.041 0.223 0.014 0.016 0.025 0.126 0.088 0.005 0.016 0.036
248 R 0.046 0.216 0.087 0.038 0.009 0.04 0.049 0.037 0.02 0.026 0.041 0.16 0.014 0.016 0.021 0.051 0.077 0.005 0.015 0.033
249 H 0.04 0.042 0.09 0.036 0.009 0.028 0.04 0.035 0.15 0.08 0.066 0.086 0.018 0.095 0.017 0.039 0.031 0.007 0.039 0.051
250 L 0.047 0.097 0.028 0.026 0.012 0.069 0.041 0.029 0.021 0.055 0.136 0.053 0.058 0.044 0.018 0.043 0.079 0.009 0.079 0.056
251 K 0.047 0.07 0.03 0.03 0.009 0.036 0.048 0.033 0.016 0.083 0.069 0.236 0.019 0.09 0.021 0.04 0.034 0.007 0.027 0.055
252 Y 0.044 0.043 0.022 0.022 0.01 0.025 0.033 0.026 0.022 0.062 0.123 0.118 0.022 0.114 0.016 0.032 0.031 0.012 0.133 0.089
253 I 0.045 0.022 0.02 0.027 0.012 0.019 0.068 0.099 0.012 0.178 0.15 0.029 0.026 0.093 0.014 0.029 0.031 0.007 0.026 0.094
254 I 0.04 0.018 0.013 0.015 0.014 0.012 0.017 0.019 0.009 0.237 0.227 0.021 0.035 0.101 0.012 0.022 0.032 0.007 0.028 0.122
255 P 0.056 0.031 0.022 0.024 0.012 0.02 0.03 0.104 0.011 0.104 0.073 0.075 0.019 0.022 0.169 0.036 0.036 0.004 0.015 0.137
256 I 0.046 0.017 0.017 0.018 0.013 0.012 0.018 0.098 0.01 0.189 0.114 0.022 0.026 0.153 0.013 0.027 0.032 0.008 0.035 0.134
257 A 0.158 0.029 0.033 0.031 0.016 0.023 0.035 0.126 0.013 0.043 0.101 0.038 0.019 0.023 0.023 0.13 0.088 0.005 0.015 0.053
258 L 0.037 0.02 0.013 0.014 0.013 0.013 0.017 0.02 0.011 0.125 0.303 0.021 0.036 0.163 0.012 0.022 0.029 0.009 0.037 0.086
259 F 0.042 0.018 0.014 0.015 0.013 0.012 0.018 0.021 0.011 0.131 0.162 0.02 0.029 0.216 0.012 0.024 0.032 0.01 0.045 0.155
260 F 0.039 0.019 0.017 0.017 0.011 0.012 0.018 0.099 0.013 0.064 0.188 0.02 0.027 0.275 0.011 0.026 0.025 0.011 0.052 0.056
261 A 0.189 0.023 0.018 0.02 0.018 0.018 0.027 0.042 0.01 0.094 0.136 0.03 0.025 0.029 0.019 0.048 0.042 0.005 0.017 0.187
262 L 0.047 0.023 0.018 0.018 0.014 0.016 0.022 0.025 0.011 0.085 0.336 0.025 0.037 0.102 0.014 0.062 0.035 0.007 0.028 0.074
263 L 0.09 0.021 0.018 0.018 0.014 0.015 0.021 0.104 0.011 0.11 0.237 0.025 0.03 0.096 0.015 0.033 0.031 0.007 0.026 0.078
264 I 0.049 0.02 0.018 0.019 0.015 0.016 0.021 0.023 0.009 0.24 0.136 0.026 0.061 0.036 0.015 0.033 0.078 0.005 0.018 0.161
265 I 0.042 0.017 0.013 0.015 0.014 0.012 0.016 0.018 0.008 0.314 0.192 0.021 0.034 0.041 0.013 0.022 0.035 0.005 0.019 0.148
266 Y 0.106 0.028 0.03 0.028 0.014 0.023 0.033 0.041 0.022 0.081 0.065 0.036 0.018 0.05 0.021 0.121 0.086 0.011 0.123 0.063
267 V 0.058 0.02 0.021 0.02 0.015 0.016 0.022 0.101 0.009 0.172 0.105 0.026 0.025 0.03 0.016 0.037 0.08 0.005 0.017 0.206
268 Q 0.049 0.107 0.089 0.043 0.009 0.185 0.07 0.039 0.024 0.026 0.042 0.075 0.016 0.015 0.021 0.055 0.079 0.005 0.017 0.034
269 N 0.064 0.034 0.152 0.048 0.013 0.026 0.04 0.05 0.019 0.08 0.058 0.043 0.017 0.022 0.022 0.136 0.098 0.005 0.016 0.058
270 L 0.065 0.103 0.032 0.029 0.014 0.027 0.037 0.039 0.015 0.058 0.193 0.052 0.027 0.031 0.02 0.128 0.049 0.006 0.018 0.057
271 K 0.051 0.061 0.028 0.029 0.012 0.033 0.043 0.031 0.014 0.156 0.103 0.158 0.026 0.029 0.021 0.038 0.039 0.005 0.019 0.103
272 D 0.041 0.037 0.06 0.223 0.007 0.033 0.071 0.042 0.193 0.022 0.032 0.044 0.012 0.022 0.02 0.046 0.03 0.006 0.034 0.023
273 T 0.073 0.036 0.043 0.038 0.018 0.028 0.039 0.043 0.014 0.053 0.065 0.045 0.02 0.024 0.028 0.093 0.246 0.006 0.018 0.071
274 D 0.047 0.039 0.054 0.249 0.007 0.046 0.2 0.04 0.022 0.022 0.032 0.059 0.011 0.015 0.024 0.053 0.035 0.005 0.014 0.027
275 D 0.057 0.05 0.111 0.137 0.009 0.04 0.119 0.047 0.021 0.023 0.034 0.109 0.012 0.016 0.023 0.098 0.045 0.004 0.014 0.029
276 I 0.042 0.035 0.021 0.022 0.012 0.058 0.034 0.025 0.013 0.179 0.154 0.077 0.028 0.092 0.015 0.03 0.033 0.007 0.027 0.096
277 G 0.066 0.031 0.035 0.045 0.012 0.031 0.127 0.187 0.015 0.042 0.047 0.044 0.014 0.019 0.021 0.087 0.08 0.005 0.014 0.078
278 D 0.055 0.033 0.152 0.232 0.01 0.029 0.061 0.051 0.02 0.022 0.029 0.045 0.01 0.016 0.021 0.124 0.047 0.004 0.013 0.027
279 L 0.09 0.086 0.025 0.025 0.013 0.061 0.038 0.034 0.015 0.056 0.169 0.047 0.025 0.088 0.018 0.045 0.075 0.007 0.026 0.058
280 L 0.106 0.025 0.026 0.026 0.015 0.019 0.028 0.113 0.011 0.104 0.126 0.032 0.023 0.028 0.019 0.083 0.083 0.005 0.016 0.111
281 N 0.058 0.036 0.191 0.052 0.012 0.028 0.041 0.05 0.02 0.033 0.042 0.045 0.014 0.019 0.022 0.105 0.17 0.005 0.015 0.043
282 P 0.067 0.026 0.031 0.033 0.011 0.021 0.035 0.116 0.013 0.023 0.033 0.039 0.01 0.014 0.323 0.116 0.043 0.003 0.012 0.03
283 L 0.047 0.019 0.013 0.015 0.015 0.013 0.018 0.02 0.008 0.221 0.224 0.022 0.035 0.04 0.013 0.024 0.036 0.005 0.019 0.191
284 L 0.049 0.025 0.022 0.028 0.013 0.021 0.072 0.027 0.013 0.144 0.194 0.031 0.029 0.095 0.016 0.066 0.037 0.007 0.027 0.086
285 L 0.062 0.029 0.03 0.035 0.012 0.026 0.078 0.111 0.015 0.048 0.122 0.038 0.052 0.087 0.018 0.111 0.042 0.007 0.025 0.049
286 L 0.04 0.022 0.013 0.014 0.014 0.014 0.018 0.019 0.009 0.103 0.442 0.023 0.044 0.049 0.013 0.022 0.03 0.006 0.02 0.086
287 L 0.055 0.02 0.02 0.019 0.014 0.015 0.02 0.175 0.009 0.126 0.188 0.025 0.028 0.033 0.015 0.031 0.034 0.005 0.016 0.152
288 L 0.089 0.023 0.016 0.017 0.014 0.017 0.023 0.029 0.016 0.082 0.199 0.026 0.06 0.109 0.015 0.033 0.033 0.01 0.081 0.108
289 R 0.04 0.415 0.035 0.028 0.007 0.043 0.047 0.029 0.021 0.021 0.042 0.107 0.014 0.016 0.017 0.04 0.031 0.005 0.016 0.028
290 F 0.033 0.017 0.014 0.015 0.011 0.011 0.017 0.022 0.013 0.105 0.157 0.018 0.027 0.336 0.01 0.022 0.026 0.012 0.062 0.07
291 V 0.056 0.019 0.014 0.016 0.016 0.014 0.02 0.021 0.008 0.17 0.168 0.023 0.031 0.035 0.014 0.027 0.041 0.005 0.019 0.283
292 H 0.097 0.032 0.038 0.031 0.011 0.026 0.038 0.117 0.19 0.029 0.046 0.037 0.015 0.084 0.019 0.08 0.034 0.007 0.039 0.033
293 S 0.071 0.03 0.035 0.032 0.013 0.024 0.036 0.043 0.024 0.034 0.053 0.038 0.016 0.109 0.02 0.185 0.052 0.012 0.132 0.04
294 G 0.07 0.02 0.035 0.03 0.01 0.017 0.023 0.563 0.012 0.017 0.025 0.03 0.008 0.014 0.017 0.046 0.027 0.005 0.01 0.022
295 D 0.037 0.027 0.062 0.462 0.007 0.027 0.082 0.042 0.017 0.02 0.025 0.04 0.008 0.013 0.02 0.047 0.032 0.003 0.01 0.022
296 V 0.054 0.02 0.017 0.018 0.016 0.015 0.021 0.023 0.008 0.219 0.122 0.025 0.029 0.034 0.015 0.034 0.081 0.005 0.018 0.225
297 Y 0.036 0.025 0.019 0.017 0.008 0.019 0.025 0.022 0.042 0.039 0.061 0.028 0.017 0.117 0.014 0.028 0.025 0.025 0.391 0.042
298 W 0.028 0.021 0.014 0.014 0.007 0.014 0.021 0.026 0.018 0.029 0.049 0.021 0.014 0.063 0.008 0.021 0.021 0.472 0.108 0.029
299 Y 0.04 0.031 0.022 0.02 0.009 0.06 0.035 0.025 0.036 0.044 0.075 0.036 0.05 0.091 0.015 0.032 0.028 0.02 0.285 0.046
300 A 0.323 0.028 0.025 0.028 0.019 0.023 0.036 0.065 0.013 0.04 0.054 0.04 0.016 0.02 0.026 0.077 0.085 0.005 0.016 0.062
301 Y 0.036 0.025 0.019 0.017 0.008 0.019 0.025 0.022 0.042 0.039 0.061 0.028 0.017 0.117 0.014 0.028 0.025 0.025 0.391 0.042
302 P 0.051 0.023 0.021 0.028 0.009 0.018 0.032 0.032 0.012 0.023 0.032 0.037 0.009 0.012 0.548 0.039 0.032 0.002 0.012 0.028
303 N 0.038 0.038 0.343 0.13 0.008 0.03 0.049 0.056 0.026 0.02 0.028 0.047 0.01 0.016 0.018 0.06 0.042 0.004 0.013 0.024
304 N 0.042 0.033 0.245 0.179 0.008 0.027 0.052 0.126 0.023 0.02 0.027 0.043 0.009 0.015 0.018 0.055 0.038 0.004 0.012 0.023
305 L 0.051 0.021 0.014 0.016 0.016 0.016 0.02 0.021 0.009 0.155 0.223 0.024 0.065 0.039 0.014 0.027 0.038 0.006 0.019 0.208
306 I 0.039 0.021 0.016 0.016 0.012 0.015 0.02 0.02 0.023 0.181 0.154 0.024 0.028 0.074 0.013 0.025 0.03 0.014 0.178 0.098
307 L 0.05 0.031 0.025 0.037 0.012 0.03 0.124 0.029 0.019 0.059 0.213 0.04 0.027 0.045 0.018 0.071 0.036 0.008 0.071 0.056
308 Q 0.054 0.044 0.039 0.096 0.011 0.141 0.064 0.036 0.018 0.048 0.055 0.056 0.018 0.018 0.021 0.056 0.12 0.005 0.016 0.084
309 I 0.044 0.018 0.014 0.016 0.014 0.014 0.018 0.02 0.013 0.241 0.174 0.023 0.032 0.051 0.013 0.024 0.034 0.008 0.072 0.158
310 K 0.057 0.107 0.042 0.042 0.009 0.054 0.071 0.043 0.021 0.028 0.043 0.278 0.016 0.016 0.028 0.054 0.04 0.005 0.017 0.033
311 P 0.043 0.027 0.091 0.22 0.008 0.024 0.055 0.04 0.016 0.021 0.029 0.04 0.009 0.013 0.246 0.046 0.034 0.003 0.011 0.025
312 D 0.051 0.027 0.09 0.158 0.01 0.023 0.045 0.115 0.02 0.07 0.05 0.036 0.014 0.033 0.018 0.079 0.038 0.007 0.067 0.047
313 S 0.069 0.05 0.093 0.052 0.011 0.075 0.102 0.049 0.021 0.024 0.036 0.1 0.014 0.016 0.024 0.16 0.053 0.005 0.016 0.032
314 N 0.052 0.044 0.188 0.054 0.009 0.105 0.056 0.049 0.024 0.022 0.034 0.056 0.013 0.015 0.096 0.09 0.044 0.004 0.015 0.029
315 P 0.06 0.024 0.028 0.029 0.01 0.019 0.03 0.187 0.013 0.022 0.033 0.034 0.01 0.019 0.244 0.076 0.035 0.081 0.019 0.027
316 F 0.031 0.017 0.015 0.015 0.01 0.01 0.017 0.023 0.014 0.094 0.101 0.018 0.023 0.337 0.01 0.022 0.024 0.09 0.068 0.061
317 K 0.093 0.064 0.028 0.029 0.011 0.034 0.046 0.037 0.015 0.084 0.114 0.215 0.021 0.023 0.022 0.044 0.036 0.005 0.017 0.06
318 A 0.239 0.028 0.025 0.026 0.018 0.023 0.034 0.055 0.013 0.06 0.077 0.038 0.051 0.024 0.023 0.096 0.047 0.005 0.017 0.102
319 L 0.041 0.022 0.013 0.015 0.014 0.016 0.019 0.02 0.01 0.136 0.363 0.024 0.072 0.047 0.013 0.023 0.032 0.006 0.02 0.096
320 F 0.04 0.02 0.02 0.019 0.01 0.012 0.021 0.028 0.015 0.052 0.093 0.021 0.021 0.391 0.012 0.063 0.03 0.014 0.07 0.047
