#Seq2Logo.py -f /work3/idamei/ssn-clusterings/clustering/2205171701/clusters/0012_47/sequences.afa -o /work3/idamei/ssn-clusterings/clustering/2205171701/clusters/0012_47/sequences.logo
#Position Specific Frequency Matrix
A R N D C Q E G H I L K M F P S T W Y V
0 M 0.05 0.031 0.019 0.019 0.015 0.027 0.027 0.027 0.015 0.097 0.189 0.035 0.192 0.046 0.015 0.035 0.039 0.008 0.023 0.089
1 L 0.107 0.029 0.094 0.036 0.016 0.022 0.032 0.046 0.016 0.114 0.159 0.037 0.029 0.034 0.02 0.051 0.043 0.006 0.019 0.091
2 I 0.061 0.03 0.101 0.042 0.015 0.023 0.034 0.043 0.017 0.151 0.102 0.039 0.025 0.032 0.02 0.086 0.052 0.005 0.018 0.105
3 S 0.092 0.062 0.05 0.046 0.014 0.04 0.058 0.058 0.02 0.029 0.042 0.129 0.016 0.019 0.029 0.166 0.068 0.005 0.017 0.039
4 R 0.168 0.188 0.032 0.03 0.015 0.037 0.046 0.056 0.019 0.033 0.053 0.082 0.016 0.019 0.025 0.065 0.042 0.006 0.017 0.05
5 I 0.047 0.018 0.015 0.018 0.016 0.013 0.018 0.021 0.009 0.272 0.168 0.024 0.037 0.044 0.015 0.025 0.04 0.006 0.021 0.176
6 N 0.076 0.042 0.186 0.066 0.013 0.033 0.051 0.066 0.025 0.026 0.037 0.054 0.013 0.019 0.025 0.145 0.066 0.005 0.017 0.034
7 V 0.063 0.048 0.03 0.032 0.014 0.116 0.063 0.033 0.019 0.095 0.089 0.059 0.026 0.025 0.02 0.044 0.045 0.006 0.021 0.153
8 F 0.072 0.03 0.035 0.033 0.014 0.022 0.036 0.046 0.018 0.046 0.078 0.037 0.021 0.204 0.02 0.123 0.054 0.011 0.053 0.048
9 A 0.29 0.031 0.026 0.03 0.022 0.026 0.04 0.078 0.015 0.043 0.059 0.045 0.018 0.022 0.03 0.085 0.05 0.005 0.018 0.069
10 C 0.05 0.131 0.041 0.149 0.167 0.03 0.053 0.037 0.017 0.03 0.046 0.062 0.014 0.017 0.019 0.046 0.036 0.005 0.014 0.037
11 K 0.05 0.152 0.111 0.049 0.008 0.047 0.06 0.046 0.024 0.025 0.041 0.185 0.014 0.016 0.024 0.055 0.041 0.005 0.017 0.031
12 C 0.065 0.016 0.016 0.016 0.482 0.012 0.016 0.033 0.008 0.045 0.065 0.02 0.016 0.02 0.016 0.041 0.037 0.004 0.012 0.057
13 K 0.057 0.108 0.042 0.042 0.009 0.054 0.071 0.043 0.021 0.028 0.043 0.275 0.016 0.016 0.028 0.054 0.04 0.005 0.017 0.033
14 D 0.041 0.03 0.069 0.395 0.008 0.03 0.092 0.047 0.019 0.022 0.028 0.045 0.009 0.015 0.022 0.052 0.036 0.004 0.011 0.024
15 F 0.034 0.019 0.017 0.017 0.011 0.011 0.019 0.025 0.017 0.064 0.115 0.019 0.025 0.385 0.011 0.025 0.025 0.017 0.089 0.055
16 L 0.12 0.028 0.025 0.025 0.019 0.021 0.031 0.042 0.012 0.093 0.158 0.035 0.029 0.034 0.022 0.058 0.096 0.006 0.019 0.127
17 K 0.05 0.155 0.037 0.035 0.008 0.047 0.059 0.037 0.023 0.027 0.045 0.23 0.015 0.028 0.023 0.047 0.036 0.008 0.054 0.033
18 L 0.043 0.022 0.016 0.016 0.012 0.016 0.022 0.024 0.019 0.102 0.128 0.024 0.026 0.107 0.013 0.026 0.032 0.127 0.112 0.112
19 F 0.046 0.025 0.059 0.028 0.013 0.018 0.026 0.031 0.015 0.114 0.135 0.03 0.027 0.152 0.016 0.044 0.088 0.009 0.039 0.085
20 I 0.047 0.018 0.015 0.018 0.016 0.013 0.018 0.021 0.009 0.271 0.168 0.024 0.037 0.044 0.015 0.025 0.04 0.006 0.021 0.177
21 S 0.11 0.04 0.054 0.049 0.018 0.033 0.052 0.066 0.019 0.03 0.042 0.054 0.016 0.021 0.03 0.22 0.082 0.005 0.018 0.042
22 L 0.045 0.024 0.014 0.015 0.016 0.016 0.02 0.021 0.01 0.115 0.375 0.025 0.05 0.055 0.014 0.024 0.033 0.007 0.022 0.096
23 I 0.047 0.018 0.015 0.018 0.016 0.013 0.018 0.021 0.009 0.271 0.168 0.024 0.037 0.044 0.015 0.025 0.04 0.006 0.021 0.177
24 K 0.057 0.107 0.042 0.042 0.009 0.054 0.071 0.043 0.021 0.028 0.043 0.278 0.016 0.016 0.028 0.054 0.04 0.005 0.017 0.033
25 K 0.057 0.107 0.042 0.042 0.009 0.054 0.071 0.043 0.021 0.028 0.043 0.278 0.016 0.016 0.028 0.054 0.04 0.005 0.017 0.033
26 T 0.073 0.036 0.043 0.038 0.018 0.028 0.039 0.043 0.014 0.053 0.065 0.045 0.02 0.024 0.028 0.093 0.246 0.006 0.018 0.071
27 C 0.065 0.016 0.016 0.016 0.484 0.012 0.016 0.032 0.008 0.045 0.065 0.02 0.016 0.02 0.016 0.041 0.037 0.004 0.012 0.057
28 L 0.09 0.026 0.028 0.027 0.016 0.02 0.03 0.04 0.014 0.11 0.127 0.033 0.026 0.107 0.02 0.09 0.072 0.008 0.032 0.085
29 L 0.049 0.025 0.026 0.055 0.011 0.019 0.029 0.14 0.023 0.058 0.168 0.03 0.025 0.066 0.016 0.034 0.03 0.013 0.128 0.055
30 V 0.078 0.028 0.031 0.03 0.017 0.022 0.033 0.039 0.012 0.118 0.093 0.036 0.024 0.029 0.021 0.112 0.083 0.005 0.019 0.168
31 L 0.053 0.022 0.018 0.019 0.016 0.016 0.022 0.025 0.011 0.132 0.182 0.025 0.032 0.113 0.015 0.034 0.064 0.008 0.033 0.161
32 L 0.046 0.023 0.014 0.015 0.016 0.016 0.02 0.021 0.01 0.117 0.368 0.024 0.046 0.051 0.014 0.024 0.034 0.007 0.021 0.116
33 L 0.107 0.024 0.017 0.018 0.016 0.017 0.024 0.034 0.011 0.095 0.256 0.028 0.036 0.084 0.017 0.038 0.037 0.007 0.028 0.105
34 F 0.033 0.018 0.016 0.016 0.01 0.01 0.018 0.024 0.016 0.061 0.11 0.018 0.024 0.41 0.01 0.024 0.024 0.016 0.085 0.053
35 L 0.05 0.023 0.02 0.02 0.07 0.016 0.023 0.029 0.013 0.075 0.196 0.026 0.049 0.167 0.015 0.053 0.036 0.01 0.042 0.068
36 F 0.041 0.021 0.02 0.02 0.011 0.013 0.022 0.029 0.017 0.057 0.102 0.022 0.023 0.365 0.012 0.05 0.031 0.015 0.078 0.052
37 I 0.055 0.019 0.015 0.017 0.017 0.014 0.019 0.022 0.008 0.238 0.146 0.024 0.033 0.039 0.015 0.027 0.042 0.006 0.02 0.224
38 F 0.035 0.021 0.018 0.017 0.01 0.014 0.021 0.024 0.026 0.054 0.095 0.022 0.022 0.312 0.012 0.026 0.025 0.02 0.174 0.05
39 A 0.233 0.031 0.066 0.037 0.018 0.026 0.04 0.124 0.016 0.035 0.049 0.044 0.015 0.02 0.026 0.096 0.049 0.005 0.016 0.054
40 F 0.035 0.018 0.016 0.016 0.011 0.011 0.018 0.023 0.014 0.115 0.122 0.019 0.027 0.326 0.011 0.024 0.028 0.014 0.07 0.08
41 P 0.056 0.114 0.03 0.032 0.01 0.031 0.044 0.037 0.016 0.025 0.038 0.088 0.012 0.014 0.303 0.061 0.039 0.004 0.014 0.031
42 L 0.044 0.021 0.014 0.016 0.016 0.014 0.018 0.02 0.009 0.191 0.297 0.024 0.042 0.048 0.014 0.024 0.035 0.006 0.021 0.126
43 P 0.047 0.023 0.02 0.024 0.011 0.017 0.028 0.03 0.017 0.066 0.07 0.032 0.017 0.12 0.284 0.035 0.032 0.009 0.068 0.053
44 G 0.064 0.032 0.027 0.026 0.014 0.022 0.03 0.144 0.012 0.123 0.123 0.061 0.025 0.03 0.018 0.06 0.042 0.005 0.017 0.122
45 L 0.042 0.02 0.015 0.016 0.014 0.013 0.019 0.022 0.012 0.116 0.217 0.022 0.034 0.202 0.012 0.025 0.031 0.011 0.049 0.108
46 L 0.053 0.03 0.023 0.022 0.013 0.019 0.026 0.14 0.013 0.097 0.157 0.057 0.027 0.108 0.016 0.034 0.033 0.008 0.031 0.094
47 N 0.045 0.041 0.274 0.07 0.009 0.031 0.045 0.113 0.068 0.021 0.031 0.049 0.011 0.019 0.019 0.062 0.043 0.005 0.019 0.025
48 S 0.102 0.038 0.051 0.046 0.017 0.031 0.049 0.061 0.018 0.031 0.043 0.051 0.016 0.02 0.028 0.231 0.101 0.005 0.017 0.044
49 G 0.132 0.03 0.039 0.078 0.016 0.025 0.042 0.15 0.015 0.046 0.052 0.041 0.016 0.021 0.024 0.105 0.075 0.005 0.015 0.073
50 Y 0.039 0.033 0.031 0.024 0.008 0.026 0.035 0.028 0.16 0.035 0.056 0.035 0.017 0.093 0.016 0.034 0.027 0.02 0.244 0.037
51 L 0.049 0.021 0.014 0.016 0.016 0.015 0.019 0.021 0.009 0.186 0.255 0.024 0.04 0.045 0.014 0.026 0.038 0.006 0.021 0.166
52 A 0.189 0.029 0.031 0.031 0.018 0.024 0.036 0.114 0.014 0.071 0.067 0.04 0.019 0.023 0.025 0.106 0.052 0.005 0.017 0.091
53 F 0.053 0.026 0.027 0.025 0.014 0.02 0.028 0.032 0.02 0.084 0.121 0.032 0.025 0.137 0.018 0.066 0.091 0.012 0.099 0.071
54 V 0.064 0.023 0.023 0.023 0.017 0.018 0.026 0.03 0.011 0.148 0.114 0.029 0.028 0.076 0.018 0.061 0.073 0.007 0.027 0.188
55 L 0.042 0.019 0.014 0.016 0.015 0.013 0.018 0.021 0.01 0.187 0.233 0.022 0.037 0.119 0.013 0.024 0.033 0.008 0.034 0.12
56 A 0.17 0.033 0.037 0.036 0.018 0.027 0.042 0.061 0.015 0.05 0.058 0.045 0.018 0.022 0.027 0.149 0.087 0.005 0.017 0.082
57 F 0.068 0.021 0.016 0.017 0.013 0.014 0.021 0.029 0.014 0.075 0.195 0.023 0.031 0.253 0.013 0.031 0.03 0.012 0.058 0.067
58 L 0.073 0.02 0.016 0.018 0.015 0.014 0.02 0.027 0.011 0.172 0.192 0.024 0.034 0.126 0.015 0.031 0.035 0.008 0.035 0.114
59 L 0.049 0.023 0.019 0.019 0.015 0.017 0.023 0.026 0.014 0.133 0.242 0.027 0.036 0.094 0.015 0.05 0.038 0.009 0.055 0.096
60 L 0.045 0.022 0.014 0.015 0.015 0.015 0.019 0.021 0.01 0.132 0.307 0.024 0.042 0.09 0.014 0.025 0.034 0.008 0.028 0.12
61 L 0.041 0.021 0.014 0.015 0.014 0.014 0.019 0.021 0.011 0.137 0.285 0.023 0.04 0.132 0.013 0.024 0.032 0.009 0.036 0.099
62 L 0.081 0.022 0.019 0.019 0.127 0.015 0.022 0.032 0.011 0.076 0.157 0.026 0.027 0.118 0.016 0.041 0.055 0.008 0.033 0.093
63 S 0.078 0.039 0.145 0.1 0.013 0.032 0.054 0.061 0.022 0.026 0.036 0.051 0.013 0.019 0.025 0.169 0.064 0.005 0.016 0.034
64 Q 0.056 0.088 0.034 0.034 0.066 0.103 0.059 0.038 0.02 0.051 0.057 0.091 0.018 0.023 0.02 0.067 0.041 0.063 0.023 0.047
65 K 0.058 0.128 0.075 0.048 0.01 0.044 0.086 0.044 0.021 0.028 0.042 0.153 0.015 0.017 0.024 0.079 0.07 0.005 0.016 0.036
66 A 0.146 0.082 0.029 0.029 0.015 0.031 0.042 0.104 0.015 0.069 0.066 0.106 0.018 0.022 0.023 0.056 0.041 0.005 0.017 0.084
67 R 0.046 0.175 0.029 0.025 0.012 0.033 0.038 0.028 0.058 0.067 0.151 0.067 0.044 0.032 0.017 0.036 0.035 0.006 0.023 0.08
68 N 0.053 0.046 0.178 0.056 0.011 0.032 0.046 0.051 0.064 0.057 0.051 0.076 0.016 0.022 0.021 0.08 0.066 0.005 0.021 0.048
69 L 0.05 0.024 0.052 0.023 0.071 0.017 0.023 0.027 0.011 0.124 0.236 0.027 0.035 0.04 0.015 0.032 0.038 0.006 0.019 0.13
70 L 0.105 0.024 0.02 0.021 0.015 0.017 0.026 0.037 0.013 0.073 0.192 0.029 0.03 0.154 0.017 0.045 0.061 0.009 0.04 0.071
71 F 0.082 0.035 0.026 0.025 0.014 0.023 0.032 0.036 0.017 0.067 0.115 0.062 0.024 0.116 0.02 0.05 0.09 0.01 0.069 0.087
72 S 0.104 0.069 0.036 0.033 0.016 0.027 0.038 0.102 0.015 0.076 0.067 0.049 0.019 0.024 0.023 0.115 0.079 0.005 0.017 0.087
73 L 0.072 0.022 0.016 0.017 0.015 0.015 0.021 0.028 0.012 0.113 0.267 0.025 0.037 0.129 0.015 0.03 0.033 0.009 0.035 0.089
74 L 0.046 0.021 0.017 0.018 0.015 0.015 0.02 0.023 0.01 0.179 0.226 0.025 0.037 0.086 0.015 0.031 0.062 0.007 0.028 0.119
75 K 0.064 0.121 0.042 0.04 0.01 0.047 0.063 0.045 0.02 0.027 0.042 0.233 0.015 0.016 0.026 0.09 0.046 0.005 0.017 0.033
76 N 0.055 0.051 0.144 0.058 0.011 0.06 0.084 0.048 0.023 0.032 0.044 0.085 0.015 0.018 0.023 0.069 0.116 0.005 0.017 0.041
77 K 0.081 0.132 0.037 0.035 0.01 0.042 0.056 0.042 0.06 0.027 0.043 0.177 0.015 0.017 0.08 0.051 0.037 0.005 0.021 0.034
78 I 0.044 0.024 0.018 0.02 0.013 0.039 0.027 0.024 0.013 0.17 0.126 0.029 0.029 0.164 0.014 0.028 0.035 0.009 0.042 0.129
79 F 0.053 0.023 0.022 0.022 0.015 0.016 0.025 0.029 0.013 0.127 0.143 0.028 0.029 0.153 0.016 0.058 0.066 0.009 0.04 0.112
80 L 0.04 0.02 0.015 0.016 0.013 0.014 0.02 0.022 0.015 0.148 0.182 0.023 0.032 0.13 0.013 0.024 0.031 0.068 0.076 0.099
81 L 0.055 0.024 0.022 0.022 0.071 0.017 0.024 0.029 0.011 0.119 0.201 0.028 0.032 0.081 0.017 0.059 0.066 0.007 0.026 0.091
82 L 0.113 0.027 0.025 0.025 0.017 0.021 0.03 0.041 0.012 0.121 0.194 0.034 0.031 0.037 0.02 0.087 0.047 0.006 0.019 0.093
83 L 0.072 0.022 0.016 0.017 0.014 0.016 0.022 0.028 0.015 0.128 0.21 0.026 0.033 0.127 0.015 0.031 0.033 0.011 0.07 0.094
84 L 0.09 0.027 0.024 0.024 0.016 0.02 0.029 0.038 0.013 0.084 0.214 0.032 0.032 0.08 0.019 0.083 0.046 0.007 0.027 0.096
85 L 0.093 0.027 0.027 0.027 0.016 0.021 0.031 0.041 0.013 0.114 0.16 0.034 0.028 0.077 0.02 0.101 0.049 0.007 0.026 0.086
86 Y 0.041 0.029 0.021 0.02 0.011 0.043 0.032 0.025 0.029 0.085 0.146 0.033 0.027 0.121 0.015 0.03 0.03 0.017 0.176 0.068
87 L 0.103 0.023 0.016 0.018 0.017 0.017 0.024 0.032 0.01 0.129 0.241 0.028 0.036 0.041 0.017 0.037 0.04 0.006 0.02 0.143
88 F 0.083 0.023 0.023 0.023 0.056 0.017 0.025 0.092 0.014 0.06 0.148 0.028 0.025 0.161 0.017 0.061 0.037 0.009 0.04 0.059
89 L 0.043 0.021 0.015 0.016 0.015 0.015 0.019 0.021 0.011 0.168 0.267 0.024 0.053 0.089 0.014 0.025 0.034 0.008 0.028 0.114
90 L 0.046 0.02 0.014 0.016 0.015 0.014 0.019 0.021 0.01 0.196 0.226 0.023 0.037 0.087 0.014 0.025 0.036 0.007 0.028 0.147
91 L 0.051 0.023 0.022 0.022 0.014 0.016 0.024 0.029 0.013 0.122 0.174 0.027 0.031 0.155 0.016 0.057 0.064 0.009 0.04 0.089
92 F 0.039 0.022 0.018 0.017 0.011 0.015 0.022 0.024 0.025 0.066 0.097 0.023 0.023 0.27 0.013 0.027 0.028 0.019 0.166 0.078
93 S 0.091 0.034 0.045 0.041 0.016 0.028 0.042 0.109 0.016 0.061 0.055 0.046 0.017 0.022 0.026 0.182 0.091 0.005 0.016 0.056
94 L 0.053 0.022 0.02 0.02 0.112 0.016 0.022 0.029 0.012 0.118 0.146 0.026 0.046 0.121 0.015 0.054 0.039 0.008 0.033 0.087
95 I 0.078 0.02 0.016 0.018 0.016 0.015 0.021 0.028 0.011 0.161 0.157 0.025 0.031 0.123 0.015 0.032 0.038 0.008 0.035 0.151
96 S 0.076 0.035 0.109 0.046 0.015 0.027 0.041 0.051 0.018 0.075 0.064 0.045 0.019 0.024 0.023 0.139 0.086 0.005 0.017 0.084
97 T 0.093 0.03 0.031 0.029 0.017 0.023 0.033 0.039 0.012 0.074 0.136 0.038 0.026 0.03 0.023 0.069 0.174 0.006 0.018 0.099
98 L 0.059 0.026 0.026 0.024 0.016 0.02 0.028 0.031 0.015 0.127 0.165 0.032 0.03 0.047 0.019 0.066 0.095 0.008 0.056 0.111
99 L 0.045 0.02 0.014 0.016 0.015 0.014 0.019 0.021 0.01 0.175 0.253 0.023 0.039 0.088 0.014 0.025 0.035 0.007 0.028 0.138
100 N 0.049 0.037 0.168 0.052 0.011 0.029 0.042 0.047 0.104 0.086 0.063 0.043 0.018 0.026 0.019 0.072 0.044 0.005 0.026 0.06
101 G 0.057 0.037 0.144 0.051 0.009 0.051 0.044 0.257 0.063 0.021 0.031 0.047 0.012 0.018 0.019 0.055 0.036 0.005 0.018 0.025
102 S 0.107 0.041 0.043 0.046 0.015 0.057 0.082 0.052 0.018 0.036 0.049 0.055 0.017 0.02 0.027 0.135 0.127 0.005 0.017 0.05
103 Y 0.044 0.029 0.03 0.073 0.009 0.026 0.068 0.071 0.037 0.035 0.055 0.037 0.016 0.091 0.017 0.037 0.029 0.02 0.239 0.039
104 D 0.039 0.029 0.066 0.42 0.007 0.029 0.088 0.045 0.018 0.022 0.027 0.043 0.009 0.014 0.022 0.05 0.034 0.004 0.011 0.023
105 F 0.04 0.02 0.016 0.017 0.012 0.013 0.02 0.023 0.017 0.101 0.137 0.021 0.028 0.262 0.012 0.026 0.03 0.014 0.094 0.097
106 S 0.086 0.034 0.042 0.038 0.016 0.028 0.042 0.05 0.019 0.05 0.058 0.045 0.018 0.034 0.025 0.163 0.114 0.008 0.055 0.077
107 I 0.046 0.02 0.015 0.018 0.016 0.016 0.019 0.021 0.01 0.252 0.168 0.025 0.071 0.043 0.014 0.027 0.038 0.006 0.021 0.152
108 L 0.045 0.024 0.054 0.025 0.013 0.017 0.023 0.083 0.014 0.12 0.176 0.028 0.048 0.121 0.014 0.033 0.034 0.008 0.034 0.085
109 R 0.082 0.166 0.035 0.033 0.01 0.04 0.05 0.095 0.019 0.026 0.042 0.153 0.014 0.016 0.077 0.051 0.036 0.005 0.016 0.034
110 T 0.068 0.032 0.037 0.033 0.016 0.025 0.036 0.039 0.013 0.06 0.066 0.041 0.019 0.023 0.079 0.078 0.223 0.005 0.017 0.089
111 L 0.041 0.023 0.015 0.015 0.014 0.016 0.021 0.023 0.011 0.112 0.272 0.025 0.055 0.052 0.012 0.024 0.031 0.119 0.031 0.087
112 I 0.078 0.021 0.019 0.02 0.015 0.015 0.023 0.03 0.011 0.174 0.123 0.027 0.029 0.119 0.016 0.039 0.064 0.008 0.034 0.135
113 N 0.041 0.043 0.343 0.08 0.009 0.032 0.047 0.063 0.03 0.022 0.03 0.052 0.011 0.017 0.019 0.067 0.047 0.004 0.015 0.026
114 N 0.045 0.039 0.278 0.112 0.009 0.03 0.049 0.113 0.027 0.021 0.03 0.049 0.01 0.017 0.02 0.063 0.044 0.004 0.014 0.025
115 L 0.074 0.021 0.016 0.017 0.015 0.015 0.021 0.028 0.011 0.138 0.206 0.025 0.034 0.134 0.015 0.031 0.035 0.009 0.036 0.12
116 L 0.072 0.022 0.016 0.017 0.015 0.015 0.021 0.027 0.011 0.134 0.244 0.025 0.036 0.126 0.015 0.03 0.034 0.008 0.035 0.098
117 S 0.153 0.037 0.046 0.043 0.018 0.03 0.048 0.066 0.018 0.031 0.044 0.05 0.015 0.02 0.029 0.213 0.072 0.005 0.017 0.046
118 L 0.049 0.023 0.018 0.018 0.015 0.016 0.022 0.024 0.011 0.104 0.237 0.025 0.035 0.125 0.015 0.033 0.061 0.008 0.035 0.126
119 L 0.044 0.021 0.015 0.016 0.014 0.013 0.02 0.023 0.012 0.099 0.21 0.022 0.034 0.208 0.013 0.026 0.032 0.011 0.049 0.12
120 G 0.114 0.03 0.04 0.037 0.069 0.024 0.037 0.216 0.015 0.028 0.04 0.041 0.013 0.019 0.024 0.141 0.054 0.005 0.014 0.039
121 C 0.132 0.027 0.03 0.029 0.18 0.021 0.033 0.051 0.013 0.066 0.065 0.036 0.018 0.023 0.023 0.117 0.053 0.005 0.015 0.065
122 L 0.09 0.025 0.021 0.021 0.017 0.019 0.027 0.033 0.011 0.129 0.18 0.031 0.05 0.038 0.018 0.059 0.046 0.006 0.02 0.16
123 I 0.134 0.022 0.018 0.021 0.017 0.017 0.025 0.039 0.011 0.166 0.147 0.029 0.029 0.077 0.018 0.043 0.039 0.007 0.026 0.114
124 L 0.046 0.021 0.015 0.016 0.015 0.014 0.02 0.022 0.011 0.131 0.248 0.023 0.037 0.127 0.013 0.026 0.035 0.008 0.035 0.138
125 V 0.12 0.024 0.021 0.023 0.018 0.019 0.027 0.038 0.011 0.165 0.113 0.031 0.027 0.032 0.02 0.064 0.048 0.005 0.019 0.175
126 S 0.114 0.032 0.04 0.037 0.071 0.026 0.04 0.054 0.015 0.064 0.061 0.043 0.018 0.023 0.025 0.165 0.088 0.005 0.017 0.062
127 L 0.052 0.026 0.022 0.021 0.069 0.019 0.026 0.028 0.052 0.084 0.282 0.029 0.037 0.043 0.016 0.052 0.037 0.006 0.024 0.075
128 L 0.043 0.022 0.015 0.016 0.014 0.015 0.02 0.022 0.015 0.118 0.241 0.024 0.036 0.137 0.013 0.025 0.032 0.011 0.071 0.11
129 F 0.038 0.02 0.017 0.017 0.012 0.014 0.02 0.023 0.02 0.115 0.144 0.023 0.028 0.226 0.013 0.025 0.029 0.015 0.121 0.082
130 S 0.077 0.036 0.037 0.034 0.015 0.052 0.045 0.043 0.02 0.065 0.068 0.046 0.02 0.037 0.023 0.122 0.084 0.008 0.059 0.107
131 W 0.041 0.033 0.027 0.025 0.009 0.048 0.038 0.032 0.066 0.036 0.059 0.036 0.018 0.097 0.014 0.038 0.057 0.199 0.09 0.039
132 F 0.097 0.027 0.085 0.035 0.012 0.02 0.03 0.142 0.018 0.042 0.068 0.033 0.017 0.17 0.018 0.051 0.035 0.01 0.044 0.045
133 G 0.094 0.031 0.046 0.041 0.014 0.026 0.039 0.289 0.016 0.024 0.035 0.044 0.012 0.018 0.024 0.137 0.056 0.005 0.014 0.033
134 G 0.063 0.076 0.072 0.046 0.011 0.057 0.079 0.098 0.024 0.026 0.04 0.059 0.014 0.029 0.077 0.093 0.045 0.007 0.052 0.033
135 K 0.058 0.103 0.108 0.048 0.009 0.041 0.055 0.102 0.022 0.024 0.038 0.17 0.013 0.016 0.023 0.076 0.043 0.005 0.016 0.03
136 K 0.051 0.095 0.041 0.12 0.009 0.06 0.065 0.038 0.019 0.039 0.048 0.141 0.015 0.017 0.077 0.047 0.038 0.005 0.016 0.059
137 N 0.055 0.076 0.177 0.056 0.01 0.032 0.045 0.106 0.063 0.025 0.037 0.055 0.013 0.019 0.021 0.082 0.07 0.005 0.02 0.032
138 I 0.051 0.019 0.015 0.017 0.016 0.014 0.019 0.022 0.009 0.226 0.144 0.023 0.032 0.081 0.014 0.027 0.04 0.007 0.027 0.199
139 F 0.047 0.026 0.023 0.034 0.011 0.025 0.088 0.081 0.019 0.104 0.123 0.035 0.024 0.126 0.016 0.034 0.032 0.01 0.069 0.074
140 D 0.047 0.065 0.084 0.171 0.008 0.04 0.071 0.044 0.06 0.024 0.035 0.161 0.012 0.017 0.023 0.052 0.036 0.005 0.019 0.027
141 L 0.041 0.025 0.02 0.018 0.013 0.018 0.024 0.023 0.059 0.101 0.226 0.027 0.033 0.105 0.014 0.027 0.03 0.012 0.104 0.078
142 L 0.04 0.023 0.016 0.016 0.013 0.016 0.021 0.024 0.014 0.086 0.224 0.024 0.07 0.21 0.013 0.026 0.03 0.011 0.05 0.074
143 F 0.06 0.023 0.023 0.022 0.069 0.016 0.025 0.031 0.012 0.087 0.097 0.027 0.024 0.155 0.017 0.061 0.067 0.009 0.04 0.135
144 L 0.08 0.029 0.028 0.026 0.014 0.023 0.032 0.035 0.097 0.108 0.151 0.034 0.027 0.046 0.018 0.06 0.038 0.009 0.063 0.08
145 I 0.05 0.019 0.014 0.017 0.016 0.014 0.018 0.021 0.008 0.247 0.18 0.023 0.036 0.042 0.014 0.026 0.04 0.006 0.02 0.19
146 L 0.072 0.024 0.015 0.016 0.016 0.016 0.021 0.027 0.011 0.098 0.329 0.026 0.042 0.089 0.015 0.03 0.033 0.008 0.028 0.085
147 L 0.043 0.022 0.015 0.016 0.014 0.015 0.02 0.023 0.012 0.119 0.223 0.023 0.053 0.168 0.013 0.026 0.033 0.01 0.043 0.11
148 L 0.044 0.021 0.014 0.016 0.016 0.014 0.018 0.02 0.009 0.195 0.294 0.024 0.042 0.048 0.014 0.024 0.035 0.006 0.021 0.127
149 Q 0.054 0.071 0.042 0.045 0.008 0.245 0.099 0.04 0.028 0.025 0.045 0.088 0.02 0.014 0.023 0.054 0.04 0.006 0.02 0.034
150 S 0.117 0.036 0.046 0.041 0.017 0.029 0.045 0.058 0.016 0.038 0.05 0.048 0.017 0.021 0.028 0.178 0.141 0.005 0.017 0.052
151 F 0.04 0.019 0.015 0.016 0.013 0.012 0.019 0.023 0.013 0.13 0.155 0.021 0.03 0.247 0.012 0.025 0.031 0.012 0.056 0.11
152 F 0.077 0.024 0.021 0.021 0.014 0.017 0.025 0.033 0.017 0.091 0.161 0.028 0.028 0.172 0.016 0.056 0.037 0.012 0.077 0.074
153 I 0.045 0.017 0.014 0.017 0.016 0.013 0.017 0.02 0.008 0.299 0.161 0.023 0.035 0.042 0.014 0.024 0.038 0.006 0.02 0.17
154 L 0.043 0.022 0.015 0.016 0.015 0.015 0.019 0.021 0.011 0.166 0.265 0.024 0.057 0.088 0.014 0.025 0.034 0.008 0.028 0.113
155 L 0.105 0.023 0.016 0.019 0.017 0.017 0.023 0.032 0.01 0.158 0.244 0.028 0.037 0.042 0.017 0.037 0.038 0.006 0.02 0.112
156 L 0.08 0.031 0.02 0.02 0.016 0.027 0.028 0.032 0.015 0.09 0.175 0.036 0.173 0.044 0.017 0.04 0.04 0.007 0.022 0.086
157 L 0.046 0.024 0.016 0.017 0.016 0.019 0.021 0.023 0.011 0.148 0.277 0.027 0.093 0.048 0.014 0.027 0.036 0.007 0.022 0.108
158 L 0.044 0.021 0.015 0.016 0.015 0.014 0.019 0.022 0.011 0.147 0.252 0.023 0.038 0.128 0.013 0.025 0.033 0.008 0.035 0.124
159 F 0.059 0.026 0.029 0.027 0.013 0.019 0.03 0.038 0.017 0.054 0.095 0.031 0.04 0.24 0.017 0.101 0.044 0.012 0.056 0.053
160 P 0.06 0.026 0.026 0.032 0.011 0.021 0.037 0.038 0.013 0.025 0.035 0.041 0.01 0.013 0.459 0.065 0.04 0.003 0.013 0.031
161 D 0.059 0.039 0.085 0.188 0.009 0.041 0.154 0.047 0.022 0.023 0.033 0.056 0.012 0.016 0.024 0.097 0.046 0.005 0.014 0.03
162 I 0.043 0.019 0.015 0.017 0.014 0.013 0.018 0.022 0.011 0.183 0.167 0.022 0.033 0.165 0.013 0.025 0.034 0.009 0.042 0.136
163 R 0.053 0.186 0.141 0.049 0.009 0.037 0.047 0.101 0.024 0.022 0.037 0.078 0.013 0.017 0.02 0.075 0.043 0.005 0.015 0.029
164 E 0.084 0.04 0.079 0.149 0.01 0.044 0.179 0.047 0.022 0.024 0.036 0.058 0.012 0.017 0.024 0.079 0.043 0.005 0.015 0.033
165 F 0.047 0.023 0.019 0.018 0.014 0.016 0.023 0.025 0.016 0.091 0.168 0.025 0.03 0.173 0.015 0.034 0.059 0.012 0.078 0.117
166 I 0.05 0.019 0.014 0.017 0.016 0.014 0.018 0.021 0.008 0.247 0.18 0.023 0.036 0.042 0.014 0.026 0.04 0.006 0.02 0.19
167 Q 0.054 0.071 0.042 0.045 0.008 0.245 0.099 0.04 0.028 0.025 0.045 0.088 0.02 0.014 0.023 0.054 0.04 0.006 0.02 0.034
168 S 0.129 0.038 0.049 0.045 0.017 0.031 0.049 0.065 0.018 0.03 0.042 0.051 0.015 0.02 0.029 0.231 0.075 0.005 0.017 0.043
169 L 0.044 0.024 0.053 0.024 0.013 0.017 0.024 0.027 0.02 0.127 0.169 0.028 0.03 0.1 0.015 0.031 0.035 0.012 0.099 0.11
170 I 0.05 0.019 0.014 0.017 0.016 0.014 0.018 0.021 0.008 0.247 0.18 0.023 0.036 0.042 0.014 0.026 0.04 0.006 0.02 0.19
171 R 0.043 0.37 0.037 0.03 0.007 0.047 0.05 0.032 0.022 0.022 0.045 0.116 0.015 0.017 0.019 0.043 0.034 0.006 0.017 0.03
172 T 0.071 0.036 0.076 0.042 0.016 0.028 0.04 0.047 0.016 0.045 0.057 0.045 0.018 0.022 0.026 0.105 0.228 0.005 0.017 0.06
173 D 0.047 0.054 0.052 0.22 0.008 0.065 0.137 0.041 0.021 0.023 0.034 0.113 0.012 0.015 0.023 0.052 0.036 0.004 0.014 0.028
174 S 0.132 0.035 0.048 0.13 0.014 0.033 0.087 0.059 0.018 0.029 0.041 0.05 0.014 0.019 0.027 0.146 0.057 0.005 0.015 0.041
175 E 0.053 0.055 0.04 0.073 0.008 0.123 0.249 0.036 0.026 0.023 0.039 0.078 0.015 0.015 0.024 0.053 0.037 0.005 0.017 0.031
176 L 0.078 0.024 0.019 0.02 0.016 0.018 0.024 0.029 0.011 0.158 0.221 0.029 0.053 0.042 0.017 0.039 0.064 0.006 0.02 0.112
177 E 0.052 0.046 0.042 0.124 0.007 0.058 0.297 0.035 0.024 0.021 0.034 0.069 0.012 0.016 0.024 0.053 0.035 0.005 0.015 0.029
178 R 0.039 0.215 0.028 0.024 0.009 0.032 0.037 0.028 0.023 0.037 0.069 0.074 0.018 0.16 0.015 0.035 0.03 0.012 0.076 0.039
179 M 0.05 0.031 0.019 0.019 0.015 0.027 0.027 0.027 0.015 0.097 0.189 0.035 0.193 0.046 0.015 0.035 0.039 0.008 0.023 0.089
180 A 0.247 0.033 0.034 0.035 0.019 0.027 0.043 0.071 0.016 0.037 0.052 0.046 0.016 0.021 0.029 0.138 0.058 0.005 0.017 0.058
181 A 0.132 0.049 0.132 0.053 0.013 0.095 0.063 0.061 0.025 0.03 0.045 0.062 0.016 0.018 0.024 0.069 0.046 0.005 0.018 0.043
182 T 0.07 0.031 0.038 0.034 0.017 0.024 0.035 0.094 0.013 0.059 0.066 0.04 0.019 0.023 0.024 0.078 0.223 0.006 0.017 0.089
183 Y 0.039 0.027 0.021 0.018 0.009 0.021 0.027 0.024 0.045 0.042 0.066 0.03 0.018 0.126 0.015 0.03 0.027 0.027 0.344 0.045
184 G 0.068 0.027 0.106 0.043 0.01 0.021 0.03 0.425 0.017 0.019 0.028 0.037 0.009 0.016 0.018 0.053 0.033 0.005 0.011 0.024
185 G 0.068 0.027 0.106 0.043 0.01 0.021 0.03 0.425 0.017 0.019 0.028 0.037 0.009 0.016 0.018 0.053 0.033 0.005 0.011 0.024
186 V 0.06 0.02 0.015 0.017 0.017 0.015 0.021 0.022 0.008 0.205 0.137 0.024 0.032 0.037 0.015 0.029 0.044 0.005 0.02 0.255
187 R 0.043 0.37 0.037 0.03 0.007 0.047 0.05 0.032 0.022 0.022 0.045 0.116 0.015 0.017 0.019 0.043 0.034 0.006 0.017 0.03
188 G 0.075 0.022 0.038 0.032 0.01 0.018 0.025 0.529 0.013 0.018 0.027 0.032 0.009 0.016 0.018 0.049 0.029 0.005 0.01 0.023
189 L 0.041 0.022 0.014 0.015 0.014 0.014 0.019 0.021 0.011 0.121 0.309 0.023 0.041 0.131 0.013 0.024 0.031 0.009 0.035 0.092
190 G 0.102 0.023 0.036 0.032 0.012 0.019 0.026 0.479 0.013 0.021 0.031 0.034 0.01 0.016 0.019 0.053 0.031 0.005 0.011 0.028
191 I 0.052 0.019 0.015 0.017 0.017 0.014 0.019 0.021 0.008 0.231 0.176 0.024 0.035 0.041 0.015 0.026 0.041 0.006 0.02 0.204
192 S 0.153 0.037 0.046 0.043 0.018 0.03 0.048 0.066 0.018 0.031 0.044 0.05 0.015 0.02 0.029 0.213 0.072 0.005 0.017 0.046
193 G 0.075 0.022 0.038 0.032 0.01 0.018 0.025 0.529 0.013 0.018 0.027 0.032 0.009 0.016 0.018 0.049 0.029 0.005 0.01 0.023
194 S 0.106 0.039 0.052 0.047 0.017 0.032 0.05 0.064 0.018 0.029 0.04 0.052 0.015 0.02 0.029 0.25 0.079 0.005 0.017 0.04
195 V 0.058 0.021 0.016 0.017 0.017 0.016 0.021 0.023 0.009 0.198 0.144 0.025 0.05 0.038 0.015 0.029 0.043 0.006 0.02 0.232
196 A 0.317 0.03 0.025 0.029 0.021 0.025 0.039 0.075 0.014 0.042 0.057 0.043 0.017 0.021 0.029 0.082 0.048 0.005 0.017 0.066
197 F 0.032 0.018 0.016 0.016 0.01 0.01 0.018 0.024 0.016 0.061 0.11 0.018 0.024 0.41 0.01 0.024 0.024 0.016 0.085 0.053
198 G 0.075 0.022 0.038 0.032 0.01 0.018 0.025 0.529 0.013 0.018 0.027 0.032 0.009 0.016 0.018 0.049 0.029 0.005 0.01 0.023
199 L 0.043 0.023 0.014 0.015 0.016 0.016 0.019 0.02 0.01 0.111 0.4 0.024 0.048 0.053 0.014 0.023 0.032 0.007 0.021 0.092
200 A 0.247 0.033 0.034 0.035 0.019 0.027 0.043 0.071 0.016 0.037 0.052 0.046 0.016 0.021 0.029 0.138 0.058 0.005 0.017 0.058
201 I 0.081 0.022 0.021 0.023 0.016 0.017 0.024 0.031 0.01 0.215 0.128 0.03 0.03 0.036 0.018 0.045 0.092 0.006 0.019 0.136
202 T 0.095 0.03 0.034 0.031 0.018 0.024 0.034 0.041 0.012 0.09 0.08 0.039 0.022 0.026 0.024 0.075 0.199 0.006 0.018 0.105
203 M 0.05 0.031 0.019 0.019 0.015 0.027 0.027 0.027 0.015 0.097 0.189 0.035 0.193 0.046 0.015 0.035 0.039 0.008 0.023 0.089
204 G 0.085 0.028 0.042 0.037 0.013 0.023 0.033 0.374 0.015 0.022 0.032 0.039 0.011 0.017 0.022 0.116 0.045 0.005 0.013 0.029
205 F 0.041 0.02 0.015 0.016 0.067 0.012 0.018 0.023 0.012 0.102 0.207 0.021 0.032 0.207 0.012 0.026 0.03 0.011 0.049 0.079
206 L 0.043 0.023 0.014 0.015 0.016 0.016 0.019 0.02 0.01 0.111 0.4 0.024 0.048 0.053 0.014 0.023 0.032 0.007 0.021 0.092
207 G 0.102 0.024 0.035 0.032 0.013 0.02 0.028 0.37 0.013 0.053 0.047 0.035 0.014 0.02 0.02 0.072 0.037 0.005 0.013 0.046
208 F 0.035 0.021 0.017 0.016 0.011 0.013 0.02 0.024 0.022 0.062 0.132 0.022 0.026 0.307 0.012 0.026 0.026 0.018 0.136 0.056
209 L 0.043 0.02 0.015 0.016 0.069 0.013 0.018 0.022 0.011 0.134 0.245 0.022 0.036 0.126 0.013 0.026 0.032 0.008 0.034 0.097
210 L 0.061 0.028 0.027 0.025 0.015 0.02 0.029 0.034 0.016 0.078 0.183 0.033 0.029 0.088 0.018 0.083 0.07 0.009 0.063 0.091
211 L 0.046 0.03 0.029 0.025 0.013 0.023 0.032 0.028 0.133 0.116 0.188 0.033 0.031 0.039 0.017 0.036 0.058 0.007 0.032 0.084
212 Y 0.048 0.023 0.018 0.017 0.013 0.017 0.023 0.023 0.025 0.111 0.101 0.026 0.025 0.118 0.015 0.029 0.035 0.016 0.171 0.144
213 W 0.03 0.024 0.019 0.017 0.007 0.017 0.025 0.03 0.055 0.028 0.049 0.024 0.015 0.055 0.009 0.024 0.022 0.456 0.064 0.028
214 F 0.042 0.019 0.016 0.016 0.067 0.012 0.018 0.024 0.013 0.102 0.144 0.02 0.028 0.245 0.012 0.027 0.031 0.011 0.056 0.098
215 A 0.174 0.032 0.099 0.041 0.015 0.025 0.038 0.116 0.018 0.035 0.052 0.042 0.015 0.063 0.023 0.087 0.047 0.006 0.023 0.048
216 F 0.055 0.039 0.07 0.084 0.012 0.03 0.075 0.04 0.018 0.05 0.065 0.07 0.018 0.107 0.02 0.071 0.067 0.007 0.031 0.069
217 Y 0.055 0.035 0.031 0.044 0.01 0.034 0.115 0.034 0.031 0.032 0.05 0.047 0.015 0.064 0.09 0.069 0.038 0.014 0.154 0.038
218 K 0.064 0.103 0.09 0.1 0.011 0.04 0.061 0.05 0.021 0.025 0.038 0.131 0.014 0.017 0.024 0.107 0.05 0.005 0.016 0.032
219 C 0.094 0.045 0.032 0.036 0.177 0.031 0.07 0.043 0.015 0.036 0.052 0.098 0.016 0.019 0.023 0.077 0.069 0.005 0.015 0.048
220 N 0.051 0.056 0.211 0.063 0.009 0.037 0.053 0.055 0.066 0.024 0.035 0.107 0.013 0.018 0.022 0.081 0.046 0.005 0.02 0.028
221 L 0.053 0.025 0.055 0.027 0.015 0.018 0.026 0.03 0.012 0.16 0.209 0.03 0.034 0.04 0.016 0.055 0.043 0.006 0.019 0.128
222 N 0.066 0.046 0.144 0.054 0.011 0.033 0.05 0.055 0.062 0.025 0.036 0.078 0.013 0.019 0.078 0.121 0.053 0.005 0.02 0.031
223 S 0.076 0.03 0.036 0.033 0.015 0.023 0.036 0.045 0.016 0.075 0.109 0.038 0.023 0.113 0.021 0.15 0.057 0.008 0.033 0.063
224 L 0.047 0.021 0.018 0.018 0.013 0.015 0.02 0.078 0.015 0.129 0.173 0.024 0.03 0.132 0.014 0.028 0.033 0.011 0.07 0.111
225 L 0.05 0.024 0.02 0.02 0.014 0.018 0.024 0.027 0.019 0.106 0.188 0.028 0.031 0.112 0.015 0.051 0.037 0.012 0.101 0.102
226 K 0.055 0.107 0.074 0.043 0.01 0.065 0.061 0.043 0.021 0.031 0.046 0.174 0.016 0.017 0.024 0.061 0.092 0.005 0.017 0.039
227 F 0.042 0.021 0.016 0.016 0.013 0.015 0.021 0.023 0.019 0.105 0.172 0.023 0.03 0.185 0.013 0.026 0.031 0.014 0.114 0.1
228 F 0.074 0.021 0.019 0.02 0.015 0.015 0.022 0.03 0.012 0.143 0.148 0.026 0.029 0.162 0.016 0.038 0.06 0.009 0.041 0.099
229 I 0.042 0.019 0.014 0.016 0.014 0.013 0.018 0.021 0.01 0.204 0.203 0.022 0.036 0.127 0.013 0.024 0.034 0.008 0.035 0.127
230 F 0.037 0.018 0.016 0.017 0.012 0.011 0.018 0.023 0.014 0.14 0.127 0.02 0.028 0.288 0.012 0.024 0.029 0.013 0.064 0.092
231 F 0.072 0.02 0.016 0.018 0.014 0.014 0.021 0.029 0.013 0.128 0.149 0.023 0.029 0.204 0.014 0.031 0.034 0.01 0.049 0.112
232 L 0.045 0.023 0.017 0.018 0.015 0.016 0.021 0.023 0.011 0.141 0.277 0.025 0.039 0.087 0.015 0.031 0.06 0.007 0.028 0.103
233 C 0.063 0.019 0.019 0.019 0.341 0.015 0.02 0.032 0.009 0.077 0.108 0.024 0.021 0.026 0.017 0.059 0.04 0.005 0.014 0.07
234 L 0.074 0.022 0.016 0.017 0.015 0.015 0.021 0.028 0.011 0.118 0.24 0.025 0.036 0.125 0.015 0.031 0.035 0.008 0.035 0.112
235 F 0.038 0.019 0.015 0.016 0.013 0.012 0.018 0.023 0.013 0.125 0.186 0.021 0.032 0.249 0.012 0.024 0.029 0.012 0.057 0.088
236 A 0.294 0.031 0.028 0.031 0.02 0.025 0.04 0.074 0.015 0.04 0.055 0.044 0.017 0.021 0.029 0.1 0.051 0.005 0.017 0.063
237 S 0.153 0.037 0.046 0.043 0.018 0.03 0.048 0.066 0.018 0.031 0.044 0.05 0.015 0.02 0.029 0.213 0.072 0.005 0.017 0.046
238 L 0.044 0.021 0.014 0.015 0.016 0.015 0.019 0.02 0.009 0.174 0.32 0.024 0.044 0.049 0.014 0.024 0.034 0.006 0.021 0.118
239 S 0.106 0.039 0.052 0.047 0.017 0.032 0.05 0.064 0.018 0.029 0.04 0.052 0.015 0.02 0.029 0.25 0.079 0.005 0.017 0.04
240 A 0.317 0.03 0.025 0.029 0.021 0.025 0.039 0.075 0.014 0.042 0.057 0.043 0.017 0.021 0.029 0.082 0.048 0.005 0.017 0.066
241 G 0.075 0.022 0.038 0.032 0.01 0.018 0.025 0.529 0.013 0.018 0.027 0.032 0.009 0.016 0.018 0.049 0.029 0.005 0.01 0.023
242 R 0.043 0.37 0.037 0.03 0.007 0.047 0.05 0.032 0.022 0.022 0.045 0.116 0.015 0.017 0.019 0.043 0.034 0.006 0.017 0.03
243 T 0.098 0.034 0.04 0.035 0.018 0.026 0.038 0.045 0.013 0.05 0.062 0.044 0.019 0.023 0.027 0.088 0.25 0.006 0.017 0.068
244 A 0.27 0.032 0.031 0.033 0.02 0.026 0.041 0.073 0.015 0.039 0.053 0.045 0.016 0.021 0.029 0.119 0.055 0.005 0.017 0.06
245 V 0.054 0.02 0.016 0.017 0.016 0.015 0.021 0.023 0.01 0.188 0.143 0.025 0.049 0.08 0.015 0.029 0.041 0.007 0.027 0.204
246 L 0.043 0.023 0.014 0.015 0.016 0.016 0.019 0.02 0.01 0.111 0.4 0.024 0.048 0.053 0.014 0.023 0.032 0.007 0.021 0.092
247 G 0.075 0.022 0.038 0.032 0.01 0.018 0.025 0.529 0.013 0.018 0.027 0.032 0.009 0.016 0.018 0.049 0.029 0.005 0.01 0.023
248 F 0.034 0.02 0.017 0.017 0.01 0.013 0.02 0.024 0.023 0.057 0.1 0.021 0.023 0.347 0.011 0.026 0.025 0.019 0.143 0.051
249 V 0.093 0.023 0.021 0.022 0.017 0.018 0.026 0.034 0.011 0.136 0.111 0.029 0.027 0.074 0.018 0.06 0.047 0.007 0.026 0.202
250 L 0.048 0.022 0.014 0.015 0.07 0.015 0.019 0.022 0.009 0.13 0.305 0.024 0.041 0.046 0.014 0.026 0.035 0.006 0.02 0.12
251 G 0.075 0.022 0.038 0.032 0.01 0.018 0.025 0.529 0.013 0.018 0.027 0.032 0.009 0.016 0.018 0.049 0.029 0.005 0.01 0.023
252 L 0.046 0.021 0.017 0.018 0.014 0.014 0.02 0.079 0.012 0.11 0.205 0.023 0.032 0.165 0.013 0.028 0.032 0.009 0.041 0.103
253 V 0.084 0.021 0.016 0.018 0.017 0.015 0.022 0.028 0.01 0.161 0.154 0.026 0.031 0.078 0.016 0.034 0.041 0.007 0.027 0.193
254 F 0.036 0.021 0.018 0.017 0.01 0.014 0.021 0.024 0.025 0.081 0.101 0.023 0.023 0.275 0.012 0.026 0.027 0.019 0.164 0.063
255 L 0.049 0.025 0.021 0.02 0.013 0.018 0.025 0.028 0.024 0.073 0.154 0.028 0.027 0.151 0.015 0.052 0.036 0.015 0.142 0.085
256 F 0.042 0.023 0.019 0.019 0.012 0.016 0.022 0.025 0.02 0.093 0.165 0.026 0.029 0.184 0.014 0.033 0.056 0.014 0.114 0.075
257 F 0.041 0.02 0.016 0.018 0.012 0.013 0.021 0.025 0.013 0.1 0.141 0.023 0.027 0.244 0.068 0.027 0.031 0.011 0.056 0.095
258 S 0.075 0.033 0.072 0.04 0.068 0.027 0.04 0.049 0.024 0.035 0.05 0.043 0.016 0.044 0.023 0.139 0.081 0.01 0.089 0.044
259 S 0.072 0.04 0.035 0.032 0.015 0.029 0.04 0.042 0.019 0.062 0.088 0.07 0.057 0.039 0.022 0.113 0.078 0.008 0.055 0.082
260 G 0.067 0.041 0.081 0.09 0.013 0.029 0.048 0.108 0.018 0.062 0.054 0.075 0.016 0.021 0.023 0.103 0.077 0.005 0.016 0.053
261 F 0.045 0.023 0.021 0.021 0.011 0.016 0.025 0.03 0.018 0.053 0.115 0.027 0.023 0.212 0.069 0.052 0.032 0.069 0.089 0.05
262 L 0.082 0.044 0.062 0.033 0.013 0.027 0.039 0.041 0.016 0.081 0.142 0.094 0.025 0.072 0.02 0.066 0.042 0.007 0.026 0.067
263 K 0.063 0.069 0.075 0.044 0.011 0.062 0.059 0.1 0.02 0.028 0.041 0.166 0.015 0.017 0.025 0.079 0.069 0.005 0.016 0.035
264 L 0.06 0.053 0.033 0.032 0.014 0.031 0.043 0.037 0.015 0.081 0.139 0.125 0.025 0.029 0.023 0.073 0.094 0.006 0.018 0.07
265 F 0.044 0.021 0.018 0.019 0.014 0.014 0.02 0.024 0.012 0.154 0.16 0.024 0.031 0.178 0.014 0.032 0.062 0.01 0.044 0.104
266 K 0.057 0.087 0.032 0.03 0.011 0.031 0.041 0.097 0.021 0.065 0.067 0.11 0.018 0.082 0.02 0.065 0.039 0.009 0.066 0.053
267 N 0.062 0.082 0.108 0.046 0.011 0.034 0.046 0.102 0.061 0.032 0.053 0.082 0.033 0.022 0.021 0.095 0.046 0.005 0.021 0.036
268 T 0.105 0.032 0.038 0.035 0.017 0.025 0.038 0.049 0.015 0.056 0.067 0.041 0.019 0.066 0.024 0.128 0.131 0.007 0.025 0.082
269 L 0.041 0.022 0.014 0.015 0.014 0.014 0.019 0.021 0.011 0.121 0.309 0.023 0.041 0.131 0.013 0.024 0.031 0.009 0.035 0.092
270 K 0.055 0.081 0.035 0.035 0.01 0.065 0.061 0.037 0.018 0.05 0.091 0.219 0.021 0.021 0.023 0.046 0.039 0.005 0.018 0.068
271 Y 0.044 0.039 0.026 0.026 0.01 0.093 0.048 0.028 0.028 0.075 0.112 0.046 0.025 0.103 0.017 0.036 0.033 0.014 0.135 0.061
272 L 0.063 0.028 0.026 0.024 0.016 0.02 0.029 0.033 0.012 0.091 0.252 0.033 0.035 0.04 0.019 0.082 0.071 0.006 0.02 0.101
273 V 0.053 0.02 0.015 0.017 0.016 0.014 0.02 0.022 0.009 0.189 0.166 0.023 0.033 0.081 0.014 0.027 0.04 0.007 0.027 0.205
274 Y 0.045 0.024 0.02 0.019 0.013 0.018 0.024 0.024 0.025 0.136 0.134 0.028 0.027 0.078 0.016 0.034 0.059 0.015 0.164 0.094
275 I 0.06 0.022 0.025 0.024 0.069 0.017 0.025 0.086 0.012 0.113 0.096 0.028 0.023 0.113 0.017 0.062 0.066 0.008 0.032 0.103
276 L 0.057 0.025 0.023 0.023 0.014 0.019 0.026 0.085 0.012 0.097 0.159 0.031 0.045 0.037 0.071 0.056 0.039 0.062 0.023 0.096
277 L 0.072 0.023 0.015 0.017 0.016 0.016 0.021 0.027 0.011 0.119 0.303 0.026 0.04 0.088 0.015 0.03 0.034 0.008 0.028 0.094
278 I 0.047 0.021 0.019 0.02 0.014 0.014 0.021 0.026 0.012 0.169 0.157 0.025 0.031 0.164 0.014 0.049 0.037 0.009 0.042 0.108
279 L 0.068 0.026 0.029 0.027 0.015 0.02 0.029 0.09 0.013 0.102 0.121 0.033 0.025 0.073 0.019 0.086 0.072 0.007 0.025 0.12
280 C 0.066 0.027 0.03 0.027 0.11 0.021 0.03 0.037 0.019 0.09 0.08 0.034 0.021 0.047 0.02 0.084 0.088 0.01 0.079 0.077
281 L 0.082 0.024 0.02 0.021 0.016 0.017 0.025 0.032 0.011 0.136 0.206 0.029 0.033 0.081 0.017 0.056 0.041 0.007 0.027 0.119
282 L 0.06 0.023 0.019 0.019 0.071 0.017 0.023 0.028 0.01 0.131 0.204 0.027 0.033 0.038 0.016 0.053 0.043 0.006 0.019 0.159
283 F 0.046 0.024 0.022 0.021 0.012 0.017 0.024 0.081 0.024 0.081 0.119 0.028 0.024 0.148 0.015 0.036 0.056 0.015 0.141 0.066
284 I 0.043 0.02 0.015 0.016 0.013 0.015 0.02 0.023 0.014 0.174 0.149 0.024 0.03 0.055 0.013 0.025 0.034 0.121 0.066 0.13
285 Y 0.046 0.061 0.02 0.019 0.013 0.02 0.025 0.024 0.023 0.125 0.103 0.035 0.025 0.106 0.015 0.03 0.034 0.014 0.135 0.128
286 L 0.045 0.02 0.014 0.016 0.015 0.014 0.019 0.021 0.01 0.173 0.257 0.023 0.039 0.087 0.014 0.025 0.035 0.007 0.028 0.137
287 I 0.048 0.021 0.016 0.017 0.015 0.016 0.021 0.023 0.014 0.169 0.167 0.025 0.05 0.092 0.014 0.028 0.037 0.009 0.064 0.154
288 S 0.096 0.045 0.107 0.052 0.013 0.035 0.077 0.054 0.021 0.037 0.079 0.078 0.018 0.022 0.024 0.121 0.054 0.005 0.017 0.044
289 D 0.042 0.036 0.181 0.187 0.009 0.032 0.088 0.049 0.023 0.052 0.044 0.048 0.013 0.019 0.02 0.055 0.041 0.004 0.014 0.042
290 E 0.06 0.048 0.073 0.064 0.01 0.046 0.17 0.042 0.022 0.026 0.039 0.087 0.013 0.017 0.079 0.079 0.068 0.005 0.016 0.035
291 L 0.053 0.038 0.031 0.034 0.011 0.028 0.066 0.088 0.056 0.051 0.133 0.066 0.023 0.114 0.018 0.06 0.036 0.008 0.037 0.049
292 L 0.05 0.023 0.018 0.018 0.016 0.016 0.022 0.024 0.01 0.13 0.243 0.026 0.037 0.084 0.015 0.033 0.062 0.007 0.028 0.139
293 F 0.08 0.03 0.025 0.03 0.013 0.026 0.062 0.036 0.023 0.054 0.096 0.037 0.057 0.136 0.018 0.063 0.038 0.013 0.106 0.057
294 R 0.045 0.345 0.039 0.031 0.008 0.048 0.052 0.033 0.023 0.023 0.047 0.12 0.016 0.017 0.019 0.045 0.035 0.006 0.017 0.031
295 E 0.087 0.041 0.076 0.107 0.011 0.044 0.173 0.047 0.021 0.028 0.04 0.058 0.013 0.018 0.025 0.083 0.069 0.005 0.016 0.038
296 I 0.047 0.018 0.014 0.017 0.016 0.013 0.018 0.02 0.009 0.262 0.184 0.023 0.036 0.043 0.014 0.025 0.039 0.006 0.02 0.175
297 L 0.105 0.022 0.017 0.019 0.016 0.016 0.023 0.034 0.012 0.131 0.176 0.027 0.031 0.121 0.017 0.038 0.037 0.008 0.034 0.118
298 F 0.057 0.04 0.036 0.085 0.011 0.033 0.106 0.037 0.018 0.05 0.065 0.072 0.018 0.107 0.021 0.07 0.066 0.008 0.032 0.07
299 K 0.05 0.071 0.065 0.036 0.011 0.039 0.05 0.038 0.018 0.053 0.136 0.185 0.042 0.027 0.022 0.045 0.038 0.006 0.018 0.051
300 Y 0.039 0.027 0.021 0.018 0.009 0.021 0.027 0.024 0.045 0.042 0.066 0.03 0.018 0.126 0.015 0.03 0.027 0.027 0.344 0.045
301 S 0.1 0.038 0.048 0.044 0.017 0.031 0.048 0.06 0.018 0.036 0.057 0.05 0.035 0.023 0.027 0.226 0.074 0.005 0.018 0.046
302 R 0.104 0.148 0.073 0.086 0.01 0.039 0.082 0.047 0.061 0.026 0.042 0.072 0.014 0.019 0.022 0.056 0.038 0.005 0.02 0.036
303 Y 0.039 0.027 0.021 0.018 0.009 0.021 0.027 0.024 0.045 0.042 0.066 0.03 0.018 0.126 0.015 0.03 0.027 0.027 0.344 0.045
304 A 0.183 0.027 0.024 0.026 0.019 0.022 0.033 0.051 0.012 0.092 0.086 0.036 0.023 0.027 0.023 0.078 0.051 0.005 0.018 0.166
305 F 0.032 0.018 0.016 0.016 0.01 0.01 0.018 0.024 0.016 0.061 0.11 0.018 0.024 0.41 0.01 0.024 0.024 0.016 0.085 0.053
306 Q 0.051 0.137 0.041 0.042 0.008 0.201 0.088 0.038 0.027 0.025 0.045 0.094 0.019 0.015 0.022 0.051 0.038 0.006 0.019 0.033
307 F 0.05 0.028 0.059 0.03 0.012 0.021 0.031 0.036 0.017 0.053 0.094 0.034 0.056 0.154 0.126 0.06 0.039 0.009 0.04 0.051
308 I 0.051 0.019 0.015 0.017 0.016 0.014 0.019 0.022 0.009 0.205 0.17 0.023 0.034 0.082 0.014 0.027 0.039 0.007 0.027 0.191
309 Y 0.039 0.025 0.019 0.017 0.01 0.019 0.025 0.025 0.031 0.074 0.087 0.028 0.039 0.093 0.013 0.028 0.028 0.13 0.21 0.06
310 N 0.041 0.042 0.243 0.063 0.008 0.032 0.046 0.053 0.11 0.024 0.036 0.048 0.012 0.032 0.019 0.057 0.04 0.007 0.061 0.027
311 Y 0.038 0.026 0.02 0.018 0.009 0.02 0.026 0.024 0.042 0.044 0.071 0.029 0.019 0.157 0.014 0.029 0.027 0.026 0.315 0.046
312 L 0.044 0.024 0.015 0.016 0.015 0.017 0.021 0.022 0.012 0.123 0.294 0.026 0.076 0.09 0.014 0.026 0.033 0.008 0.029 0.096
313 D 0.052 0.038 0.086 0.23 0.008 0.041 0.158 0.045 0.022 0.022 0.032 0.055 0.011 0.016 0.023 0.075 0.041 0.004 0.014 0.028
314 T 0.072 0.037 0.045 0.038 0.014 0.03 0.044 0.046 0.1 0.036 0.05 0.045 0.017 0.035 0.024 0.125 0.127 0.008 0.062 0.046
315 G 0.079 0.024 0.039 0.034 0.011 0.02 0.027 0.477 0.014 0.019 0.029 0.035 0.01 0.016 0.019 0.072 0.034 0.005 0.011 0.025
316 S 0.087 0.05 0.082 0.05 0.014 0.058 0.057 0.058 0.021 0.027 0.04 0.084 0.015 0.019 0.027 0.186 0.066 0.005 0.017 0.037
317 F 0.04 0.02 0.015 0.016 0.013 0.013 0.019 0.023 0.013 0.088 0.208 0.021 0.033 0.249 0.012 0.025 0.03 0.012 0.057 0.093
318 S 0.108 0.049 0.044 0.047 0.014 0.06 0.085 0.054 0.019 0.031 0.045 0.085 0.016 0.019 0.027 0.148 0.084 0.005 0.017 0.043
319 V 0.069 0.027 0.027 0.026 0.018 0.021 0.029 0.032 0.01 0.111 0.097 0.033 0.025 0.029 0.021 0.057 0.149 0.005 0.019 0.195
320 T 0.076 0.038 0.112 0.049 0.015 0.03 0.044 0.054 0.019 0.037 0.048 0.048 0.016 0.021 0.026 0.138 0.159 0.005 0.017 0.05
