#Seq2Logo.py -f /work3/idamei/ssn-clusterings/clustering/2205111339/clusters/0009_148/sequences.afa -o /work3/idamei/ssn-clusterings/clustering/2205111339/clusters/0009_148/sequences.logo
#Position Specific Frequency Matrix
A R N D C Q E G H I L K M F P S T W Y V
0 L 0.051 0.032 0.02 0.02 0.016 0.028 0.028 0.028 0.016 0.099 0.194 0.036 0.173 0.047 0.016 0.036 0.04 0.008 0.024 0.091
1 N 0.042 0.036 0.174 0.058 0.01 0.029 0.07 0.045 0.024 0.044 0.096 0.044 0.019 0.117 0.017 0.05 0.039 0.008 0.034 0.043
2 I 0.085 0.045 0.024 0.026 0.015 0.026 0.036 0.035 0.013 0.174 0.115 0.102 0.028 0.032 0.02 0.041 0.041 0.006 0.019 0.119
3 G 0.055 0.03 0.035 0.028 0.011 0.025 0.033 0.169 0.122 0.047 0.056 0.035 0.017 0.055 0.017 0.04 0.031 0.012 0.115 0.066
4 K 0.056 0.088 0.041 0.058 0.008 0.057 0.147 0.04 0.022 0.026 0.041 0.212 0.015 0.016 0.027 0.054 0.039 0.005 0.017 0.032
5 N 0.043 0.045 0.316 0.083 0.009 0.034 0.049 0.065 0.032 0.023 0.032 0.054 0.011 0.018 0.02 0.07 0.049 0.005 0.016 0.027
6 L 0.045 0.024 0.014 0.015 0.016 0.016 0.02 0.021 0.01 0.115 0.375 0.025 0.05 0.055 0.014 0.024 0.033 0.007 0.022 0.096
7 N 0.043 0.045 0.316 0.083 0.009 0.034 0.049 0.065 0.032 0.023 0.032 0.054 0.011 0.018 0.02 0.07 0.049 0.005 0.016 0.027
8 N 0.05 0.042 0.256 0.071 0.011 0.032 0.046 0.059 0.027 0.03 0.039 0.051 0.013 0.019 0.022 0.074 0.101 0.005 0.016 0.037
9 G 0.071 0.116 0.042 0.05 0.011 0.041 0.109 0.162 0.02 0.023 0.038 0.07 0.013 0.018 0.023 0.095 0.045 0.005 0.015 0.032
10 N 0.055 0.036 0.177 0.061 0.011 0.031 0.072 0.107 0.022 0.057 0.056 0.046 0.016 0.022 0.02 0.056 0.045 0.005 0.016 0.09
11 L 0.046 0.03 0.02 0.033 0.014 0.028 0.092 0.024 0.014 0.091 0.298 0.037 0.04 0.045 0.017 0.032 0.034 0.007 0.021 0.079
12 N 0.057 0.038 0.215 0.062 0.012 0.029 0.043 0.054 0.024 0.058 0.057 0.046 0.017 0.022 0.02 0.08 0.053 0.005 0.017 0.092
13 P 0.081 0.034 0.075 0.044 0.074 0.027 0.043 0.054 0.018 0.029 0.041 0.046 0.014 0.018 0.144 0.14 0.06 0.004 0.015 0.039
14 D 0.045 0.047 0.048 0.217 0.01 0.032 0.067 0.039 0.017 0.046 0.121 0.1 0.021 0.025 0.021 0.045 0.035 0.005 0.015 0.044
15 I 0.06 0.026 0.038 0.122 0.014 0.022 0.044 0.038 0.014 0.154 0.1 0.036 0.024 0.031 0.02 0.083 0.049 0.005 0.017 0.103
16 K 0.05 0.054 0.104 0.045 0.011 0.056 0.051 0.041 0.02 0.089 0.07 0.108 0.019 0.023 0.081 0.049 0.041 0.005 0.017 0.066
17 N 0.051 0.121 0.221 0.065 0.01 0.037 0.05 0.056 0.027 0.023 0.036 0.069 0.013 0.018 0.021 0.083 0.049 0.005 0.016 0.029
18 K 0.05 0.068 0.106 0.045 0.01 0.038 0.051 0.042 0.02 0.09 0.07 0.163 0.019 0.023 0.022 0.05 0.042 0.005 0.017 0.066
19 L 0.046 0.021 0.015 0.016 0.133 0.014 0.019 0.025 0.011 0.083 0.237 0.022 0.035 0.131 0.014 0.028 0.032 0.009 0.036 0.075
20 I 0.052 0.021 0.017 0.018 0.015 0.016 0.022 0.023 0.018 0.182 0.129 0.026 0.03 0.062 0.015 0.029 0.039 0.011 0.097 0.177
21 V 0.057 0.03 0.1 0.038 0.015 0.022 0.032 0.038 0.015 0.13 0.097 0.037 0.024 0.03 0.019 0.054 0.099 0.005 0.018 0.138
22 F 0.034 0.019 0.017 0.017 0.011 0.011 0.019 0.025 0.017 0.063 0.114 0.019 0.025 0.386 0.011 0.025 0.025 0.017 0.089 0.055
23 S 0.11 0.04 0.054 0.049 0.018 0.033 0.052 0.066 0.019 0.03 0.042 0.054 0.016 0.021 0.03 0.219 0.082 0.005 0.018 0.042
24 N 0.043 0.045 0.316 0.083 0.009 0.034 0.049 0.065 0.032 0.023 0.032 0.054 0.011 0.018 0.02 0.07 0.049 0.005 0.016 0.027
25 L 0.045 0.024 0.014 0.015 0.016 0.016 0.02 0.021 0.01 0.115 0.375 0.025 0.05 0.055 0.014 0.024 0.033 0.007 0.022 0.096
26 L 0.043 0.04 0.024 0.023 0.011 0.047 0.038 0.028 0.024 0.061 0.152 0.066 0.028 0.148 0.016 0.033 0.031 0.014 0.114 0.057
27 F 0.043 0.021 0.018 0.017 0.13 0.015 0.021 0.027 0.025 0.051 0.084 0.024 0.02 0.202 0.014 0.031 0.029 0.018 0.159 0.052
28 L 0.044 0.023 0.014 0.015 0.016 0.015 0.019 0.021 0.01 0.142 0.348 0.025 0.047 0.052 0.014 0.024 0.034 0.007 0.022 0.108
29 P 0.06 0.028 0.028 0.032 0.012 0.022 0.036 0.037 0.013 0.032 0.043 0.042 0.012 0.015 0.383 0.055 0.091 0.003 0.014 0.04
30 L 0.111 0.024 0.017 0.019 0.018 0.018 0.025 0.035 0.011 0.123 0.244 0.03 0.037 0.042 0.018 0.04 0.04 0.006 0.02 0.121
31 G 0.075 0.027 0.031 0.028 0.016 0.021 0.03 0.157 0.013 0.081 0.146 0.034 0.026 0.031 0.02 0.085 0.048 0.006 0.018 0.11
32 L 0.044 0.022 0.014 0.016 0.016 0.015 0.019 0.021 0.01 0.156 0.33 0.025 0.046 0.051 0.014 0.024 0.034 0.007 0.022 0.115
33 S 0.11 0.04 0.054 0.049 0.018 0.033 0.052 0.066 0.019 0.03 0.042 0.054 0.016 0.021 0.03 0.22 0.082 0.005 0.018 0.042
34 A 0.18 0.026 0.021 0.024 0.02 0.021 0.032 0.052 0.012 0.104 0.095 0.035 0.025 0.029 0.023 0.059 0.05 0.005 0.019 0.169
35 F 0.162 0.025 0.021 0.023 0.016 0.018 0.03 0.052 0.016 0.053 0.087 0.032 0.021 0.204 0.02 0.055 0.038 0.011 0.053 0.062
36 F 0.052 0.02 0.017 0.017 0.015 0.014 0.021 0.025 0.013 0.114 0.122 0.023 0.028 0.211 0.014 0.029 0.037 0.011 0.055 0.162
37 S 0.11 0.04 0.054 0.049 0.018 0.033 0.052 0.066 0.019 0.03 0.042 0.054 0.016 0.021 0.03 0.22 0.082 0.005 0.018 0.042
38 L 0.047 0.022 0.015 0.016 0.015 0.015 0.02 0.023 0.011 0.113 0.253 0.024 0.038 0.135 0.014 0.026 0.035 0.009 0.038 0.131
39 A 0.204 0.028 0.021 0.024 0.019 0.022 0.032 0.056 0.013 0.069 0.181 0.037 0.029 0.034 0.024 0.061 0.043 0.006 0.019 0.078
40 L 0.052 0.023 0.021 0.022 0.016 0.017 0.023 0.026 0.01 0.182 0.195 0.029 0.035 0.041 0.018 0.041 0.092 0.006 0.02 0.128
41 F 0.033 0.019 0.017 0.017 0.01 0.01 0.019 0.025 0.017 0.062 0.113 0.019 0.025 0.396 0.01 0.025 0.025 0.017 0.087 0.054
42 L 0.045 0.022 0.017 0.017 0.132 0.015 0.021 0.026 0.02 0.066 0.157 0.024 0.027 0.15 0.014 0.03 0.03 0.014 0.112 0.063
43 Y 0.056 0.029 0.029 0.026 0.011 0.022 0.032 0.035 0.034 0.043 0.068 0.034 0.019 0.146 0.018 0.08 0.04 0.02 0.21 0.046
44 P 0.056 0.025 0.023 0.031 0.01 0.02 0.036 0.036 0.013 0.025 0.036 0.041 0.01 0.013 0.501 0.043 0.036 0.003 0.013 0.031
45 L 0.044 0.024 0.014 0.015 0.016 0.016 0.02 0.021 0.01 0.114 0.385 0.025 0.049 0.054 0.014 0.024 0.033 0.007 0.022 0.095
46 L 0.049 0.024 0.017 0.017 0.015 0.018 0.022 0.025 0.013 0.109 0.205 0.026 0.07 0.133 0.014 0.029 0.037 0.009 0.038 0.13
47 F 0.061 0.025 0.026 0.025 0.014 0.017 0.028 0.035 0.015 0.079 0.099 0.029 0.024 0.212 0.017 0.078 0.045 0.011 0.053 0.107
48 L 0.108 0.026 0.017 0.019 0.017 0.018 0.025 0.035 0.011 0.096 0.303 0.03 0.041 0.046 0.018 0.039 0.037 0.007 0.021 0.088
49 I 0.052 0.018 0.015 0.017 0.017 0.014 0.019 0.021 0.009 0.252 0.156 0.024 0.035 0.041 0.015 0.027 0.042 0.006 0.02 0.2
50 F 0.045 0.019 0.016 0.017 0.014 0.013 0.019 0.024 0.013 0.142 0.13 0.022 0.029 0.218 0.013 0.027 0.034 0.011 0.054 0.141
51 L 0.051 0.02 0.015 0.017 0.017 0.015 0.019 0.021 0.009 0.21 0.211 0.024 0.038 0.044 0.015 0.026 0.04 0.006 0.021 0.181
52 G 0.083 0.027 0.037 0.033 0.014 0.022 0.031 0.281 0.013 0.057 0.056 0.036 0.016 0.022 0.021 0.091 0.047 0.005 0.015 0.092
53 L 0.106 0.023 0.018 0.02 0.016 0.016 0.024 0.036 0.012 0.125 0.18 0.028 0.032 0.129 0.017 0.039 0.037 0.009 0.037 0.098
54 L 0.044 0.022 0.014 0.016 0.016 0.015 0.019 0.021 0.01 0.156 0.33 0.025 0.046 0.051 0.014 0.024 0.034 0.007 0.022 0.115
55 S 0.108 0.04 0.053 0.048 0.017 0.033 0.052 0.065 0.019 0.029 0.041 0.053 0.015 0.021 0.029 0.231 0.081 0.005 0.017 0.041
56 P 0.056 0.025 0.023 0.031 0.01 0.02 0.036 0.036 0.013 0.025 0.036 0.041 0.01 0.013 0.501 0.043 0.036 0.003 0.013 0.031
57 L 0.05 0.023 0.015 0.016 0.017 0.016 0.021 0.022 0.009 0.126 0.321 0.025 0.044 0.049 0.015 0.026 0.037 0.007 0.022 0.141
58 L 0.041 0.023 0.015 0.015 0.015 0.015 0.02 0.022 0.012 0.101 0.317 0.023 0.043 0.139 0.013 0.024 0.031 0.009 0.038 0.085
59 D 0.065 0.037 0.054 0.132 0.012 0.032 0.058 0.048 0.104 0.032 0.043 0.047 0.015 0.022 0.024 0.104 0.1 0.006 0.026 0.039
60 P 0.129 0.028 0.031 0.033 0.014 0.023 0.036 0.17 0.014 0.028 0.04 0.041 0.012 0.017 0.203 0.079 0.043 0.004 0.014 0.04
61 V 0.055 0.105 0.022 0.02 0.015 0.023 0.029 0.026 0.013 0.109 0.138 0.048 0.029 0.078 0.016 0.033 0.04 0.007 0.028 0.166
62 L 0.112 0.027 0.025 0.024 0.016 0.02 0.029 0.041 0.014 0.068 0.155 0.033 0.028 0.124 0.02 0.056 0.091 0.009 0.036 0.072
63 R 0.044 0.355 0.038 0.031 0.008 0.048 0.052 0.032 0.023 0.023 0.046 0.118 0.015 0.017 0.019 0.044 0.034 0.006 0.017 0.031
64 R 0.044 0.164 0.107 0.042 0.008 0.038 0.047 0.04 0.03 0.028 0.047 0.101 0.015 0.045 0.019 0.048 0.037 0.011 0.094 0.034
65 L 0.039 0.021 0.015 0.016 0.013 0.013 0.019 0.023 0.013 0.088 0.249 0.022 0.037 0.225 0.012 0.024 0.029 0.012 0.055 0.074
66 Y 0.055 0.028 0.028 0.025 0.012 0.022 0.031 0.035 0.032 0.044 0.072 0.033 0.019 0.169 0.018 0.079 0.04 0.019 0.19 0.047
67 L 0.056 0.027 0.026 0.025 0.013 0.02 0.029 0.034 0.023 0.062 0.152 0.032 0.027 0.15 0.017 0.078 0.042 0.014 0.114 0.059
68 F 0.044 0.023 0.02 0.02 0.013 0.017 0.023 0.025 0.021 0.118 0.142 0.027 0.028 0.152 0.015 0.035 0.059 0.014 0.114 0.089
69 A 0.173 0.026 0.023 0.026 0.016 0.02 0.034 0.054 0.015 0.043 0.066 0.037 0.017 0.113 0.142 0.059 0.04 0.007 0.034 0.055
70 L 0.056 0.023 0.015 0.016 0.017 0.016 0.021 0.023 0.009 0.138 0.257 0.025 0.04 0.045 0.015 0.028 0.041 0.006 0.021 0.187
71 L 0.11 0.028 0.018 0.02 0.017 0.021 0.027 0.037 0.013 0.092 0.255 0.032 0.072 0.044 0.018 0.042 0.039 0.007 0.021 0.087
72 I 0.058 0.023 0.022 0.022 0.017 0.017 0.024 0.027 0.01 0.195 0.131 0.029 0.031 0.036 0.018 0.043 0.096 0.006 0.02 0.174
73 F 0.051 0.02 0.016 0.017 0.015 0.013 0.021 0.025 0.012 0.112 0.12 0.022 0.028 0.216 0.013 0.029 0.037 0.011 0.054 0.167
74 I 0.11 0.021 0.017 0.02 0.017 0.016 0.023 0.035 0.01 0.222 0.139 0.028 0.032 0.038 0.018 0.039 0.042 0.006 0.02 0.148
75 I 0.052 0.018 0.015 0.017 0.017 0.014 0.019 0.021 0.009 0.252 0.156 0.024 0.035 0.041 0.015 0.027 0.042 0.006 0.02 0.2
76 L 0.101 0.028 0.029 0.029 0.018 0.022 0.033 0.042 0.013 0.114 0.128 0.037 0.027 0.032 0.022 0.094 0.079 0.006 0.019 0.127
77 F 0.033 0.019 0.017 0.017 0.01 0.01 0.019 0.025 0.017 0.062 0.113 0.019 0.025 0.396 0.01 0.025 0.025 0.017 0.087 0.054
78 F 0.035 0.021 0.018 0.017 0.01 0.013 0.021 0.025 0.024 0.058 0.101 0.022 0.023 0.329 0.012 0.026 0.026 0.019 0.148 0.052
79 A 0.253 0.033 0.032 0.034 0.02 0.027 0.043 0.074 0.016 0.039 0.054 0.046 0.017 0.021 0.029 0.121 0.057 0.005 0.017 0.061
80 T 0.09 0.037 0.048 0.043 0.017 0.03 0.045 0.054 0.016 0.041 0.053 0.049 0.017 0.022 0.028 0.161 0.169 0.005 0.017 0.056
81 L 0.047 0.036 0.021 0.023 0.014 0.069 0.04 0.026 0.015 0.092 0.3 0.041 0.042 0.044 0.016 0.032 0.035 0.007 0.022 0.08
82 K 0.056 0.097 0.042 0.042 0.009 0.096 0.078 0.042 0.023 0.027 0.044 0.239 0.017 0.015 0.026 0.053 0.039 0.005 0.018 0.033
83 P 0.056 0.025 0.023 0.031 0.01 0.02 0.036 0.036 0.013 0.025 0.036 0.041 0.01 0.013 0.501 0.043 0.036 0.003 0.013 0.031
84 F 0.033 0.019 0.017 0.017 0.01 0.01 0.019 0.025 0.017 0.062 0.113 0.019 0.025 0.396 0.01 0.025 0.025 0.017 0.087 0.054
85 G 0.093 0.031 0.046 0.041 0.014 0.026 0.038 0.291 0.016 0.024 0.035 0.043 0.012 0.018 0.024 0.141 0.055 0.005 0.014 0.033
86 D 0.04 0.029 0.068 0.406 0.007 0.029 0.09 0.046 0.018 0.022 0.028 0.044 0.009 0.015 0.022 0.051 0.035 0.004 0.011 0.024
87 L 0.045 0.021 0.014 0.016 0.016 0.015 0.019 0.021 0.009 0.198 0.275 0.024 0.043 0.049 0.014 0.024 0.036 0.006 0.021 0.134
88 A 0.301 0.031 0.025 0.029 0.021 0.025 0.04 0.077 0.015 0.043 0.059 0.044 0.017 0.021 0.029 0.084 0.049 0.005 0.017 0.068
89 E 0.054 0.049 0.04 0.089 0.007 0.064 0.307 0.034 0.025 0.022 0.036 0.074 0.013 0.016 0.025 0.054 0.036 0.005 0.016 0.031
90 Y 0.04 0.028 0.021 0.018 0.009 0.021 0.028 0.025 0.046 0.043 0.067 0.031 0.018 0.129 0.015 0.031 0.028 0.028 0.328 0.046
91 L 0.047 0.026 0.016 0.017 0.016 0.02 0.023 0.023 0.012 0.129 0.286 0.029 0.094 0.05 0.015 0.028 0.036 0.007 0.022 0.103
92 N 0.058 0.043 0.19 0.062 0.011 0.034 0.05 0.058 0.111 0.024 0.035 0.051 0.013 0.022 0.022 0.103 0.051 0.005 0.026 0.029
93 V 0.063 0.021 0.016 0.018 0.018 0.015 0.022 0.023 0.008 0.192 0.138 0.025 0.032 0.037 0.016 0.03 0.046 0.006 0.02 0.253
94 Y 0.04 0.028 0.021 0.018 0.009 0.021 0.028 0.025 0.046 0.043 0.067 0.031 0.018 0.129 0.015 0.031 0.028 0.028 0.328 0.046
95 H 0.045 0.06 0.118 0.05 0.008 0.04 0.056 0.046 0.195 0.024 0.037 0.108 0.014 0.023 0.021 0.051 0.035 0.006 0.036 0.026
96 D 0.059 0.044 0.052 0.172 0.009 0.083 0.116 0.104 0.022 0.023 0.035 0.06 0.013 0.016 0.023 0.075 0.042 0.005 0.015 0.03
97 L 0.051 0.022 0.015 0.016 0.017 0.015 0.02 0.022 0.009 0.168 0.266 0.025 0.041 0.047 0.015 0.026 0.038 0.006 0.021 0.161
98 N 0.042 0.04 0.251 0.066 0.009 0.03 0.043 0.054 0.035 0.027 0.04 0.048 0.013 0.046 0.019 0.059 0.043 0.01 0.094 0.031
99 N 0.106 0.035 0.143 0.093 0.012 0.028 0.046 0.055 0.029 0.032 0.047 0.044 0.014 0.046 0.021 0.061 0.042 0.01 0.093 0.041
100 G 0.06 0.033 0.183 0.058 0.01 0.026 0.037 0.291 0.022 0.02 0.029 0.043 0.01 0.017 0.019 0.06 0.039 0.005 0.013 0.025
101 L 0.062 0.03 0.025 0.024 0.016 0.023 0.03 0.034 0.014 0.089 0.251 0.035 0.072 0.044 0.018 0.079 0.047 0.007 0.021 0.08
102 I 0.049 0.02 0.015 0.017 0.016 0.014 0.019 0.021 0.009 0.225 0.216 0.024 0.039 0.045 0.015 0.025 0.039 0.006 0.021 0.167
103 D 0.046 0.037 0.057 0.287 0.007 0.042 0.171 0.042 0.021 0.022 0.031 0.055 0.01 0.015 0.023 0.053 0.035 0.004 0.013 0.027
104 V 0.063 0.021 0.016 0.018 0.018 0.015 0.022 0.023 0.008 0.192 0.138 0.025 0.032 0.037 0.016 0.03 0.046 0.006 0.02 0.253
105 F 0.035 0.019 0.016 0.016 0.011 0.011 0.019 0.025 0.016 0.069 0.147 0.019 0.028 0.353 0.011 0.025 0.026 0.015 0.079 0.059
106 G 0.124 0.03 0.107 0.044 0.013 0.024 0.035 0.294 0.018 0.025 0.036 0.041 0.012 0.018 0.022 0.063 0.039 0.005 0.013 0.036
107 Y 0.04 0.028 0.021 0.018 0.009 0.021 0.028 0.025 0.046 0.043 0.067 0.031 0.018 0.129 0.015 0.031 0.028 0.028 0.328 0.046
108 P 0.082 0.032 0.038 0.039 0.014 0.027 0.044 0.05 0.016 0.027 0.038 0.047 0.013 0.017 0.265 0.137 0.058 0.004 0.015 0.036
109 R 0.044 0.355 0.038 0.031 0.008 0.048 0.052 0.032 0.023 0.023 0.046 0.118 0.015 0.017 0.019 0.044 0.034 0.006 0.017 0.031
110 F 0.033 0.019 0.017 0.017 0.01 0.01 0.019 0.025 0.017 0.062 0.113 0.019 0.025 0.396 0.01 0.025 0.025 0.017 0.087 0.054
111 G 0.077 0.023 0.039 0.033 0.011 0.019 0.025 0.517 0.013 0.019 0.028 0.033 0.009 0.016 0.019 0.051 0.029 0.005 0.011 0.024
112 D 0.045 0.052 0.114 0.137 0.008 0.034 0.059 0.044 0.029 0.029 0.042 0.104 0.013 0.044 0.021 0.051 0.038 0.01 0.093 0.032
113 G 0.077 0.023 0.039 0.033 0.011 0.019 0.025 0.517 0.013 0.019 0.028 0.033 0.009 0.016 0.019 0.051 0.029 0.005 0.011 0.024
114 L 0.05 0.023 0.015 0.016 0.017 0.016 0.021 0.022 0.009 0.126 0.321 0.025 0.044 0.049 0.015 0.026 0.037 0.007 0.022 0.141
115 E 0.054 0.049 0.04 0.089 0.007 0.064 0.307 0.034 0.025 0.022 0.036 0.074 0.013 0.016 0.025 0.054 0.036 0.005 0.016 0.031
116 F 0.037 0.018 0.016 0.017 0.012 0.011 0.018 0.024 0.015 0.117 0.126 0.02 0.028 0.308 0.011 0.025 0.029 0.014 0.071 0.084
117 L 0.05 0.03 0.018 0.019 0.016 0.025 0.026 0.026 0.014 0.103 0.242 0.033 0.142 0.049 0.015 0.033 0.038 0.008 0.023 0.092
118 F 0.037 0.018 0.016 0.017 0.012 0.011 0.018 0.024 0.015 0.117 0.126 0.02 0.028 0.308 0.011 0.025 0.029 0.014 0.071 0.084
119 L 0.044 0.024 0.014 0.015 0.016 0.016 0.02 0.021 0.01 0.114 0.385 0.025 0.049 0.054 0.014 0.024 0.033 0.007 0.022 0.095
120 A 0.178 0.027 0.02 0.023 0.019 0.021 0.031 0.05 0.012 0.09 0.158 0.035 0.029 0.033 0.022 0.056 0.045 0.006 0.019 0.128
121 F 0.039 0.018 0.016 0.017 0.013 0.012 0.018 0.023 0.013 0.154 0.135 0.021 0.03 0.249 0.012 0.025 0.031 0.012 0.059 0.104
122 L 0.051 0.032 0.02 0.02 0.016 0.028 0.028 0.028 0.016 0.099 0.194 0.036 0.173 0.047 0.016 0.036 0.04 0.008 0.024 0.091
123 K 0.056 0.106 0.041 0.041 0.008 0.053 0.07 0.043 0.02 0.027 0.043 0.289 0.015 0.015 0.027 0.053 0.039 0.005 0.017 0.032
124 F 0.045 0.018 0.016 0.017 0.132 0.012 0.019 0.027 0.013 0.07 0.102 0.02 0.024 0.257 0.013 0.03 0.031 0.012 0.06 0.083
125 V 0.058 0.02 0.015 0.017 0.017 0.015 0.02 0.022 0.008 0.222 0.147 0.024 0.034 0.039 0.015 0.029 0.044 0.006 0.02 0.227
126 G 0.077 0.023 0.039 0.033 0.011 0.019 0.025 0.517 0.013 0.019 0.028 0.033 0.009 0.016 0.019 0.051 0.029 0.005 0.011 0.024
127 Y 0.057 0.031 0.029 0.026 0.011 0.024 0.034 0.035 0.039 0.04 0.061 0.036 0.018 0.102 0.019 0.081 0.041 0.022 0.25 0.045
128 I 0.046 0.019 0.014 0.017 0.016 0.014 0.018 0.02 0.009 0.24 0.22 0.024 0.039 0.046 0.014 0.024 0.038 0.006 0.021 0.154
129 S 0.099 0.038 0.051 0.045 0.017 0.031 0.048 0.06 0.018 0.035 0.047 0.051 0.016 0.021 0.029 0.196 0.125 0.005 0.017 0.048
130 N 0.049 0.035 0.191 0.166 0.009 0.029 0.056 0.153 0.024 0.021 0.029 0.046 0.01 0.016 0.02 0.06 0.041 0.004 0.013 0.025
131 G 0.133 0.025 0.035 0.032 0.013 0.02 0.029 0.407 0.014 0.025 0.036 0.036 0.011 0.017 0.021 0.059 0.034 0.005 0.012 0.035
132 N 0.042 0.044 0.327 0.082 0.009 0.033 0.049 0.064 0.031 0.022 0.031 0.053 0.011 0.018 0.02 0.069 0.049 0.004 0.015 0.027
133 D 0.047 0.039 0.054 0.248 0.007 0.047 0.198 0.04 0.022 0.022 0.032 0.059 0.011 0.016 0.024 0.053 0.036 0.005 0.014 0.027
134 Q 0.055 0.067 0.043 0.057 0.008 0.186 0.153 0.039 0.028 0.025 0.044 0.086 0.018 0.015 0.024 0.055 0.04 0.006 0.019 0.034
135 A 0.147 0.024 0.02 0.022 0.018 0.018 0.028 0.044 0.013 0.092 0.098 0.031 0.024 0.12 0.02 0.05 0.043 0.008 0.036 0.144
136 L 0.039 0.021 0.015 0.016 0.013 0.013 0.019 0.023 0.013 0.088 0.249 0.022 0.037 0.225 0.012 0.024 0.029 0.012 0.055 0.074
137 L 0.044 0.024 0.014 0.015 0.016 0.016 0.02 0.021 0.01 0.114 0.385 0.025 0.049 0.054 0.014 0.024 0.033 0.007 0.022 0.095
138 L 0.056 0.023 0.015 0.016 0.017 0.016 0.021 0.023 0.009 0.138 0.257 0.025 0.04 0.045 0.015 0.028 0.041 0.006 0.021 0.187
139 A 0.253 0.033 0.032 0.034 0.02 0.027 0.043 0.074 0.016 0.039 0.054 0.046 0.017 0.021 0.029 0.121 0.057 0.005 0.017 0.061
140 T 0.075 0.032 0.038 0.035 0.017 0.025 0.037 0.043 0.014 0.104 0.084 0.042 0.023 0.028 0.025 0.11 0.159 0.006 0.018 0.089
141 Y 0.04 0.028 0.021 0.018 0.009 0.021 0.028 0.025 0.046 0.043 0.067 0.031 0.018 0.129 0.015 0.031 0.028 0.028 0.328 0.046
142 G 0.062 0.023 0.028 0.026 0.132 0.017 0.025 0.154 0.013 0.044 0.067 0.029 0.017 0.114 0.018 0.052 0.087 0.008 0.032 0.051
143 L 0.044 0.022 0.014 0.016 0.016 0.015 0.019 0.021 0.01 0.156 0.33 0.025 0.046 0.051 0.014 0.024 0.034 0.007 0.022 0.115
144 I 0.046 0.017 0.014 0.017 0.016 0.013 0.017 0.02 0.009 0.282 0.165 0.023 0.036 0.044 0.014 0.025 0.039 0.006 0.02 0.174
145 V 0.054 0.02 0.016 0.017 0.016 0.014 0.021 0.023 0.01 0.167 0.134 0.023 0.031 0.127 0.014 0.029 0.04 0.008 0.037 0.197
146 A 0.122 0.027 0.027 0.028 0.016 0.02 0.032 0.047 0.015 0.104 0.094 0.035 0.023 0.12 0.021 0.091 0.049 0.008 0.036 0.084
147 L 0.045 0.022 0.017 0.017 0.132 0.015 0.021 0.026 0.02 0.066 0.157 0.024 0.027 0.15 0.014 0.03 0.03 0.014 0.112 0.063
148 L 0.044 0.022 0.014 0.016 0.016 0.015 0.019 0.021 0.01 0.156 0.33 0.025 0.046 0.051 0.014 0.024 0.034 0.007 0.022 0.115
149 S 0.08 0.033 0.042 0.037 0.016 0.026 0.04 0.05 0.017 0.043 0.065 0.043 0.019 0.115 0.024 0.145 0.111 0.008 0.035 0.052
150 L 0.063 0.053 0.109 0.046 0.013 0.034 0.047 0.048 0.02 0.048 0.125 0.105 0.023 0.027 0.023 0.094 0.05 0.005 0.018 0.049
151 I 0.046 0.019 0.014 0.017 0.016 0.014 0.018 0.02 0.009 0.24 0.22 0.024 0.039 0.046 0.014 0.024 0.038 0.006 0.021 0.154
152 L 0.057 0.023 0.022 0.021 0.135 0.017 0.023 0.029 0.01 0.123 0.17 0.028 0.03 0.035 0.018 0.045 0.091 0.006 0.018 0.099
153 K 0.053 0.168 0.04 0.038 0.008 0.051 0.065 0.04 0.021 0.026 0.043 0.246 0.015 0.016 0.025 0.051 0.038 0.005 0.017 0.032
154 D 0.049 0.048 0.058 0.268 0.008 0.034 0.077 0.104 0.018 0.023 0.031 0.104 0.011 0.015 0.023 0.052 0.035 0.004 0.012 0.026
155 I 0.052 0.018 0.015 0.017 0.017 0.014 0.019 0.021 0.009 0.252 0.156 0.024 0.035 0.041 0.015 0.027 0.042 0.006 0.02 0.2
156 D 0.042 0.035 0.13 0.299 0.008 0.033 0.098 0.05 0.022 0.022 0.029 0.049 0.01 0.016 0.022 0.056 0.038 0.004 0.013 0.025
157 S 0.078 0.055 0.086 0.095 0.013 0.037 0.061 0.057 0.021 0.027 0.039 0.111 0.014 0.018 0.027 0.144 0.061 0.005 0.016 0.035
158 R 0.05 0.23 0.04 0.036 0.008 0.05 0.061 0.037 0.022 0.025 0.044 0.204 0.015 0.016 0.023 0.048 0.037 0.005 0.017 0.031
159 F 0.037 0.023 0.019 0.018 0.01 0.016 0.023 0.025 0.031 0.053 0.09 0.025 0.022 0.262 0.013 0.028 0.026 0.022 0.208 0.05
160 G 0.058 0.139 0.04 0.038 0.009 0.086 0.062 0.158 0.021 0.024 0.041 0.133 0.015 0.016 0.022 0.051 0.036 0.005 0.016 0.03
161 L 0.05 0.023 0.015 0.016 0.017 0.016 0.021 0.022 0.009 0.126 0.321 0.025 0.044 0.049 0.015 0.026 0.037 0.007 0.022 0.141
162 L 0.045 0.026 0.018 0.018 0.015 0.02 0.023 0.025 0.015 0.093 0.221 0.029 0.105 0.136 0.014 0.03 0.034 0.01 0.039 0.083
163 L 0.044 0.022 0.014 0.016 0.016 0.015 0.019 0.021 0.01 0.156 0.33 0.025 0.046 0.051 0.014 0.024 0.034 0.007 0.022 0.115
164 L 0.041 0.023 0.015 0.015 0.015 0.015 0.02 0.022 0.012 0.101 0.317 0.023 0.043 0.139 0.013 0.024 0.031 0.009 0.038 0.085
165 G 0.082 0.025 0.037 0.033 0.132 0.02 0.03 0.283 0.013 0.028 0.04 0.035 0.013 0.018 0.021 0.093 0.044 0.005 0.013 0.036
166 L 0.051 0.027 0.021 0.02 0.016 0.019 0.025 0.026 0.011 0.098 0.305 0.03 0.042 0.046 0.017 0.041 0.089 0.007 0.021 0.089
167 F 0.042 0.019 0.017 0.017 0.013 0.012 0.02 0.025 0.015 0.087 0.116 0.02 0.027 0.306 0.012 0.027 0.031 0.014 0.071 0.111
168 F 0.033 0.019 0.017 0.017 0.01 0.01 0.019 0.025 0.017 0.062 0.113 0.019 0.025 0.396 0.01 0.025 0.025 0.017 0.087 0.054
169 L 0.039 0.021 0.015 0.016 0.013 0.013 0.019 0.023 0.013 0.088 0.249 0.022 0.037 0.225 0.012 0.024 0.029 0.012 0.055 0.074
170 N 0.059 0.043 0.259 0.073 0.011 0.033 0.049 0.065 0.028 0.024 0.034 0.053 0.012 0.018 0.022 0.109 0.057 0.005 0.016 0.03
171 L 0.044 0.024 0.014 0.015 0.016 0.016 0.02 0.021 0.01 0.114 0.385 0.025 0.049 0.054 0.014 0.024 0.033 0.007 0.022 0.095
172 G 0.077 0.023 0.039 0.033 0.011 0.019 0.025 0.517 0.013 0.019 0.028 0.033 0.009 0.016 0.019 0.051 0.029 0.005 0.011 0.024
173 F 0.033 0.019 0.017 0.017 0.01 0.01 0.019 0.025 0.017 0.062 0.113 0.019 0.025 0.396 0.01 0.025 0.025 0.017 0.087 0.054
174 I 0.053 0.022 0.016 0.018 0.017 0.018 0.021 0.023 0.01 0.206 0.163 0.027 0.069 0.042 0.015 0.029 0.042 0.006 0.021 0.18
175 E 0.054 0.049 0.04 0.089 0.007 0.064 0.307 0.034 0.025 0.022 0.036 0.074 0.013 0.016 0.025 0.054 0.036 0.005 0.016 0.031
176 V 0.079 0.026 0.026 0.025 0.018 0.02 0.03 0.035 0.011 0.129 0.107 0.033 0.027 0.032 0.02 0.082 0.057 0.005 0.02 0.22
177 T 0.074 0.033 0.038 0.034 0.017 0.026 0.037 0.043 0.014 0.062 0.139 0.042 0.026 0.03 0.024 0.11 0.157 0.006 0.019 0.069
178 S 0.108 0.04 0.053 0.048 0.017 0.033 0.052 0.065 0.019 0.029 0.041 0.053 0.015 0.021 0.029 0.231 0.081 0.005 0.017 0.041
179 Y 0.04 0.028 0.021 0.018 0.009 0.021 0.028 0.025 0.046 0.043 0.067 0.031 0.018 0.129 0.015 0.031 0.028 0.028 0.328 0.046
180 F 0.033 0.019 0.017 0.017 0.01 0.01 0.019 0.025 0.017 0.062 0.113 0.019 0.025 0.396 0.01 0.025 0.025 0.017 0.087 0.054
181 L 0.044 0.024 0.014 0.015 0.016 0.016 0.02 0.021 0.01 0.114 0.385 0.025 0.049 0.054 0.014 0.024 0.033 0.007 0.022 0.095
182 R 0.044 0.355 0.038 0.031 0.008 0.048 0.052 0.032 0.023 0.023 0.046 0.118 0.015 0.017 0.019 0.044 0.034 0.006 0.017 0.031
183 Q 0.055 0.072 0.043 0.046 0.009 0.226 0.101 0.041 0.029 0.026 0.046 0.09 0.02 0.014 0.023 0.055 0.041 0.006 0.02 0.035
184 V 0.057 0.026 0.093 0.034 0.016 0.02 0.028 0.033 0.014 0.157 0.113 0.032 0.027 0.033 0.017 0.04 0.046 0.005 0.019 0.19
185 L 0.044 0.022 0.014 0.016 0.016 0.015 0.019 0.021 0.01 0.156 0.33 0.025 0.046 0.051 0.014 0.024 0.034 0.007 0.022 0.115
186 S 0.108 0.04 0.053 0.048 0.017 0.033 0.052 0.065 0.019 0.029 0.041 0.053 0.015 0.021 0.029 0.231 0.081 0.005 0.017 0.041
187 V 0.064 0.024 0.022 0.022 0.018 0.018 0.026 0.028 0.01 0.165 0.122 0.03 0.029 0.034 0.019 0.045 0.099 0.006 0.02 0.201
188 L 0.056 0.023 0.015 0.016 0.017 0.016 0.021 0.023 0.009 0.138 0.257 0.025 0.04 0.045 0.015 0.028 0.041 0.006 0.021 0.187
189 L 0.054 0.021 0.015 0.017 0.017 0.015 0.02 0.022 0.009 0.195 0.206 0.025 0.037 0.043 0.015 0.027 0.041 0.006 0.021 0.194
190 F 0.033 0.019 0.017 0.017 0.01 0.01 0.019 0.025 0.017 0.062 0.113 0.019 0.025 0.396 0.01 0.025 0.025 0.017 0.087 0.054
191 L 0.044 0.024 0.014 0.015 0.016 0.016 0.02 0.021 0.01 0.114 0.385 0.025 0.049 0.054 0.014 0.024 0.033 0.007 0.022 0.095
192 Y 0.04 0.032 0.098 0.034 0.009 0.024 0.033 0.034 0.042 0.038 0.058 0.036 0.017 0.101 0.017 0.04 0.033 0.022 0.25 0.041
193 A 0.221 0.03 0.032 0.033 0.018 0.025 0.038 0.186 0.015 0.035 0.049 0.042 0.015 0.02 0.027 0.094 0.048 0.005 0.016 0.054
194 I 0.052 0.018 0.015 0.017 0.017 0.014 0.019 0.021 0.009 0.252 0.156 0.024 0.035 0.041 0.015 0.027 0.042 0.006 0.02 0.2
195 N 0.043 0.053 0.178 0.055 0.009 0.032 0.046 0.049 0.025 0.033 0.054 0.103 0.016 0.112 0.019 0.054 0.04 0.008 0.034 0.035
196 C 0.065 0.016 0.016 0.016 0.483 0.012 0.016 0.033 0.008 0.045 0.065 0.02 0.016 0.02 0.016 0.041 0.037 0.004 0.012 0.057
197 V 0.07 0.022 0.017 0.018 0.019 0.017 0.023 0.025 0.008 0.165 0.13 0.026 0.032 0.036 0.017 0.033 0.049 0.006 0.021 0.268
198 K 0.062 0.073 0.04 0.053 0.009 0.049 0.123 0.043 0.021 0.026 0.04 0.175 0.014 0.016 0.086 0.074 0.043 0.005 0.016 0.033
199 N 0.058 0.119 0.15 0.054 0.012 0.035 0.047 0.051 0.023 0.031 0.044 0.067 0.015 0.019 0.023 0.088 0.101 0.005 0.017 0.04
200 R 0.067 0.196 0.043 0.037 0.013 0.039 0.048 0.043 0.02 0.032 0.049 0.084 0.016 0.02 0.024 0.103 0.102 0.006 0.017 0.043
201 F 0.043 0.125 0.028 0.026 0.01 0.031 0.04 0.031 0.019 0.048 0.101 0.112 0.022 0.178 0.017 0.037 0.032 0.01 0.047 0.046
202 K 0.06 0.068 0.037 0.035 0.071 0.039 0.052 0.041 0.06 0.04 0.087 0.162 0.02 0.023 0.023 0.068 0.042 0.006 0.022 0.043
203 R 0.05 0.23 0.04 0.036 0.008 0.05 0.061 0.037 0.022 0.025 0.044 0.204 0.015 0.016 0.023 0.048 0.037 0.005 0.017 0.031
204 W 0.032 0.024 0.017 0.016 0.008 0.017 0.024 0.029 0.023 0.033 0.056 0.024 0.016 0.077 0.009 0.024 0.024 0.382 0.132 0.034
205 V 0.057 0.021 0.015 0.017 0.017 0.015 0.021 0.022 0.009 0.18 0.202 0.025 0.037 0.042 0.015 0.028 0.042 0.006 0.021 0.207
206 L 0.04 0.024 0.017 0.016 0.013 0.016 0.022 0.023 0.021 0.083 0.237 0.025 0.035 0.158 0.013 0.026 0.03 0.015 0.115 0.072
207 F 0.033 0.019 0.017 0.017 0.01 0.01 0.019 0.025 0.017 0.062 0.113 0.019 0.025 0.396 0.01 0.025 0.025 0.017 0.087 0.054
208 L 0.048 0.02 0.015 0.016 0.134 0.014 0.018 0.024 0.01 0.132 0.216 0.022 0.035 0.086 0.014 0.028 0.034 0.007 0.027 0.1
209 L 0.051 0.022 0.015 0.016 0.017 0.015 0.02 0.022 0.009 0.168 0.266 0.025 0.041 0.047 0.015 0.026 0.038 0.006 0.021 0.161
210 S 0.156 0.037 0.046 0.043 0.018 0.031 0.049 0.068 0.018 0.033 0.046 0.051 0.016 0.021 0.029 0.195 0.073 0.005 0.017 0.048
211 F 0.051 0.02 0.016 0.017 0.015 0.013 0.021 0.025 0.012 0.112 0.12 0.022 0.028 0.216 0.013 0.029 0.037 0.011 0.054 0.167
212 F 0.047 0.026 0.024 0.023 0.014 0.019 0.026 0.03 0.016 0.069 0.121 0.029 0.061 0.216 0.016 0.044 0.087 0.012 0.054 0.067
213 F 0.052 0.024 0.026 0.025 0.012 0.016 0.027 0.035 0.017 0.054 0.095 0.027 0.023 0.302 0.015 0.077 0.039 0.014 0.07 0.051
214 H 0.041 0.045 0.053 0.038 0.007 0.038 0.053 0.038 0.365 0.023 0.038 0.045 0.015 0.03 0.019 0.041 0.026 0.007 0.056 0.023
215 I 0.053 0.021 0.016 0.018 0.017 0.016 0.021 0.023 0.01 0.221 0.161 0.026 0.058 0.042 0.015 0.028 0.042 0.006 0.021 0.187
216 S 0.108 0.04 0.053 0.048 0.017 0.033 0.052 0.065 0.019 0.029 0.041 0.053 0.015 0.021 0.029 0.231 0.081 0.005 0.017 0.041
217 A 0.301 0.031 0.025 0.029 0.021 0.025 0.04 0.077 0.015 0.043 0.059 0.044 0.017 0.021 0.029 0.084 0.049 0.005 0.017 0.068
218 V 0.121 0.023 0.018 0.02 0.019 0.018 0.026 0.037 0.01 0.162 0.12 0.03 0.029 0.034 0.019 0.043 0.046 0.005 0.02 0.2
219 V 0.058 0.02 0.015 0.017 0.017 0.015 0.02 0.022 0.008 0.222 0.147 0.024 0.034 0.039 0.015 0.029 0.044 0.006 0.02 0.227
220 N 0.042 0.044 0.327 0.082 0.009 0.033 0.049 0.064 0.031 0.022 0.031 0.053 0.011 0.018 0.02 0.069 0.049 0.004 0.015 0.027
221 I 0.052 0.018 0.015 0.017 0.017 0.014 0.019 0.021 0.009 0.252 0.156 0.024 0.035 0.041 0.015 0.027 0.042 0.006 0.02 0.2
222 G 0.056 0.02 0.021 0.021 0.014 0.015 0.021 0.147 0.012 0.131 0.109 0.025 0.025 0.123 0.015 0.033 0.036 0.008 0.035 0.133
223 I 0.052 0.018 0.015 0.017 0.017 0.014 0.019 0.021 0.009 0.252 0.156 0.024 0.035 0.041 0.015 0.027 0.042 0.006 0.02 0.2
224 Y 0.04 0.028 0.021 0.018 0.009 0.021 0.028 0.025 0.046 0.043 0.067 0.031 0.018 0.129 0.015 0.031 0.028 0.028 0.328 0.046
225 L 0.109 0.024 0.017 0.019 0.017 0.018 0.024 0.035 0.011 0.138 0.248 0.029 0.038 0.043 0.018 0.039 0.039 0.006 0.02 0.108
226 L 0.083 0.024 0.02 0.021 0.016 0.017 0.025 0.033 0.012 0.096 0.172 0.028 0.031 0.127 0.017 0.042 0.065 0.009 0.037 0.124
227 Y 0.17 0.029 0.023 0.024 0.015 0.023 0.034 0.051 0.03 0.043 0.063 0.037 0.018 0.075 0.022 0.057 0.038 0.016 0.173 0.057
228 L 0.048 0.046 0.022 0.023 0.013 0.027 0.034 0.029 0.015 0.082 0.217 0.093 0.069 0.085 0.017 0.034 0.035 0.008 0.029 0.073
229 L 0.052 0.025 0.021 0.021 0.016 0.018 0.024 0.026 0.011 0.14 0.25 0.029 0.038 0.044 0.017 0.041 0.091 0.006 0.02 0.108
230 L 0.047 0.026 0.024 0.022 0.013 0.019 0.026 0.028 0.022 0.068 0.157 0.03 0.028 0.151 0.017 0.043 0.086 0.014 0.114 0.066
231 G 0.064 0.126 0.039 0.034 0.009 0.034 0.043 0.277 0.017 0.022 0.036 0.118 0.012 0.016 0.021 0.049 0.033 0.005 0.014 0.028
232 K 0.065 0.07 0.051 0.134 0.01 0.042 0.07 0.049 0.02 0.026 0.038 0.169 0.014 0.016 0.026 0.097 0.048 0.005 0.016 0.032
233 K 0.056 0.101 0.041 0.042 0.008 0.074 0.074 0.042 0.021 0.027 0.043 0.264 0.016 0.015 0.027 0.053 0.039 0.005 0.017 0.033
234 K 0.054 0.083 0.034 0.035 0.01 0.043 0.057 0.037 0.017 0.091 0.073 0.222 0.021 0.022 0.024 0.046 0.039 0.005 0.018 0.068
235 V 0.049 0.024 0.03 0.115 0.013 0.02 0.04 0.029 0.02 0.127 0.097 0.031 0.024 0.056 0.017 0.035 0.038 0.011 0.095 0.131
236 S 0.092 0.041 0.122 0.057 0.015 0.033 0.051 0.065 0.022 0.027 0.039 0.053 0.014 0.02 0.027 0.191 0.073 0.005 0.017 0.038
237 F 0.045 0.023 0.017 0.017 0.013 0.016 0.023 0.025 0.021 0.085 0.132 0.025 0.027 0.154 0.013 0.028 0.032 0.076 0.12 0.111
238 P 0.12 0.037 0.027 0.031 0.015 0.072 0.05 0.044 0.016 0.064 0.067 0.05 0.02 0.021 0.142 0.054 0.044 0.005 0.018 0.103
239 R 0.045 0.344 0.039 0.031 0.008 0.048 0.052 0.033 0.023 0.023 0.047 0.12 0.016 0.017 0.019 0.045 0.035 0.006 0.017 0.031
240 I 0.047 0.018 0.015 0.018 0.016 0.013 0.018 0.021 0.009 0.27 0.168 0.024 0.037 0.044 0.015 0.025 0.04 0.006 0.021 0.177
241 I 0.047 0.018 0.015 0.018 0.016 0.013 0.018 0.021 0.009 0.27 0.168 0.024 0.037 0.044 0.015 0.025 0.04 0.006 0.021 0.177
242 K 0.057 0.107 0.042 0.042 0.009 0.054 0.071 0.043 0.021 0.028 0.043 0.277 0.016 0.016 0.028 0.054 0.04 0.005 0.017 0.033
243 A 0.29 0.031 0.026 0.03 0.022 0.026 0.041 0.078 0.015 0.043 0.059 0.045 0.018 0.022 0.03 0.085 0.05 0.005 0.018 0.069
244 L 0.054 0.042 0.021 0.023 0.015 0.025 0.033 0.027 0.012 0.146 0.18 0.091 0.033 0.037 0.018 0.033 0.04 0.006 0.02 0.145
245 V 0.058 0.02 0.015 0.017 0.017 0.015 0.02 0.022 0.008 0.222 0.147 0.024 0.034 0.039 0.015 0.029 0.044 0.006 0.02 0.227
246 I 0.047 0.018 0.015 0.018 0.016 0.013 0.018 0.021 0.009 0.271 0.168 0.024 0.037 0.044 0.015 0.025 0.04 0.006 0.021 0.177
247 L 0.074 0.023 0.016 0.017 0.017 0.016 0.023 0.028 0.01 0.122 0.217 0.026 0.036 0.086 0.016 0.033 0.04 0.007 0.029 0.165
248 F 0.036 0.02 0.016 0.016 0.012 0.012 0.019 0.024 0.015 0.075 0.181 0.02 0.031 0.31 0.011 0.025 0.027 0.014 0.071 0.064
249 S 0.14 0.033 0.036 0.035 0.018 0.027 0.041 0.057 0.016 0.054 0.131 0.044 0.024 0.029 0.025 0.143 0.061 0.006 0.018 0.061
250 F 0.039 0.02 0.015 0.016 0.013 0.012 0.019 0.023 0.013 0.13 0.194 0.021 0.034 0.222 0.012 0.025 0.031 0.012 0.054 0.094
251 L 0.063 0.027 0.025 0.025 0.016 0.02 0.028 0.034 0.012 0.137 0.223 0.033 0.036 0.042 0.019 0.083 0.049 0.006 0.02 0.102
252 A 0.165 0.028 0.025 0.027 0.019 0.022 0.033 0.052 0.013 0.108 0.13 0.037 0.027 0.031 0.023 0.08 0.05 0.006 0.019 0.108
253 G 0.133 0.025 0.035 0.032 0.013 0.02 0.029 0.407 0.014 0.025 0.036 0.036 0.011 0.017 0.021 0.059 0.034 0.005 0.012 0.035
254 L 0.145 0.028 0.023 0.024 0.018 0.022 0.03 0.046 0.013 0.099 0.171 0.036 0.047 0.036 0.022 0.056 0.069 0.006 0.02 0.091
255 L 0.052 0.025 0.019 0.019 0.016 0.018 0.024 0.026 0.011 0.117 0.324 0.028 0.044 0.049 0.016 0.05 0.039 0.007 0.021 0.095
256 V 0.054 0.02 0.016 0.017 0.016 0.014 0.021 0.023 0.01 0.167 0.134 0.023 0.031 0.127 0.014 0.029 0.04 0.008 0.037 0.197
257 V 0.055 0.021 0.016 0.017 0.016 0.014 0.021 0.024 0.011 0.124 0.152 0.023 0.031 0.157 0.014 0.029 0.039 0.009 0.043 0.182
258 F 0.033 0.019 0.017 0.017 0.01 0.01 0.019 0.025 0.017 0.063 0.113 0.019 0.025 0.393 0.01 0.025 0.025 0.017 0.088 0.054
259 G 0.056 0.021 0.028 0.025 0.011 0.015 0.022 0.269 0.015 0.041 0.071 0.026 0.017 0.203 0.015 0.038 0.027 0.011 0.05 0.039
260 L 0.057 0.023 0.015 0.016 0.018 0.016 0.022 0.023 0.009 0.139 0.254 0.026 0.04 0.045 0.015 0.028 0.041 0.006 0.021 0.184
261 L 0.05 0.023 0.015 0.016 0.017 0.016 0.021 0.022 0.009 0.126 0.321 0.025 0.044 0.049 0.015 0.026 0.037 0.007 0.022 0.141
262 Y 0.038 0.025 0.02 0.018 0.009 0.019 0.025 0.025 0.039 0.048 0.079 0.028 0.02 0.196 0.014 0.029 0.027 0.025 0.268 0.048
263 L 0.047 0.027 0.093 0.033 0.014 0.019 0.028 0.034 0.016 0.09 0.164 0.031 0.029 0.126 0.015 0.038 0.039 0.008 0.036 0.114
264 T 0.09 0.037 0.048 0.043 0.017 0.03 0.045 0.054 0.016 0.041 0.053 0.049 0.017 0.022 0.028 0.161 0.169 0.005 0.017 0.056
265 P 0.056 0.025 0.023 0.031 0.01 0.02 0.036 0.036 0.013 0.025 0.036 0.041 0.01 0.013 0.501 0.043 0.036 0.003 0.013 0.031
266 L 0.051 0.022 0.015 0.016 0.017 0.015 0.02 0.022 0.009 0.168 0.266 0.025 0.041 0.047 0.015 0.026 0.038 0.006 0.021 0.161
267 Y 0.048 0.024 0.025 0.022 0.01 0.018 0.025 0.148 0.03 0.042 0.069 0.028 0.018 0.167 0.015 0.034 0.027 0.019 0.188 0.043
268 D 0.061 0.051 0.058 0.225 0.01 0.036 0.075 0.05 0.019 0.025 0.035 0.108 0.012 0.016 0.025 0.097 0.047 0.004 0.014 0.03
269 L 0.048 0.02 0.015 0.017 0.015 0.014 0.02 0.023 0.011 0.155 0.198 0.023 0.035 0.132 0.014 0.027 0.036 0.009 0.038 0.151
270 L 0.05 0.023 0.015 0.016 0.017 0.016 0.02 0.022 0.009 0.147 0.293 0.025 0.043 0.048 0.015 0.026 0.038 0.006 0.021 0.151
271 L 0.047 0.022 0.015 0.016 0.015 0.015 0.02 0.023 0.011 0.113 0.253 0.024 0.038 0.135 0.014 0.026 0.035 0.009 0.038 0.131
272 D 0.069 0.044 0.052 0.134 0.013 0.079 0.07 0.049 0.02 0.032 0.045 0.058 0.016 0.018 0.025 0.107 0.103 0.005 0.017 0.042
273 K 0.054 0.133 0.041 0.04 0.008 0.074 0.071 0.041 0.022 0.027 0.043 0.243 0.016 0.015 0.026 0.052 0.039 0.005 0.017 0.032
274 F 0.043 0.023 0.023 0.022 0.012 0.015 0.024 0.029 0.016 0.06 0.1 0.025 0.024 0.303 0.015 0.042 0.083 0.014 0.07 0.058
275 L 0.067 0.031 0.031 0.029 0.017 0.023 0.033 0.038 0.013 0.077 0.219 0.037 0.033 0.038 0.021 0.093 0.101 0.006 0.02 0.075
276 D 0.075 0.038 0.125 0.146 0.013 0.032 0.06 0.06 0.022 0.026 0.035 0.051 0.013 0.018 0.025 0.146 0.061 0.005 0.015 0.033
277 V 0.069 0.022 0.016 0.018 0.019 0.016 0.023 0.024 0.008 0.162 0.128 0.026 0.031 0.035 0.016 0.032 0.049 0.005 0.02 0.28
278 S 0.093 0.034 0.044 0.04 0.017 0.028 0.043 0.054 0.016 0.092 0.072 0.046 0.021 0.026 0.026 0.18 0.07 0.005 0.018 0.074
279 S 0.085 0.04 0.046 0.059 0.013 0.041 0.132 0.13 0.02 0.025 0.037 0.057 0.014 0.018 0.026 0.142 0.057 0.005 0.016 0.035
280 N 0.042 0.044 0.327 0.082 0.009 0.033 0.049 0.064 0.031 0.022 0.031 0.053 0.011 0.018 0.02 0.069 0.049 0.004 0.015 0.027
281 D 0.057 0.032 0.064 0.317 0.01 0.03 0.08 0.051 0.019 0.024 0.031 0.046 0.011 0.016 0.024 0.096 0.046 0.004 0.013 0.028
282 K 0.056 0.097 0.042 0.042 0.009 0.096 0.078 0.042 0.023 0.027 0.044 0.239 0.017 0.015 0.026 0.053 0.039 0.005 0.018 0.033
283 F 0.035 0.021 0.018 0.017 0.01 0.013 0.021 0.025 0.024 0.058 0.101 0.022 0.023 0.329 0.012 0.026 0.026 0.019 0.148 0.052
284 S 0.099 0.038 0.051 0.045 0.017 0.031 0.048 0.06 0.018 0.035 0.047 0.051 0.016 0.021 0.029 0.196 0.125 0.005 0.017 0.048
285 T 0.058 0.112 0.034 0.03 0.015 0.03 0.037 0.035 0.015 0.06 0.14 0.058 0.026 0.029 0.022 0.063 0.146 0.006 0.019 0.066
286 L 0.044 0.024 0.014 0.015 0.016 0.016 0.02 0.021 0.01 0.114 0.385 0.025 0.049 0.054 0.014 0.024 0.033 0.007 0.022 0.095
287 P 0.056 0.025 0.023 0.031 0.01 0.02 0.036 0.036 0.013 0.025 0.036 0.041 0.01 0.013 0.501 0.043 0.036 0.003 0.013 0.031
288 L 0.046 0.023 0.015 0.016 0.016 0.015 0.02 0.022 0.011 0.113 0.319 0.024 0.044 0.094 0.014 0.025 0.034 0.008 0.03 0.113
289 N 0.046 0.04 0.251 0.069 0.009 0.03 0.045 0.057 0.026 0.023 0.032 0.05 0.011 0.016 0.14 0.062 0.045 0.004 0.015 0.028
290 Y 0.04 0.028 0.021 0.018 0.009 0.021 0.028 0.025 0.046 0.043 0.067 0.031 0.018 0.129 0.015 0.031 0.028 0.028 0.328 0.046
291 I 0.055 0.019 0.015 0.017 0.017 0.014 0.02 0.022 0.008 0.237 0.152 0.024 0.034 0.04 0.015 0.028 0.043 0.006 0.02 0.214
292 I 0.048 0.021 0.016 0.018 0.016 0.017 0.02 0.022 0.01 0.236 0.173 0.026 0.07 0.045 0.015 0.027 0.039 0.006 0.021 0.153
293 I 0.053 0.022 0.016 0.018 0.017 0.018 0.021 0.023 0.01 0.206 0.163 0.027 0.069 0.042 0.015 0.029 0.042 0.006 0.021 0.18
294 T 0.072 0.035 0.043 0.037 0.018 0.027 0.039 0.043 0.014 0.053 0.064 0.045 0.019 0.023 0.027 0.091 0.258 0.006 0.018 0.07
295 L 0.062 0.029 0.029 0.027 0.017 0.021 0.03 0.032 0.011 0.105 0.163 0.035 0.03 0.035 0.021 0.059 0.148 0.006 0.019 0.12
296 V 0.127 0.024 0.018 0.02 0.02 0.018 0.027 0.038 0.01 0.132 0.111 0.03 0.028 0.032 0.02 0.045 0.049 0.005 0.02 0.227
297 N 0.042 0.044 0.327 0.082 0.009 0.033 0.049 0.064 0.031 0.022 0.031 0.053 0.011 0.018 0.02 0.069 0.049 0.004 0.015 0.027
298 L 0.045 0.021 0.014 0.016 0.016 0.015 0.019 0.021 0.009 0.198 0.275 0.024 0.043 0.049 0.014 0.024 0.036 0.006 0.021 0.134
299 L 0.053 0.02 0.016 0.016 0.134 0.014 0.019 0.026 0.011 0.096 0.172 0.022 0.03 0.126 0.014 0.03 0.036 0.008 0.035 0.121
300 I 0.043 0.018 0.015 0.017 0.015 0.012 0.018 0.021 0.011 0.227 0.152 0.022 0.033 0.132 0.013 0.025 0.036 0.009 0.037 0.144
301 I 0.046 0.017 0.014 0.017 0.016 0.013 0.017 0.02 0.009 0.282 0.165 0.023 0.036 0.044 0.014 0.025 0.039 0.006 0.02 0.174
302 L 0.05 0.02 0.015 0.016 0.135 0.014 0.018 0.024 0.009 0.138 0.25 0.023 0.038 0.043 0.015 0.028 0.035 0.006 0.019 0.105
303 F 0.049 0.107 0.023 0.021 0.013 0.026 0.03 0.027 0.016 0.087 0.12 0.05 0.061 0.124 0.015 0.034 0.037 0.009 0.037 0.114
304 L 0.106 0.023 0.018 0.02 0.016 0.016 0.024 0.036 0.012 0.125 0.18 0.028 0.032 0.129 0.017 0.039 0.037 0.009 0.037 0.098
305 G 0.06 0.107 0.033 0.03 0.013 0.027 0.033 0.153 0.015 0.094 0.076 0.055 0.02 0.025 0.02 0.053 0.09 0.006 0.016 0.075
306 R 0.041 0.24 0.031 0.026 0.009 0.035 0.041 0.03 0.021 0.036 0.068 0.086 0.019 0.142 0.016 0.038 0.031 0.009 0.041 0.039
307 K 0.053 0.085 0.034 0.034 0.01 0.044 0.057 0.037 0.018 0.049 0.128 0.223 0.024 0.025 0.024 0.046 0.038 0.006 0.018 0.048
308 G 0.069 0.109 0.036 0.032 0.013 0.028 0.036 0.159 0.016 0.088 0.07 0.057 0.019 0.024 0.02 0.088 0.046 0.005 0.016 0.067
309 G 0.087 0.038 0.046 0.055 0.013 0.037 0.109 0.171 0.019 0.025 0.037 0.054 0.013 0.018 0.026 0.142 0.057 0.005 0.015 0.034
310 K 0.053 0.06 0.107 0.047 0.011 0.082 0.06 0.042 0.022 0.074 0.067 0.114 0.02 0.022 0.021 0.051 0.043 0.005 0.018 0.08
311 C 0.053 0.115 0.026 0.024 0.13 0.029 0.035 0.031 0.023 0.051 0.066 0.082 0.018 0.048 0.018 0.039 0.035 0.011 0.094 0.072
312 D 0.049 0.035 0.126 0.233 0.01 0.03 0.067 0.05 0.02 0.03 0.038 0.047 0.012 0.018 0.023 0.066 0.094 0.004 0.014 0.036
313 N 0.043 0.113 0.134 0.107 0.01 0.031 0.048 0.042 0.021 0.087 0.068 0.06 0.018 0.024 0.019 0.049 0.04 0.005 0.016 0.064
314 F 0.045 0.021 0.016 0.016 0.014 0.013 0.02 0.024 0.013 0.1 0.185 0.022 0.033 0.22 0.013 0.027 0.033 0.011 0.054 0.121
315 V 0.056 0.035 0.103 0.054 0.013 0.033 0.102 0.039 0.019 0.093 0.078 0.047 0.021 0.026 0.021 0.053 0.071 0.005 0.018 0.115
316 K 0.065 0.07 0.039 0.037 0.011 0.04 0.055 0.044 0.026 0.032 0.048 0.165 0.016 0.045 0.025 0.092 0.047 0.011 0.095 0.038
317 F 0.039 0.02 0.015 0.016 0.013 0.012 0.019 0.023 0.013 0.13 0.194 0.021 0.034 0.222 0.012 0.025 0.031 0.012 0.054 0.094
318 L 0.044 0.024 0.014 0.015 0.016 0.016 0.02 0.021 0.01 0.114 0.385 0.025 0.049 0.054 0.014 0.024 0.033 0.007 0.022 0.095
319 L 0.039 0.021 0.015 0.016 0.013 0.013 0.019 0.023 0.013 0.088 0.249 0.022 0.037 0.225 0.012 0.024 0.029 0.012 0.055 0.074
320 I 0.048 0.017 0.015 0.017 0.133 0.012 0.017 0.024 0.01 0.168 0.127 0.021 0.028 0.126 0.014 0.029 0.035 0.008 0.035 0.115
