#Seq2Logo.py -f /work3/idamei/ssn-clusterings/2206011120/clusters/0016_5/sequences.afa -m 0.0001 -b 50 -o /work3/idamei/ssn-clusterings/2206011120/clusters/0016_5/sequences.logo -p 640x1000 -l 30
#Position Specific Frequency Matrix
A R N D C Q E G H I L K M F P S T W Y V
0 M 0.047 0.029 0.018 0.018 0.015 0.026 0.026 0.026 0.015 0.091 0.179 0.033 0.237 0.044 0.015 0.033 0.037 0.007 0.022 0.084
1 D 0.042 0.03 0.07 0.386 0.008 0.03 0.093 0.047 0.019 0.023 0.029 0.046 0.009 0.015 0.023 0.053 0.036 0.004 0.011 0.025
2 S 0.112 0.041 0.055 0.05 0.018 0.034 0.053 0.068 0.02 0.03 0.043 0.055 0.016 0.021 0.03 0.206 0.084 0.005 0.018 0.043
3 L 0.045 0.025 0.014 0.015 0.016 0.016 0.021 0.022 0.01 0.118 0.364 0.026 0.051 0.056 0.014 0.025 0.034 0.007 0.023 0.098
4 V 0.071 0.022 0.017 0.018 0.02 0.017 0.024 0.025 0.008 0.168 0.133 0.027 0.032 0.036 0.017 0.034 0.05 0.006 0.021 0.255
5 L 0.045 0.025 0.014 0.015 0.016 0.016 0.021 0.022 0.01 0.118 0.364 0.026 0.051 0.056 0.014 0.025 0.034 0.007 0.023 0.098
6 K 0.058 0.109 0.042 0.042 0.009 0.054 0.072 0.044 0.021 0.028 0.044 0.265 0.016 0.016 0.028 0.054 0.04 0.005 0.018 0.033
7 S 0.112 0.041 0.055 0.05 0.018 0.034 0.053 0.068 0.02 0.03 0.043 0.055 0.016 0.021 0.03 0.206 0.084 0.005 0.018 0.043
8 R 0.045 0.333 0.04 0.032 0.008 0.049 0.053 0.034 0.024 0.024 0.047 0.122 0.016 0.018 0.02 0.045 0.036 0.006 0.018 0.032
9 R 0.045 0.333 0.04 0.032 0.008 0.049 0.053 0.034 0.024 0.024 0.047 0.122 0.016 0.018 0.02 0.045 0.036 0.006 0.018 0.032
10 F 0.034 0.019 0.017 0.017 0.011 0.011 0.019 0.026 0.017 0.065 0.116 0.019 0.026 0.376 0.011 0.026 0.026 0.017 0.09 0.056
11 N 0.043 0.046 0.304 0.085 0.009 0.034 0.05 0.066 0.032 0.023 0.032 0.055 0.011 0.018 0.021 0.071 0.05 0.005 0.016 0.027
12 V 0.071 0.022 0.017 0.018 0.02 0.017 0.024 0.025 0.008 0.168 0.133 0.027 0.032 0.036 0.017 0.034 0.05 0.006 0.021 0.255
13 T 0.074 0.036 0.044 0.038 0.018 0.028 0.04 0.044 0.014 0.054 0.066 0.046 0.02 0.024 0.028 0.094 0.233 0.006 0.018 0.072
14 N 0.043 0.046 0.304 0.085 0.009 0.034 0.05 0.066 0.032 0.023 0.032 0.055 0.011 0.018 0.021 0.071 0.05 0.005 0.016 0.027
15 R 0.045 0.333 0.04 0.032 0.008 0.049 0.053 0.034 0.024 0.024 0.047 0.122 0.016 0.018 0.02 0.045 0.036 0.006 0.018 0.032
16 S 0.112 0.041 0.055 0.05 0.018 0.034 0.053 0.068 0.02 0.03 0.043 0.055 0.016 0.021 0.03 0.206 0.084 0.005 0.018 0.043
17 C 0.066 0.017 0.017 0.017 0.474 0.012 0.017 0.033 0.008 0.046 0.066 0.021 0.017 0.021 0.017 0.041 0.037 0.004 0.012 0.058
18 L 0.045 0.025 0.014 0.015 0.016 0.016 0.021 0.022 0.01 0.118 0.364 0.026 0.051 0.056 0.014 0.025 0.034 0.007 0.023 0.098
19 F 0.034 0.019 0.017 0.017 0.011 0.011 0.019 0.026 0.017 0.065 0.116 0.019 0.026 0.376 0.011 0.026 0.026 0.017 0.09 0.056
20 E 0.056 0.051 0.041 0.092 0.008 0.066 0.284 0.036 0.026 0.023 0.037 0.077 0.013 0.017 0.026 0.056 0.037 0.006 0.017 0.032
21 N 0.043 0.046 0.304 0.085 0.009 0.034 0.05 0.066 0.032 0.023 0.032 0.055 0.011 0.018 0.021 0.071 0.05 0.005 0.016 0.027
22 E 0.056 0.051 0.041 0.092 0.008 0.066 0.284 0.036 0.026 0.023 0.037 0.077 0.013 0.017 0.026 0.056 0.037 0.006 0.017 0.032
23 L 0.046 0.086 0.027 0.092 0.01 0.021 0.036 0.029 0.014 0.078 0.144 0.042 0.023 0.096 0.102 0.034 0.031 0.006 0.026 0.057
24 F 0.1 0.031 0.025 0.025 0.099 0.062 0.037 0.037 0.02 0.042 0.064 0.038 0.018 0.106 0.019 0.05 0.08 0.01 0.087 0.051
25 S 0.11 0.04 0.054 0.049 0.018 0.033 0.052 0.066 0.019 0.03 0.042 0.054 0.016 0.021 0.03 0.22 0.082 0.005 0.018 0.042
26 H 0.042 0.046 0.053 0.038 0.008 0.038 0.053 0.038 0.355 0.023 0.038 0.046 0.015 0.03 0.019 0.042 0.027 0.008 0.057 0.023
27 N 0.043 0.045 0.317 0.083 0.009 0.034 0.049 0.065 0.032 0.022 0.032 0.054 0.011 0.018 0.02 0.07 0.049 0.004 0.016 0.027
28 S 0.11 0.04 0.054 0.049 0.018 0.033 0.052 0.066 0.019 0.03 0.042 0.054 0.016 0.021 0.03 0.22 0.082 0.005 0.018 0.042
29 N 0.043 0.045 0.317 0.083 0.009 0.034 0.049 0.065 0.032 0.022 0.032 0.054 0.011 0.018 0.02 0.07 0.049 0.004 0.016 0.027
30 Q 0.056 0.074 0.044 0.047 0.009 0.215 0.103 0.041 0.029 0.026 0.047 0.091 0.021 0.015 0.024 0.056 0.041 0.006 0.021 0.035
31 Q 0.056 0.074 0.044 0.047 0.009 0.215 0.103 0.041 0.029 0.026 0.047 0.091 0.021 0.015 0.024 0.056 0.041 0.006 0.021 0.035
32 L 0.052 0.032 0.02 0.02 0.016 0.028 0.028 0.028 0.016 0.1 0.197 0.036 0.161 0.048 0.016 0.036 0.04 0.008 0.024 0.092
33 F 0.034 0.019 0.017 0.017 0.011 0.011 0.019 0.025 0.017 0.063 0.114 0.019 0.025 0.387 0.011 0.025 0.025 0.017 0.089 0.055
34 I 0.047 0.018 0.015 0.018 0.016 0.013 0.018 0.021 0.009 0.271 0.168 0.024 0.037 0.044 0.015 0.025 0.04 0.006 0.021 0.177
35 P 0.057 0.026 0.023 0.031 0.01 0.021 0.036 0.036 0.013 0.026 0.036 0.041 0.01 0.013 0.494 0.044 0.036 0.003 0.013 0.031
36 I 0.047 0.018 0.015 0.018 0.016 0.013 0.018 0.021 0.009 0.271 0.168 0.024 0.037 0.044 0.015 0.025 0.04 0.006 0.021 0.177
37 R 0.045 0.345 0.039 0.031 0.008 0.048 0.052 0.033 0.023 0.023 0.047 0.12 0.016 0.017 0.019 0.045 0.035 0.006 0.017 0.031
38 H 0.042 0.046 0.053 0.038 0.008 0.038 0.053 0.038 0.355 0.023 0.038 0.046 0.015 0.03 0.019 0.042 0.027 0.008 0.057 0.023
39 F 0.034 0.019 0.017 0.017 0.011 0.011 0.019 0.025 0.017 0.063 0.114 0.019 0.025 0.387 0.011 0.025 0.025 0.017 0.089 0.055
40 F 0.034 0.019 0.017 0.017 0.011 0.011 0.019 0.025 0.017 0.063 0.114 0.019 0.025 0.387 0.011 0.025 0.025 0.017 0.089 0.055
41 N 0.043 0.045 0.317 0.083 0.009 0.034 0.049 0.065 0.032 0.022 0.032 0.054 0.011 0.018 0.02 0.07 0.049 0.004 0.016 0.027
42 S 0.11 0.04 0.054 0.049 0.018 0.033 0.052 0.066 0.019 0.03 0.042 0.054 0.016 0.021 0.03 0.22 0.082 0.005 0.018 0.042
43 S 0.11 0.04 0.054 0.049 0.018 0.033 0.052 0.066 0.019 0.03 0.042 0.054 0.016 0.021 0.03 0.22 0.082 0.005 0.018 0.042
44 K 0.06 0.063 0.097 0.048 0.011 0.039 0.078 0.046 0.02 0.028 0.04 0.172 0.014 0.017 0.024 0.098 0.09 0.005 0.016 0.036
45 K 0.06 0.062 0.097 0.045 0.011 0.078 0.058 0.046 0.02 0.028 0.041 0.152 0.015 0.016 0.024 0.098 0.091 0.005 0.016 0.036
46 Y 0.05 0.069 0.032 0.031 0.009 0.038 0.05 0.035 0.034 0.036 0.057 0.149 0.017 0.074 0.022 0.043 0.034 0.017 0.162 0.04
47 N 0.043 0.046 0.304 0.085 0.009 0.034 0.05 0.066 0.032 0.023 0.032 0.055 0.011 0.018 0.021 0.071 0.05 0.005 0.016 0.027
48 T 0.074 0.036 0.044 0.038 0.018 0.028 0.04 0.044 0.014 0.054 0.066 0.046 0.02 0.024 0.028 0.094 0.233 0.006 0.018 0.072
49 N 0.043 0.046 0.304 0.085 0.009 0.034 0.05 0.066 0.032 0.023 0.032 0.055 0.011 0.018 0.021 0.071 0.05 0.005 0.016 0.027
50 W 0.031 0.023 0.015 0.015 0.008 0.015 0.023 0.031 0.015 0.031 0.054 0.023 0.015 0.062 0.008 0.023 0.023 0.483 0.069 0.031
51 S 0.112 0.041 0.055 0.05 0.018 0.034 0.053 0.068 0.02 0.03 0.043 0.055 0.016 0.021 0.03 0.206 0.084 0.005 0.018 0.043
52 T 0.074 0.036 0.044 0.038 0.018 0.028 0.04 0.044 0.014 0.054 0.066 0.046 0.02 0.024 0.028 0.094 0.233 0.006 0.018 0.072
53 L 0.045 0.025 0.014 0.015 0.016 0.016 0.021 0.022 0.01 0.118 0.364 0.026 0.051 0.056 0.014 0.025 0.034 0.007 0.023 0.098
54 F 0.034 0.019 0.017 0.017 0.011 0.011 0.019 0.026 0.017 0.065 0.116 0.019 0.026 0.376 0.011 0.026 0.026 0.017 0.09 0.056
55 L 0.045 0.025 0.014 0.015 0.016 0.016 0.021 0.022 0.01 0.118 0.364 0.026 0.051 0.056 0.014 0.025 0.034 0.007 0.023 0.098
56 A 0.277 0.032 0.026 0.03 0.022 0.026 0.041 0.08 0.015 0.044 0.06 0.045 0.018 0.022 0.03 0.087 0.051 0.005 0.018 0.07
57 K 0.058 0.109 0.042 0.042 0.009 0.054 0.072 0.044 0.021 0.028 0.044 0.265 0.016 0.016 0.028 0.054 0.04 0.005 0.018 0.033
58 K 0.058 0.109 0.042 0.042 0.009 0.054 0.072 0.044 0.021 0.028 0.044 0.265 0.016 0.016 0.028 0.054 0.04 0.005 0.018 0.033
59 I 0.048 0.018 0.015 0.018 0.016 0.014 0.018 0.021 0.009 0.258 0.171 0.024 0.037 0.045 0.015 0.025 0.041 0.006 0.021 0.18
60 K 0.058 0.109 0.042 0.042 0.009 0.054 0.072 0.044 0.021 0.028 0.044 0.265 0.016 0.016 0.028 0.054 0.04 0.005 0.018 0.033
61 N 0.043 0.046 0.304 0.085 0.009 0.034 0.05 0.066 0.032 0.023 0.032 0.055 0.011 0.018 0.021 0.071 0.05 0.005 0.016 0.027
62 I 0.048 0.018 0.015 0.018 0.016 0.014 0.018 0.021 0.009 0.258 0.171 0.024 0.037 0.045 0.015 0.025 0.041 0.006 0.021 0.18
63 K 0.058 0.109 0.042 0.042 0.009 0.054 0.072 0.044 0.021 0.028 0.044 0.265 0.016 0.016 0.028 0.054 0.04 0.005 0.018 0.033
64 L 0.045 0.025 0.014 0.015 0.016 0.016 0.021 0.022 0.01 0.118 0.364 0.026 0.051 0.056 0.014 0.025 0.034 0.007 0.023 0.098
65 N 0.043 0.046 0.304 0.085 0.009 0.034 0.05 0.066 0.032 0.023 0.032 0.055 0.011 0.018 0.021 0.071 0.05 0.005 0.016 0.027
66 Q 0.057 0.075 0.045 0.048 0.009 0.2 0.105 0.042 0.03 0.027 0.048 0.093 0.021 0.015 0.024 0.057 0.042 0.006 0.021 0.036
67 Y 0.041 0.029 0.022 0.019 0.009 0.022 0.029 0.025 0.048 0.044 0.07 0.032 0.019 0.133 0.016 0.032 0.029 0.029 0.305 0.048
68 R 0.058 0.178 0.028 0.025 0.014 0.033 0.038 0.029 0.016 0.095 0.09 0.074 0.024 0.027 0.018 0.039 0.043 0.006 0.019 0.144
69 K 0.057 0.092 0.043 0.045 0.009 0.128 0.088 0.043 0.025 0.027 0.046 0.18 0.018 0.015 0.026 0.056 0.041 0.006 0.019 0.035
70 T 0.093 0.038 0.05 0.044 0.018 0.031 0.047 0.056 0.017 0.042 0.054 0.051 0.018 0.023 0.029 0.151 0.159 0.006 0.018 0.057
71 T 0.093 0.038 0.05 0.044 0.018 0.031 0.047 0.056 0.017 0.042 0.054 0.051 0.018 0.023 0.029 0.151 0.159 0.006 0.018 0.057
72 A 0.195 0.036 0.04 0.04 0.02 0.03 0.047 0.073 0.017 0.037 0.051 0.05 0.017 0.022 0.03 0.147 0.067 0.005 0.018 0.056
73 L 0.058 0.023 0.016 0.017 0.018 0.017 0.022 0.023 0.009 0.142 0.249 0.026 0.041 0.046 0.016 0.029 0.042 0.006 0.022 0.177
74 F 0.038 0.037 0.023 0.03 0.009 0.026 0.084 0.027 0.022 0.043 0.074 0.082 0.019 0.246 0.015 0.033 0.027 0.014 0.109 0.042
75 F 0.034 0.019 0.017 0.017 0.011 0.011 0.019 0.026 0.017 0.065 0.116 0.019 0.026 0.376 0.011 0.026 0.026 0.017 0.09 0.056
76 V 0.071 0.022 0.017 0.018 0.02 0.017 0.024 0.025 0.008 0.168 0.133 0.027 0.032 0.036 0.017 0.034 0.05 0.006 0.021 0.255
77 F 0.034 0.019 0.017 0.017 0.011 0.011 0.019 0.026 0.017 0.065 0.116 0.019 0.026 0.376 0.011 0.026 0.026 0.017 0.09 0.056
78 L 0.037 0.02 0.014 0.014 0.013 0.013 0.018 0.021 0.012 0.086 0.301 0.021 0.036 0.207 0.012 0.022 0.027 0.01 0.044 0.072
79 L 0.051 0.025 0.075 0.026 0.014 0.018 0.024 0.028 0.012 0.119 0.261 0.028 0.034 0.039 0.015 0.033 0.046 0.006 0.019 0.129
80 G 0.099 0.034 0.024 0.024 0.013 0.021 0.03 0.122 0.013 0.094 0.117 0.08 0.022 0.109 0.018 0.045 0.034 0.007 0.029 0.067
81 L 0.048 0.022 0.018 0.018 0.015 0.016 0.021 0.023 0.009 0.178 0.24 0.026 0.035 0.04 0.015 0.034 0.081 0.006 0.019 0.137
82 L 0.041 0.02 0.013 0.014 0.015 0.014 0.018 0.019 0.009 0.171 0.353 0.023 0.042 0.047 0.013 0.022 0.032 0.006 0.02 0.108
83 L 0.051 0.022 0.018 0.018 0.015 0.016 0.022 0.024 0.01 0.118 0.192 0.025 0.031 0.104 0.015 0.035 0.082 0.007 0.029 0.165
84 V 0.056 0.02 0.014 0.016 0.017 0.014 0.02 0.021 0.008 0.173 0.176 0.023 0.032 0.037 0.014 0.027 0.041 0.005 0.019 0.265
85 K 0.052 0.097 0.038 0.038 0.008 0.049 0.064 0.039 0.019 0.025 0.039 0.344 0.014 0.014 0.025 0.049 0.036 0.005 0.016 0.03
86 L 0.098 0.022 0.015 0.017 0.016 0.016 0.022 0.029 0.009 0.134 0.269 0.026 0.035 0.04 0.016 0.033 0.037 0.006 0.019 0.143
87 L 0.091 0.023 0.016 0.017 0.014 0.017 0.022 0.03 0.012 0.079 0.239 0.026 0.066 0.149 0.015 0.033 0.032 0.009 0.036 0.073
88 F 0.15 0.022 0.018 0.02 0.016 0.016 0.025 0.039 0.012 0.082 0.092 0.027 0.023 0.165 0.017 0.043 0.038 0.008 0.038 0.149
89 T 0.074 0.033 0.042 0.037 0.016 0.026 0.039 0.044 0.014 0.043 0.054 0.043 0.017 0.021 0.026 0.132 0.259 0.005 0.016 0.058
90 L 0.04 0.02 0.014 0.015 0.013 0.012 0.018 0.022 0.012 0.091 0.232 0.021 0.032 0.224 0.012 0.024 0.03 0.01 0.047 0.112
91 F 0.044 0.017 0.018 0.018 0.097 0.012 0.018 0.112 0.012 0.095 0.091 0.02 0.021 0.234 0.012 0.029 0.028 0.01 0.047 0.064
92 A 0.27 0.031 0.032 0.033 0.018 0.026 0.04 0.068 0.015 0.035 0.049 0.043 0.015 0.019 0.027 0.148 0.055 0.005 0.016 0.054
93 V 0.055 0.018 0.014 0.016 0.016 0.014 0.019 0.021 0.008 0.206 0.129 0.023 0.03 0.062 0.014 0.027 0.041 0.006 0.023 0.258
94 F 0.034 0.022 0.018 0.016 0.009 0.015 0.022 0.023 0.029 0.048 0.082 0.023 0.02 0.275 0.012 0.026 0.024 0.021 0.235 0.046
95 I 0.041 0.017 0.014 0.016 0.014 0.012 0.017 0.02 0.009 0.246 0.19 0.021 0.034 0.109 0.013 0.023 0.033 0.007 0.029 0.136
96 Y 0.037 0.025 0.02 0.017 0.008 0.02 0.025 0.023 0.042 0.04 0.062 0.028 0.017 0.119 0.014 0.028 0.025 0.025 0.38 0.042
97 A 0.207 0.035 0.071 0.037 0.015 0.067 0.046 0.144 0.017 0.03 0.044 0.047 0.014 0.017 0.023 0.077 0.042 0.005 0.015 0.045
98 K 0.048 0.123 0.053 0.037 0.008 0.088 0.06 0.037 0.053 0.023 0.039 0.162 0.014 0.015 0.108 0.046 0.035 0.005 0.019 0.029
99 L 0.045 0.025 0.014 0.015 0.016 0.016 0.021 0.022 0.01 0.118 0.364 0.026 0.051 0.056 0.014 0.025 0.034 0.007 0.023 0.098
100 F 0.043 0.019 0.015 0.015 0.013 0.012 0.019 0.022 0.012 0.096 0.163 0.02 0.029 0.24 0.012 0.025 0.032 0.01 0.05 0.151
101 S 0.132 0.032 0.041 0.038 0.016 0.026 0.04 0.141 0.015 0.031 0.042 0.043 0.014 0.019 0.025 0.18 0.102 0.005 0.015 0.044
102 P 0.053 0.035 0.031 0.033 0.009 0.078 0.046 0.121 0.062 0.022 0.034 0.047 0.012 0.014 0.279 0.043 0.032 0.004 0.018 0.027
103 L 0.036 0.02 0.014 0.015 0.012 0.012 0.018 0.021 0.012 0.081 0.268 0.02 0.034 0.246 0.011 0.023 0.027 0.011 0.05 0.069
104 G 0.085 0.088 0.088 0.035 0.011 0.024 0.031 0.239 0.016 0.074 0.053 0.047 0.015 0.02 0.018 0.052 0.035 0.005 0.014 0.051
105 D 0.037 0.027 0.063 0.452 0.007 0.027 0.083 0.042 0.017 0.02 0.025 0.041 0.008 0.014 0.02 0.047 0.032 0.003 0.01 0.022
106 A 0.246 0.031 0.033 0.033 0.018 0.026 0.04 0.065 0.015 0.036 0.049 0.043 0.016 0.02 0.027 0.149 0.078 0.005 0.016 0.055
107 E 0.054 0.04 0.117 0.136 0.009 0.043 0.194 0.044 0.023 0.021 0.032 0.056 0.011 0.016 0.022 0.093 0.043 0.004 0.014 0.028
108 R 0.041 0.23 0.035 0.029 0.007 0.039 0.047 0.031 0.09 0.025 0.044 0.124 0.015 0.035 0.018 0.039 0.03 0.009 0.083 0.03
109 Y 0.041 0.029 0.022 0.019 0.009 0.022 0.029 0.025 0.048 0.044 0.07 0.032 0.019 0.133 0.016 0.032 0.029 0.029 0.305 0.048
110 Y 0.037 0.025 0.02 0.017 0.008 0.02 0.025 0.023 0.042 0.04 0.062 0.028 0.017 0.119 0.014 0.028 0.025 0.025 0.38 0.042
111 L 0.04 0.022 0.013 0.014 0.015 0.015 0.018 0.019 0.009 0.105 0.432 0.023 0.045 0.05 0.013 0.022 0.03 0.006 0.02 0.087
112 S 0.069 0.039 0.159 0.053 0.012 0.031 0.047 0.056 0.087 0.024 0.034 0.048 0.013 0.02 0.023 0.173 0.056 0.005 0.021 0.031
113 A 0.222 0.032 0.035 0.034 0.018 0.026 0.04 0.062 0.015 0.037 0.05 0.044 0.016 0.02 0.027 0.15 0.1 0.005 0.016 0.055
114 S 0.072 0.034 0.038 0.043 0.013 0.031 0.092 0.043 0.016 0.039 0.047 0.047 0.015 0.019 0.111 0.136 0.123 0.005 0.015 0.062
115 L 0.04 0.019 0.014 0.015 0.013 0.013 0.018 0.021 0.011 0.132 0.241 0.021 0.037 0.177 0.012 0.023 0.03 0.009 0.04 0.112
116 A 0.141 0.058 0.037 0.036 0.016 0.035 0.05 0.055 0.016 0.041 0.056 0.124 0.017 0.02 0.028 0.077 0.113 0.005 0.017 0.057
117 P 0.083 0.033 0.039 0.04 0.014 0.027 0.044 0.051 0.016 0.028 0.039 0.048 0.013 0.017 0.262 0.133 0.059 0.004 0.015 0.036
118 W 0.03 0.023 0.015 0.015 0.008 0.015 0.023 0.03 0.015 0.03 0.053 0.023 0.015 0.061 0.008 0.023 0.023 0.492 0.068 0.03
119 N 0.049 0.035 0.187 0.149 0.011 0.028 0.051 0.049 0.02 0.03 0.038 0.044 0.012 0.017 0.021 0.07 0.132 0.004 0.014 0.038
120 F 0.044 0.021 0.019 0.018 0.013 0.014 0.021 0.025 0.012 0.082 0.175 0.024 0.028 0.212 0.014 0.034 0.077 0.01 0.046 0.109
121 W 0.031 0.023 0.015 0.015 0.008 0.015 0.023 0.031 0.015 0.031 0.054 0.023 0.015 0.062 0.008 0.023 0.023 0.483 0.069 0.031
122 S 0.112 0.041 0.055 0.05 0.018 0.034 0.053 0.068 0.02 0.03 0.043 0.055 0.016 0.021 0.03 0.206 0.084 0.005 0.018 0.043
123 T 0.074 0.036 0.044 0.038 0.018 0.028 0.04 0.044 0.014 0.054 0.066 0.046 0.02 0.024 0.028 0.094 0.233 0.006 0.018 0.072
124 G 0.112 0.029 0.089 0.107 0.013 0.024 0.043 0.135 0.016 0.046 0.049 0.039 0.014 0.019 0.021 0.096 0.045 0.005 0.014 0.084
125 L 0.049 0.032 0.149 0.113 0.011 0.025 0.043 0.043 0.018 0.05 0.164 0.039 0.022 0.027 0.018 0.085 0.043 0.005 0.016 0.047
126 F 0.038 0.019 0.015 0.017 0.012 0.013 0.02 0.023 0.012 0.12 0.157 0.023 0.027 0.218 0.099 0.026 0.029 0.01 0.046 0.077
127 F 0.042 0.022 0.02 0.02 0.012 0.015 0.023 0.027 0.013 0.058 0.139 0.026 0.024 0.235 0.101 0.036 0.075 0.01 0.048 0.055
128 D 0.039 0.042 0.161 0.178 0.008 0.029 0.056 0.045 0.021 0.027 0.042 0.09 0.012 0.086 0.019 0.049 0.036 0.006 0.024 0.029
129 R 0.041 0.405 0.035 0.028 0.007 0.044 0.048 0.03 0.021 0.021 0.042 0.109 0.014 0.016 0.018 0.041 0.032 0.005 0.016 0.028
130 T 0.066 0.032 0.039 0.034 0.016 0.025 0.036 0.039 0.013 0.048 0.059 0.041 0.018 0.022 0.025 0.084 0.315 0.005 0.016 0.065
131 L 0.095 0.096 0.025 0.025 0.012 0.069 0.041 0.034 0.021 0.053 0.135 0.053 0.058 0.044 0.018 0.042 0.034 0.009 0.079 0.056
132 F 0.031 0.017 0.015 0.015 0.01 0.01 0.017 0.023 0.015 0.058 0.109 0.017 0.023 0.436 0.01 0.023 0.023 0.015 0.08 0.051
133 T 0.162 0.029 0.03 0.029 0.018 0.023 0.034 0.047 0.012 0.062 0.067 0.038 0.019 0.023 0.024 0.073 0.18 0.005 0.017 0.109
134 D 0.04 0.086 0.042 0.236 0.01 0.025 0.055 0.032 0.015 0.126 0.071 0.046 0.018 0.023 0.018 0.038 0.033 0.004 0.014 0.069
135 N 0.092 0.032 0.199 0.048 0.011 0.025 0.036 0.048 0.025 0.08 0.059 0.04 0.016 0.038 0.018 0.053 0.04 0.008 0.076 0.057
136 I 0.051 0.019 0.015 0.017 0.016 0.014 0.019 0.021 0.008 0.222 0.183 0.023 0.033 0.038 0.014 0.028 0.052 0.005 0.019 0.202
137 F 0.033 0.02 0.017 0.016 0.009 0.013 0.02 0.023 0.024 0.052 0.09 0.021 0.021 0.335 0.011 0.025 0.024 0.019 0.18 0.047
138 A 0.145 0.027 0.029 0.028 0.013 0.022 0.032 0.134 0.019 0.031 0.046 0.035 0.014 0.041 0.02 0.101 0.041 0.097 0.083 0.041
139 G 0.052 0.02 0.022 0.02 0.012 0.014 0.02 0.199 0.012 0.074 0.147 0.024 0.024 0.146 0.014 0.032 0.03 0.008 0.034 0.098
140 L 0.04 0.022 0.013 0.014 0.015 0.015 0.018 0.019 0.009 0.105 0.432 0.023 0.045 0.05 0.013 0.022 0.03 0.006 0.02 0.087
141 K 0.048 0.166 0.033 0.031 0.009 0.042 0.052 0.034 0.018 0.057 0.063 0.223 0.038 0.02 0.021 0.043 0.035 0.005 0.017 0.046
142 Y 0.037 0.025 0.023 0.019 0.018 0.019 0.026 0.024 0.093 0.089 0.08 0.027 0.02 0.148 0.014 0.028 0.027 0.017 0.204 0.06
143 L 0.043 0.019 0.013 0.015 0.015 0.013 0.017 0.019 0.009 0.213 0.278 0.022 0.038 0.052 0.013 0.023 0.034 0.006 0.021 0.135
144 L 0.038 0.021 0.014 0.015 0.013 0.014 0.019 0.021 0.012 0.103 0.279 0.022 0.056 0.179 0.012 0.024 0.029 0.009 0.04 0.08
145 L 0.061 0.028 0.03 0.027 0.014 0.022 0.032 0.034 0.078 0.115 0.155 0.033 0.026 0.033 0.018 0.102 0.045 0.006 0.024 0.116
146 Y 0.044 0.027 0.033 0.114 0.009 0.023 0.041 0.031 0.034 0.034 0.051 0.033 0.015 0.084 0.017 0.063 0.033 0.018 0.257 0.038
147 N 0.047 0.074 0.156 0.12 0.008 0.077 0.064 0.047 0.023 0.022 0.034 0.125 0.013 0.015 0.021 0.065 0.04 0.004 0.015 0.027
148 I 0.042 0.018 0.013 0.015 0.015 0.013 0.017 0.019 0.008 0.259 0.24 0.022 0.037 0.05 0.013 0.023 0.034 0.006 0.02 0.136
149 L 0.046 0.029 0.018 0.019 0.014 0.06 0.031 0.023 0.012 0.099 0.315 0.033 0.038 0.041 0.015 0.028 0.034 0.006 0.02 0.12
150 V 0.064 0.022 0.019 0.019 0.017 0.017 0.024 0.026 0.008 0.134 0.108 0.027 0.027 0.031 0.017 0.04 0.094 0.005 0.018 0.283
151 H 0.038 0.041 0.159 0.048 0.007 0.033 0.047 0.043 0.285 0.021 0.033 0.044 0.013 0.024 0.018 0.047 0.031 0.006 0.039 0.022
152 L 0.049 0.02 0.017 0.017 0.014 0.015 0.019 0.109 0.009 0.143 0.267 0.024 0.034 0.04 0.014 0.027 0.033 0.006 0.018 0.124
153 F 0.04 0.019 0.017 0.017 0.011 0.012 0.019 0.025 0.014 0.072 0.108 0.02 0.024 0.347 0.011 0.038 0.029 0.013 0.066 0.098
154 V 0.053 0.018 0.014 0.016 0.016 0.014 0.019 0.021 0.008 0.243 0.136 0.023 0.031 0.036 0.014 0.026 0.041 0.005 0.019 0.248
155 S 0.142 0.035 0.045 0.042 0.017 0.029 0.046 0.062 0.017 0.029 0.041 0.048 0.015 0.019 0.027 0.255 0.07 0.005 0.016 0.042
156 L 0.05 0.02 0.018 0.018 0.099 0.015 0.019 0.112 0.011 0.099 0.157 0.024 0.06 0.101 0.014 0.031 0.032 0.007 0.027 0.085
157 L 0.092 0.021 0.015 0.017 0.015 0.015 0.021 0.029 0.011 0.137 0.249 0.025 0.034 0.108 0.015 0.032 0.033 0.007 0.029 0.097
158 F 0.043 0.024 0.08 0.029 0.012 0.017 0.026 0.032 0.016 0.065 0.086 0.028 0.021 0.233 0.015 0.041 0.079 0.01 0.049 0.096
159 G 0.075 0.023 0.034 0.031 0.012 0.019 0.027 0.384 0.012 0.041 0.043 0.033 0.013 0.018 0.018 0.085 0.038 0.005 0.012 0.077
160 F 0.044 0.019 0.018 0.018 0.097 0.013 0.018 0.112 0.014 0.06 0.142 0.021 0.023 0.206 0.013 0.029 0.027 0.01 0.06 0.054
161 V 0.109 0.023 0.022 0.023 0.016 0.018 0.027 0.036 0.012 0.127 0.098 0.029 0.024 0.098 0.018 0.079 0.045 0.007 0.028 0.164
162 F 0.036 0.019 0.014 0.015 0.012 0.012 0.017 0.021 0.012 0.12 0.221 0.02 0.032 0.245 0.011 0.023 0.028 0.011 0.05 0.081
163 F 0.034 0.019 0.017 0.017 0.011 0.011 0.019 0.025 0.017 0.063 0.114 0.019 0.025 0.387 0.011 0.025 0.025 0.017 0.089 0.055
164 F 0.034 0.019 0.017 0.017 0.011 0.011 0.019 0.025 0.017 0.063 0.114 0.019 0.025 0.387 0.011 0.025 0.025 0.017 0.089 0.055
165 W 0.035 0.02 0.015 0.015 0.01 0.013 0.02 0.025 0.015 0.057 0.076 0.021 0.019 0.164 0.009 0.023 0.026 0.276 0.076 0.086
166 F 0.046 0.024 0.023 0.021 0.028 0.017 0.025 0.029 0.026 0.045 0.075 0.027 0.019 0.234 0.014 0.07 0.033 0.017 0.182 0.045
167 V 0.06 0.019 0.015 0.016 0.017 0.015 0.02 0.022 0.008 0.18 0.129 0.023 0.03 0.034 0.015 0.029 0.043 0.005 0.019 0.302
168 F 0.036 0.019 0.014 0.015 0.012 0.012 0.017 0.021 0.012 0.12 0.221 0.02 0.032 0.245 0.011 0.023 0.028 0.011 0.05 0.081
169 K 0.048 0.2 0.037 0.035 0.008 0.047 0.059 0.036 0.02 0.024 0.04 0.266 0.014 0.015 0.023 0.046 0.035 0.005 0.016 0.029
170 D 0.055 0.044 0.071 0.151 0.009 0.035 0.109 0.043 0.019 0.023 0.033 0.097 0.011 0.015 0.109 0.089 0.041 0.004 0.013 0.028
171 E 0.061 0.038 0.035 0.057 0.011 0.041 0.197 0.036 0.018 0.042 0.089 0.053 0.018 0.022 0.023 0.092 0.087 0.005 0.016 0.058
172 Y 0.036 0.023 0.018 0.016 0.009 0.017 0.023 0.022 0.033 0.051 0.114 0.025 0.022 0.181 0.013 0.026 0.026 0.021 0.273 0.049
173 P 0.097 0.031 0.096 0.051 0.036 0.029 0.094 0.042 0.022 0.044 0.048 0.043 0.014 0.034 0.107 0.05 0.036 0.008 0.075 0.043
174 F 0.039 0.022 0.019 0.018 0.01 0.015 0.023 0.026 0.024 0.053 0.112 0.024 0.022 0.267 0.013 0.047 0.029 0.017 0.17 0.05
175 L 0.049 0.034 0.018 0.019 0.014 0.02 0.027 0.023 0.01 0.119 0.264 0.077 0.035 0.039 0.016 0.029 0.036 0.006 0.019 0.149
176 D 0.038 0.031 0.161 0.254 0.008 0.027 0.061 0.045 0.025 0.024 0.033 0.041 0.01 0.032 0.019 0.05 0.035 0.007 0.073 0.026
177 K 0.049 0.097 0.065 0.039 0.008 0.045 0.059 0.039 0.022 0.026 0.04 0.285 0.014 0.023 0.023 0.048 0.036 0.006 0.046 0.03
178 K 0.048 0.078 0.026 0.026 0.011 0.03 0.04 0.03 0.015 0.103 0.082 0.167 0.021 0.093 0.018 0.036 0.035 0.007 0.028 0.106
179 L 0.043 0.021 0.014 0.015 0.1 0.015 0.019 0.022 0.014 0.083 0.308 0.023 0.035 0.056 0.013 0.026 0.03 0.009 0.079 0.074
180 L 0.09 0.022 0.015 0.017 0.014 0.014 0.021 0.029 0.012 0.078 0.26 0.024 0.033 0.176 0.014 0.032 0.03 0.009 0.04 0.071
181 W 0.092 0.025 0.022 0.02 0.011 0.019 0.027 0.035 0.023 0.037 0.056 0.03 0.016 0.065 0.016 0.043 0.075 0.19 0.153 0.045
182 L 0.104 0.025 0.021 0.022 0.016 0.019 0.026 0.035 0.011 0.138 0.213 0.031 0.048 0.037 0.018 0.077 0.042 0.006 0.019 0.093
183 C 0.139 0.024 0.024 0.025 0.154 0.019 0.028 0.044 0.011 0.097 0.08 0.032 0.02 0.024 0.02 0.099 0.047 0.005 0.015 0.094
184 L 0.036 0.02 0.014 0.015 0.012 0.012 0.018 0.021 0.012 0.081 0.268 0.02 0.034 0.246 0.011 0.023 0.027 0.011 0.05 0.069
185 L 0.042 0.02 0.014 0.014 0.1 0.013 0.018 0.022 0.01 0.086 0.315 0.021 0.036 0.11 0.013 0.025 0.03 0.007 0.029 0.075
186 L 0.05 0.024 0.019 0.019 0.015 0.017 0.023 0.026 0.011 0.092 0.367 0.027 0.04 0.045 0.015 0.067 0.038 0.006 0.02 0.079
187 P 0.052 0.023 0.021 0.028 0.009 0.019 0.033 0.033 0.012 0.023 0.033 0.038 0.009 0.012 0.54 0.04 0.033 0.002 0.012 0.028
188 H 0.059 0.04 0.049 0.038 0.01 0.033 0.048 0.043 0.282 0.023 0.036 0.044 0.014 0.025 0.021 0.122 0.041 0.006 0.04 0.027
189 F 0.031 0.017 0.015 0.015 0.01 0.01 0.017 0.023 0.015 0.058 0.104 0.017 0.023 0.443 0.01 0.023 0.023 0.015 0.081 0.05
190 L 0.044 0.037 0.022 0.023 0.012 0.105 0.043 0.025 0.015 0.078 0.302 0.043 0.036 0.038 0.016 0.032 0.033 0.006 0.02 0.069
191 I 0.043 0.016 0.013 0.016 0.015 0.012 0.016 0.019 0.008 0.337 0.153 0.021 0.033 0.04 0.013 0.023 0.036 0.005 0.019 0.161
192 W 0.028 0.021 0.014 0.014 0.007 0.014 0.021 0.028 0.014 0.028 0.048 0.021 0.014 0.055 0.007 0.021 0.021 0.539 0.062 0.028
193 T 0.072 0.033 0.041 0.036 0.016 0.026 0.038 0.043 0.013 0.045 0.056 0.043 0.017 0.021 0.025 0.119 0.275 0.005 0.016 0.06
194 S 0.095 0.034 0.047 0.042 0.015 0.028 0.044 0.143 0.017 0.025 0.036 0.046 0.013 0.018 0.025 0.25 0.067 0.005 0.015 0.035
195 V 0.07 0.023 0.021 0.021 0.017 0.018 0.026 0.029 0.009 0.129 0.105 0.028 0.026 0.03 0.017 0.073 0.05 0.005 0.018 0.286
196 V 0.161 0.023 0.018 0.02 0.018 0.018 0.026 0.039 0.009 0.113 0.097 0.029 0.024 0.028 0.019 0.046 0.045 0.005 0.018 0.244
197 G 0.071 0.021 0.036 0.031 0.01 0.017 0.023 0.555 0.012 0.017 0.026 0.031 0.009 0.015 0.017 0.047 0.027 0.005 0.01 0.022
198 K 0.052 0.097 0.038 0.038 0.008 0.049 0.064 0.039 0.019 0.025 0.039 0.344 0.014 0.014 0.025 0.049 0.036 0.005 0.016 0.03
199 E 0.05 0.045 0.037 0.082 0.007 0.059 0.36 0.032 0.023 0.02 0.033 0.069 0.012 0.015 0.023 0.05 0.033 0.005 0.015 0.028
200 V 0.154 0.021 0.017 0.02 0.017 0.017 0.025 0.037 0.01 0.175 0.108 0.029 0.026 0.031 0.018 0.043 0.042 0.005 0.018 0.186
201 L 0.042 0.022 0.014 0.015 0.015 0.016 0.019 0.02 0.01 0.137 0.348 0.024 0.075 0.047 0.013 0.024 0.032 0.006 0.02 0.098
202 A 0.306 0.027 0.022 0.025 0.019 0.022 0.034 0.063 0.012 0.058 0.065 0.038 0.018 0.022 0.025 0.069 0.045 0.005 0.016 0.108
203 I 0.045 0.018 0.013 0.016 0.015 0.013 0.017 0.019 0.008 0.277 0.195 0.022 0.035 0.041 0.013 0.023 0.036 0.006 0.019 0.169
204 I 0.132 0.024 0.022 0.024 0.015 0.02 0.029 0.039 0.011 0.134 0.092 0.033 0.039 0.027 0.107 0.051 0.085 0.005 0.017 0.093
205 G 0.071 0.021 0.036 0.031 0.01 0.017 0.023 0.555 0.012 0.017 0.026 0.031 0.009 0.015 0.017 0.047 0.027 0.005 0.01 0.022
206 F 0.032 0.018 0.015 0.015 0.01 0.01 0.017 0.023 0.015 0.063 0.142 0.018 0.026 0.397 0.01 0.023 0.024 0.014 0.074 0.054
207 L 0.039 0.021 0.013 0.014 0.014 0.014 0.018 0.02 0.01 0.097 0.378 0.022 0.041 0.115 0.012 0.022 0.029 0.008 0.03 0.081
208 L 0.037 0.02 0.014 0.014 0.013 0.013 0.018 0.021 0.011 0.089 0.323 0.021 0.038 0.181 0.012 0.022 0.028 0.009 0.04 0.075
209 L 0.047 0.02 0.014 0.015 0.015 0.014 0.019 0.021 0.009 0.151 0.232 0.022 0.034 0.101 0.013 0.025 0.035 0.007 0.029 0.177
210 I 0.044 0.016 0.013 0.016 0.015 0.012 0.016 0.019 0.008 0.331 0.151 0.022 0.033 0.04 0.013 0.023 0.036 0.005 0.019 0.166
211 K 0.05 0.149 0.037 0.036 0.008 0.048 0.062 0.038 0.019 0.024 0.04 0.305 0.014 0.014 0.024 0.047 0.035 0.005 0.016 0.03
212 L 0.099 0.023 0.02 0.02 0.013 0.017 0.024 0.12 0.016 0.063 0.123 0.028 0.022 0.048 0.016 0.037 0.032 0.098 0.084 0.096
213 C 0.055 0.021 0.075 0.025 0.272 0.015 0.022 0.032 0.011 0.089 0.077 0.025 0.019 0.023 0.015 0.038 0.038 0.004 0.014 0.127
214 V 0.058 0.019 0.015 0.016 0.017 0.014 0.02 0.021 0.008 0.2 0.128 0.023 0.03 0.035 0.015 0.028 0.043 0.005 0.019 0.289
215 D 0.039 0.028 0.108 0.317 0.051 0.026 0.066 0.042 0.02 0.024 0.032 0.039 0.01 0.023 0.019 0.048 0.034 0.005 0.042 0.027
216 L 0.042 0.02 0.013 0.015 0.015 0.014 0.018 0.019 0.009 0.173 0.337 0.023 0.041 0.046 0.013 0.023 0.033 0.006 0.02 0.121
217 V 0.066 0.04 0.033 0.033 0.014 0.11 0.052 0.037 0.016 0.07 0.07 0.051 0.021 0.022 0.021 0.089 0.092 0.005 0.018 0.14
218 L 0.05 0.02 0.014 0.015 0.015 0.014 0.02 0.022 0.009 0.119 0.221 0.022 0.033 0.107 0.013 0.026 0.036 0.007 0.03 0.205
219 W 0.04 0.038 0.082 0.033 0.008 0.025 0.049 0.096 0.017 0.024 0.04 0.083 0.013 0.035 0.014 0.037 0.029 0.272 0.038 0.027
220 N 0.048 0.097 0.149 0.044 0.011 0.03 0.04 0.041 0.085 0.047 0.052 0.052 0.016 0.022 0.019 0.053 0.084 0.005 0.022 0.083
221 K 0.05 0.095 0.039 0.066 0.008 0.049 0.114 0.038 0.02 0.024 0.038 0.275 0.013 0.014 0.024 0.049 0.035 0.005 0.015 0.029
222 I 0.053 0.025 0.083 0.032 0.1 0.019 0.027 0.034 0.013 0.139 0.085 0.032 0.021 0.026 0.018 0.052 0.13 0.005 0.016 0.088
223 R 0.046 0.202 0.151 0.047 0.008 0.039 0.05 0.043 0.023 0.022 0.037 0.128 0.013 0.016 0.02 0.066 0.04 0.005 0.015 0.028
224 I 0.05 0.02 0.016 0.017 0.014 0.016 0.02 0.022 0.015 0.226 0.137 0.025 0.064 0.053 0.014 0.027 0.035 0.009 0.079 0.141
225 L 0.046 0.022 0.021 0.02 0.014 0.016 0.023 0.025 0.031 0.161 0.179 0.026 0.03 0.112 0.015 0.043 0.08 0.007 0.032 0.097
226 P 0.045 0.031 0.022 0.024 0.01 0.063 0.038 0.028 0.024 0.043 0.111 0.04 0.019 0.054 0.19 0.035 0.031 0.011 0.137 0.043
227 L 0.048 0.021 0.014 0.015 0.016 0.015 0.019 0.02 0.009 0.12 0.328 0.023 0.04 0.044 0.014 0.025 0.035 0.006 0.02 0.17
228 L 0.052 0.022 0.019 0.02 0.015 0.016 0.023 0.026 0.011 0.168 0.23 0.026 0.033 0.073 0.015 0.068 0.04 0.006 0.024 0.113
229 V 0.053 0.021 0.018 0.019 0.016 0.016 0.021 0.024 0.009 0.184 0.177 0.026 0.031 0.036 0.016 0.035 0.084 0.005 0.019 0.189
230 G 0.076 0.023 0.038 0.033 0.011 0.019 0.027 0.472 0.013 0.019 0.028 0.034 0.01 0.015 0.019 0.087 0.035 0.005 0.011 0.025
231 L 0.045 0.02 0.016 0.016 0.014 0.014 0.019 0.065 0.01 0.116 0.273 0.023 0.035 0.109 0.013 0.026 0.032 0.008 0.029 0.119
232 L 0.079 0.025 0.024 0.023 0.013 0.018 0.027 0.036 0.014 0.064 0.152 0.029 0.024 0.118 0.016 0.094 0.04 0.096 0.038 0.069
233 L 0.042 0.019 0.014 0.015 0.014 0.013 0.018 0.02 0.01 0.178 0.258 0.022 0.036 0.111 0.013 0.023 0.032 0.007 0.03 0.126
234 G 0.164 0.027 0.033 0.031 0.015 0.022 0.032 0.222 0.013 0.035 0.046 0.037 0.014 0.019 0.023 0.069 0.129 0.005 0.014 0.05
235 L 0.102 0.025 0.021 0.021 0.015 0.019 0.026 0.033 0.016 0.099 0.149 0.03 0.03 0.047 0.018 0.045 0.083 0.009 0.078 0.135
236 L 0.041 0.02 0.013 0.015 0.014 0.013 0.017 0.019 0.009 0.183 0.313 0.022 0.04 0.073 0.013 0.022 0.032 0.007 0.024 0.111
237 L 0.046 0.025 0.017 0.026 0.014 0.022 0.075 0.022 0.011 0.137 0.267 0.03 0.035 0.039 0.015 0.028 0.034 0.006 0.019 0.131
238 R 0.041 0.405 0.035 0.028 0.007 0.044 0.048 0.03 0.021 0.021 0.042 0.109 0.014 0.016 0.018 0.041 0.032 0.005 0.016 0.028
239 P 0.052 0.023 0.021 0.028 0.009 0.019 0.033 0.033 0.012 0.023 0.033 0.038 0.009 0.012 0.54 0.04 0.033 0.002 0.012 0.028
240 H 0.038 0.042 0.104 0.042 0.007 0.034 0.048 0.039 0.349 0.021 0.034 0.043 0.013 0.026 0.018 0.042 0.028 0.006 0.046 0.021
241 Y 0.036 0.024 0.019 0.017 0.009 0.018 0.024 0.023 0.038 0.043 0.069 0.027 0.018 0.173 0.013 0.027 0.025 0.024 0.33 0.044
242 G 0.16 0.025 0.028 0.027 0.015 0.02 0.029 0.218 0.012 0.044 0.108 0.034 0.019 0.023 0.021 0.059 0.082 0.005 0.015 0.054
243 L 0.042 0.019 0.013 0.015 0.015 0.014 0.017 0.019 0.009 0.215 0.291 0.022 0.039 0.045 0.013 0.023 0.034 0.006 0.019 0.13
244 A 0.312 0.03 0.028 0.03 0.019 0.024 0.039 0.069 0.014 0.037 0.051 0.042 0.016 0.02 0.027 0.113 0.05 0.005 0.016 0.058
245 Y 0.037 0.025 0.02 0.017 0.008 0.02 0.025 0.023 0.042 0.04 0.062 0.028 0.017 0.119 0.014 0.028 0.025 0.025 0.38 0.042
246 I 0.131 0.021 0.016 0.019 0.025 0.016 0.022 0.034 0.01 0.205 0.174 0.027 0.03 0.036 0.017 0.038 0.038 0.005 0.018 0.118
247 Y 0.04 0.022 0.018 0.016 0.096 0.017 0.022 0.024 0.032 0.043 0.069 0.025 0.018 0.156 0.014 0.029 0.026 0.02 0.269 0.045
248 L 0.04 0.022 0.013 0.014 0.015 0.015 0.018 0.019 0.009 0.105 0.432 0.023 0.045 0.05 0.013 0.022 0.03 0.006 0.02 0.087
249 F 0.098 0.023 0.02 0.02 0.015 0.016 0.024 0.033 0.012 0.076 0.145 0.027 0.026 0.168 0.017 0.043 0.08 0.009 0.039 0.108
250 S 0.12 0.027 0.032 0.031 0.015 0.022 0.033 0.132 0.013 0.096 0.096 0.036 0.02 0.032 0.021 0.134 0.05 0.005 0.017 0.068
251 S 0.074 0.028 0.031 0.03 0.016 0.022 0.033 0.04 0.013 0.112 0.136 0.036 0.025 0.03 0.02 0.158 0.056 0.005 0.018 0.116
252 S 0.097 0.033 0.041 0.037 0.016 0.026 0.04 0.049 0.014 0.055 0.056 0.043 0.017 0.022 0.025 0.181 0.149 0.005 0.016 0.077
253 L 0.036 0.02 0.015 0.015 0.011 0.014 0.019 0.022 0.017 0.137 0.156 0.022 0.027 0.145 0.012 0.023 0.028 0.1 0.1 0.083
254 L 0.047 0.019 0.014 0.015 0.015 0.014 0.018 0.02 0.008 0.215 0.243 0.022 0.037 0.042 0.014 0.024 0.036 0.006 0.019 0.173
255 L 0.046 0.019 0.013 0.015 0.015 0.013 0.018 0.02 0.008 0.229 0.24 0.022 0.037 0.042 0.013 0.024 0.036 0.006 0.019 0.165
256 A 0.203 0.038 0.103 0.038 0.015 0.025 0.038 0.059 0.022 0.034 0.048 0.042 0.015 0.035 0.023 0.087 0.045 0.008 0.076 0.048
257 I 0.048 0.018 0.015 0.018 0.016 0.014 0.018 0.021 0.009 0.258 0.171 0.024 0.037 0.045 0.015 0.025 0.041 0.006 0.021 0.18
258 K 0.043 0.135 0.046 0.03 0.009 0.035 0.044 0.032 0.018 0.043 0.116 0.17 0.021 0.092 0.019 0.039 0.032 0.007 0.027 0.042
259 I 0.058 0.037 0.028 0.027 0.014 0.024 0.033 0.033 0.013 0.133 0.117 0.083 0.024 0.063 0.019 0.082 0.088 0.006 0.023 0.096
260 K 0.048 0.139 0.094 0.042 0.008 0.045 0.058 0.041 0.021 0.024 0.038 0.256 0.013 0.015 0.023 0.05 0.037 0.005 0.015 0.029
261 I 0.048 0.036 0.024 0.032 0.012 0.027 0.084 0.027 0.014 0.153 0.102 0.084 0.024 0.076 0.018 0.038 0.058 0.006 0.025 0.112
262 Q 0.057 0.075 0.045 0.048 0.009 0.2 0.105 0.042 0.03 0.027 0.048 0.093 0.021 0.015 0.024 0.057 0.042 0.006 0.021 0.036
263 K 0.062 0.13 0.033 0.031 0.009 0.033 0.043 0.123 0.017 0.029 0.049 0.151 0.015 0.086 0.028 0.059 0.034 0.007 0.026 0.033
264 L 0.053 0.033 0.02 0.02 0.016 0.029 0.029 0.029 0.016 0.102 0.2 0.037 0.145 0.049 0.016 0.037 0.041 0.008 0.025 0.094
265 L 0.044 0.056 0.066 0.025 0.012 0.019 0.026 0.028 0.019 0.079 0.14 0.034 0.025 0.121 0.014 0.032 0.034 0.01 0.09 0.126
266 L 0.052 0.032 0.02 0.02 0.016 0.028 0.028 0.028 0.016 0.1 0.197 0.036 0.161 0.048 0.016 0.036 0.04 0.008 0.024 0.092
267 G 0.078 0.023 0.039 0.034 0.011 0.019 0.026 0.51 0.014 0.019 0.028 0.034 0.009 0.016 0.019 0.051 0.03 0.005 0.011 0.024
268 L 0.045 0.024 0.014 0.015 0.016 0.016 0.02 0.021 0.01 0.115 0.375 0.025 0.05 0.055 0.014 0.024 0.033 0.007 0.022 0.096
269 I 0.044 0.031 0.018 0.019 0.012 0.018 0.025 0.024 0.012 0.165 0.113 0.074 0.026 0.162 0.014 0.028 0.033 0.008 0.038 0.133
270 S 0.08 0.033 0.045 0.107 0.014 0.027 0.049 0.05 0.016 0.039 0.102 0.043 0.018 0.023 0.024 0.205 0.06 0.005 0.016 0.044
271 V 0.058 0.046 0.068 0.035 0.012 0.03 0.042 0.038 0.082 0.081 0.066 0.108 0.019 0.024 0.02 0.082 0.044 0.005 0.023 0.116
272 G 0.123 0.04 0.037 0.035 0.013 0.028 0.04 0.197 0.015 0.026 0.038 0.09 0.013 0.019 0.023 0.132 0.047 0.032 0.016 0.036
273 V 0.117 0.037 0.026 0.026 0.024 0.024 0.035 0.04 0.013 0.096 0.081 0.084 0.021 0.053 0.02 0.084 0.046 0.006 0.021 0.147
274 L 0.045 0.025 0.014 0.015 0.016 0.016 0.021 0.022 0.01 0.118 0.364 0.026 0.051 0.056 0.014 0.025 0.034 0.007 0.023 0.098
275 I 0.048 0.018 0.015 0.018 0.016 0.014 0.018 0.021 0.009 0.258 0.171 0.024 0.037 0.045 0.015 0.025 0.041 0.006 0.021 0.18
276 A 0.277 0.032 0.026 0.03 0.022 0.026 0.041 0.08 0.015 0.044 0.06 0.045 0.018 0.022 0.03 0.087 0.051 0.005 0.018 0.07
277 Y 0.063 0.031 0.089 0.036 0.012 0.024 0.035 0.041 0.026 0.051 0.058 0.038 0.017 0.054 0.019 0.122 0.048 0.012 0.137 0.087
278 F 0.042 0.022 0.075 0.025 0.098 0.015 0.022 0.029 0.014 0.091 0.144 0.025 0.025 0.168 0.013 0.032 0.032 0.008 0.038 0.082
279 K 0.058 0.109 0.042 0.042 0.009 0.054 0.072 0.044 0.021 0.028 0.044 0.265 0.016 0.016 0.028 0.054 0.04 0.005 0.018 0.033
280 F 0.073 0.03 0.036 0.033 0.014 0.022 0.036 0.047 0.018 0.047 0.079 0.037 0.021 0.199 0.02 0.117 0.055 0.011 0.054 0.049
281 L 0.044 0.021 0.014 0.015 0.014 0.014 0.019 0.021 0.01 0.102 0.35 0.022 0.04 0.12 0.013 0.024 0.034 0.008 0.031 0.082
282 V 0.108 0.023 0.02 0.021 0.017 0.018 0.026 0.034 0.01 0.138 0.166 0.029 0.029 0.033 0.018 0.066 0.049 0.005 0.018 0.172
283 L 0.04 0.022 0.013 0.014 0.015 0.015 0.018 0.019 0.009 0.109 0.428 0.023 0.045 0.05 0.013 0.022 0.03 0.006 0.02 0.089
284 L 0.062 0.024 0.022 0.022 0.014 0.018 0.025 0.031 0.013 0.114 0.17 0.029 0.063 0.124 0.016 0.074 0.053 0.008 0.032 0.085
285 L 0.061 0.021 0.019 0.019 0.012 0.015 0.021 0.113 0.016 0.099 0.17 0.025 0.026 0.117 0.014 0.031 0.03 0.011 0.088 0.091
286 L 0.046 0.021 0.013 0.015 0.015 0.014 0.018 0.02 0.009 0.169 0.337 0.023 0.044 0.053 0.013 0.023 0.032 0.006 0.021 0.107
287 G 0.089 0.027 0.033 0.03 0.1 0.022 0.031 0.173 0.014 0.039 0.069 0.036 0.051 0.023 0.02 0.129 0.047 0.005 0.015 0.046
288 I 0.059 0.024 0.028 0.026 0.014 0.019 0.026 0.134 0.011 0.149 0.09 0.032 0.026 0.028 0.019 0.053 0.146 0.005 0.016 0.097
289 L 0.041 0.024 0.017 0.017 0.013 0.019 0.022 0.023 0.018 0.104 0.191 0.027 0.109 0.124 0.013 0.027 0.031 0.011 0.091 0.08
290 L 0.048 0.022 0.02 0.02 0.013 0.016 0.021 0.112 0.012 0.115 0.201 0.026 0.064 0.105 0.014 0.042 0.033 0.008 0.028 0.079
291 L 0.127 0.022 0.017 0.019 0.015 0.016 0.024 0.035 0.011 0.103 0.178 0.027 0.028 0.123 0.017 0.039 0.04 0.008 0.032 0.12
292 L 0.043 0.02 0.014 0.015 0.014 0.013 0.018 0.02 0.01 0.143 0.279 0.022 0.037 0.111 0.013 0.024 0.033 0.008 0.03 0.135
293 C 0.153 0.021 0.017 0.019 0.188 0.016 0.023 0.04 0.01 0.079 0.147 0.027 0.024 0.028 0.018 0.046 0.037 0.005 0.016 0.085
294 L 0.043 0.021 0.013 0.014 0.015 0.014 0.018 0.02 0.009 0.132 0.378 0.023 0.043 0.047 0.013 0.023 0.032 0.006 0.02 0.115
295 S 0.112 0.041 0.055 0.05 0.018 0.034 0.053 0.068 0.02 0.03 0.043 0.055 0.016 0.021 0.03 0.206 0.084 0.005 0.018 0.043
296 F 0.092 0.022 0.023 0.022 0.012 0.015 0.026 0.037 0.015 0.049 0.084 0.027 0.02 0.302 0.015 0.08 0.036 0.012 0.059 0.05
297 L 0.045 0.02 0.015 0.015 0.1 0.014 0.019 0.022 0.014 0.128 0.241 0.023 0.032 0.053 0.014 0.026 0.032 0.009 0.078 0.1
298 L 0.057 0.027 0.028 0.026 0.015 0.02 0.029 0.033 0.013 0.065 0.187 0.032 0.027 0.101 0.019 0.088 0.131 0.007 0.028 0.065
299 L 0.053 0.034 0.024 0.035 0.011 0.07 0.107 0.027 0.02 0.092 0.133 0.044 0.024 0.043 0.017 0.036 0.035 0.009 0.078 0.106
300 P 0.052 0.034 0.07 0.097 0.009 0.069 0.076 0.133 0.018 0.021 0.032 0.048 0.011 0.014 0.193 0.047 0.034 0.004 0.013 0.027
301 L 0.043 0.021 0.014 0.015 0.014 0.014 0.019 0.021 0.01 0.115 0.302 0.022 0.041 0.118 0.013 0.024 0.032 0.008 0.031 0.126
302 W 0.032 0.023 0.017 0.015 0.008 0.017 0.023 0.025 0.028 0.034 0.055 0.024 0.015 0.087 0.011 0.024 0.023 0.282 0.221 0.035
303 G 0.07 0.031 0.041 0.111 0.012 0.03 0.097 0.137 0.016 0.043 0.046 0.043 0.014 0.019 0.022 0.122 0.047 0.005 0.014 0.08
304 D 0.084 0.032 0.044 0.197 0.01 0.032 0.12 0.045 0.017 0.024 0.033 0.047 0.011 0.015 0.109 0.09 0.041 0.004 0.013 0.031
305 Y 0.042 0.044 0.032 0.096 0.008 0.045 0.048 0.031 0.031 0.031 0.048 0.103 0.015 0.066 0.044 0.038 0.03 0.015 0.197 0.035
306 L 0.038 0.019 0.014 0.015 0.013 0.013 0.018 0.02 0.011 0.128 0.276 0.021 0.036 0.179 0.012 0.023 0.029 0.009 0.04 0.087
307 L 0.049 0.022 0.018 0.018 0.015 0.016 0.021 0.023 0.009 0.142 0.271 0.026 0.036 0.041 0.015 0.034 0.081 0.006 0.019 0.137
308 H 0.06 0.038 0.037 0.047 0.01 0.038 0.146 0.034 0.15 0.043 0.105 0.048 0.019 0.026 0.02 0.066 0.035 0.006 0.029 0.045
309 A 0.277 0.032 0.026 0.03 0.022 0.026 0.041 0.08 0.015 0.044 0.06 0.045 0.018 0.022 0.03 0.087 0.051 0.005 0.018 0.07
310 L 0.053 0.033 0.02 0.02 0.016 0.029 0.029 0.029 0.016 0.102 0.2 0.037 0.145 0.049 0.016 0.037 0.041 0.008 0.025 0.094
311 K 0.058 0.109 0.042 0.042 0.009 0.054 0.072 0.044 0.021 0.028 0.044 0.265 0.016 0.016 0.028 0.054 0.04 0.005 0.018 0.033
312 K 0.058 0.109 0.042 0.042 0.009 0.054 0.072 0.044 0.021 0.028 0.044 0.265 0.016 0.016 0.028 0.054 0.04 0.005 0.018 0.033
313 F 0.092 0.019 0.016 0.018 0.013 0.013 0.021 0.03 0.013 0.12 0.107 0.023 0.025 0.237 0.014 0.033 0.032 0.01 0.049 0.115
314 L 0.046 0.028 0.017 0.018 0.015 0.024 0.024 0.024 0.014 0.101 0.212 0.031 0.205 0.044 0.014 0.031 0.036 0.007 0.022 0.087
315 R 0.095 0.167 0.099 0.087 0.01 0.036 0.051 0.045 0.02 0.029 0.042 0.115 0.014 0.017 0.021 0.053 0.038 0.005 0.015 0.043
316 I 0.05 0.039 0.027 0.034 0.012 0.029 0.086 0.03 0.015 0.108 0.083 0.087 0.021 0.094 0.019 0.046 0.095 0.007 0.027 0.092
317 I 0.061 0.031 0.028 0.028 0.014 0.063 0.038 0.033 0.013 0.154 0.094 0.04 0.024 0.028 0.019 0.084 0.091 0.005 0.018 0.132
318 E 0.047 0.118 0.04 0.047 0.007 0.127 0.133 0.035 0.089 0.022 0.039 0.108 0.015 0.017 0.021 0.047 0.033 0.005 0.023 0.029
319 N 0.047 0.041 0.105 0.049 0.008 0.075 0.101 0.067 0.087 0.023 0.037 0.051 0.013 0.024 0.018 0.066 0.036 0.094 0.029 0.027
320 Y 0.05 0.034 0.028 0.026 0.01 0.066 0.04 0.031 0.036 0.035 0.055 0.041 0.017 0.085 0.018 0.076 0.036 0.019 0.259 0.04
