#Seq2Logo.py -f /work3/idamei/ssn-clusterings/2206011120/clusters/0134_23/sequences.afa -m 0.0001 -b 50 -o /work3/idamei/ssn-clusterings/2206011120/clusters/0134_23/sequences.logo
#Position Specific Frequency Matrix
A R N D C Q E G H I L K M F P S T W Y V
0 M 0.05 0.031 0.019 0.019 0.015 0.027 0.027 0.027 0.015 0.096 0.189 0.035 0.195 0.046 0.015 0.035 0.039 0.008 0.023 0.089
1 D 0.056 0.11 0.043 0.121 0.011 0.031 0.052 0.04 0.045 0.044 0.121 0.057 0.021 0.026 0.02 0.088 0.043 0.005 0.019 0.044
2 R 0.11 0.115 0.104 0.053 0.012 0.039 0.108 0.049 0.022 0.037 0.048 0.067 0.015 0.019 0.022 0.059 0.041 0.005 0.016 0.058
3 P 0.053 0.025 0.034 0.117 0.011 0.02 0.041 0.148 0.013 0.042 0.116 0.035 0.018 0.023 0.171 0.041 0.032 0.004 0.014 0.041
4 R 0.106 0.186 0.031 0.056 0.012 0.033 0.043 0.04 0.017 0.047 0.128 0.072 0.022 0.026 0.02 0.048 0.036 0.006 0.017 0.052
5 A 0.132 0.128 0.025 0.024 0.016 0.028 0.036 0.041 0.014 0.078 0.108 0.058 0.023 0.027 0.02 0.049 0.042 0.006 0.018 0.127
6 C 0.131 0.023 0.02 0.02 0.21 0.018 0.026 0.042 0.021 0.042 0.062 0.03 0.017 0.052 0.019 0.049 0.037 0.011 0.112 0.055
7 S 0.081 0.056 0.048 0.047 0.013 0.131 0.076 0.053 0.024 0.028 0.044 0.071 0.018 0.017 0.026 0.145 0.06 0.005 0.019 0.038
8 W 0.03 0.023 0.015 0.015 0.008 0.015 0.023 0.03 0.015 0.03 0.053 0.023 0.015 0.061 0.008 0.023 0.023 0.492 0.068 0.03
9 G 0.054 0.023 0.027 0.024 0.009 0.017 0.024 0.272 0.014 0.024 0.04 0.028 0.012 0.038 0.013 0.037 0.026 0.251 0.039 0.027
10 R 0.045 0.345 0.039 0.031 0.008 0.048 0.052 0.033 0.023 0.023 0.046 0.12 0.015 0.017 0.019 0.045 0.035 0.006 0.017 0.031
11 L 0.044 0.024 0.014 0.015 0.016 0.016 0.02 0.021 0.01 0.115 0.376 0.025 0.05 0.055 0.014 0.024 0.033 0.007 0.022 0.096
12 W 0.03 0.023 0.015 0.015 0.008 0.015 0.023 0.03 0.015 0.03 0.053 0.023 0.015 0.061 0.008 0.023 0.023 0.492 0.068 0.03
13 Q 0.056 0.073 0.044 0.047 0.009 0.215 0.103 0.041 0.029 0.026 0.047 0.091 0.021 0.015 0.023 0.056 0.041 0.006 0.021 0.035
14 C 0.065 0.016 0.016 0.016 0.484 0.012 0.016 0.032 0.008 0.045 0.065 0.02 0.016 0.02 0.016 0.041 0.037 0.004 0.012 0.057
15 S 0.11 0.04 0.054 0.049 0.017 0.033 0.052 0.066 0.019 0.03 0.042 0.054 0.016 0.021 0.03 0.22 0.082 0.005 0.017 0.042
16 R 0.045 0.345 0.039 0.031 0.008 0.048 0.052 0.033 0.023 0.023 0.046 0.12 0.015 0.017 0.019 0.045 0.035 0.006 0.017 0.031
17 S 0.11 0.04 0.054 0.049 0.017 0.033 0.052 0.066 0.019 0.03 0.042 0.054 0.016 0.021 0.03 0.22 0.082 0.005 0.017 0.042
18 R 0.045 0.345 0.039 0.031 0.008 0.048 0.052 0.033 0.023 0.023 0.046 0.12 0.015 0.017 0.019 0.045 0.035 0.006 0.017 0.031
19 S 0.11 0.04 0.054 0.049 0.017 0.033 0.052 0.066 0.019 0.03 0.042 0.054 0.016 0.021 0.03 0.22 0.082 0.005 0.017 0.042
20 A 0.29 0.031 0.026 0.03 0.022 0.026 0.04 0.078 0.015 0.043 0.059 0.044 0.017 0.022 0.03 0.085 0.05 0.005 0.017 0.069
21 S 0.11 0.04 0.054 0.049 0.017 0.033 0.052 0.066 0.019 0.03 0.042 0.054 0.016 0.021 0.03 0.22 0.082 0.005 0.017 0.042
22 S 0.11 0.04 0.054 0.049 0.017 0.033 0.052 0.066 0.019 0.03 0.042 0.054 0.016 0.021 0.03 0.22 0.082 0.005 0.017 0.042
23 A 0.29 0.031 0.026 0.03 0.022 0.026 0.04 0.078 0.015 0.043 0.059 0.044 0.017 0.022 0.03 0.085 0.05 0.005 0.017 0.069
24 A 0.29 0.031 0.026 0.03 0.022 0.026 0.04 0.078 0.015 0.043 0.059 0.044 0.017 0.022 0.03 0.085 0.05 0.005 0.017 0.069
25 R 0.045 0.345 0.039 0.031 0.008 0.048 0.052 0.033 0.023 0.023 0.046 0.12 0.015 0.017 0.019 0.045 0.035 0.006 0.017 0.031
26 G 0.078 0.023 0.039 0.034 0.011 0.019 0.026 0.51 0.013 0.019 0.028 0.034 0.009 0.016 0.019 0.051 0.03 0.005 0.011 0.024
27 L 0.044 0.024 0.014 0.015 0.016 0.016 0.02 0.021 0.01 0.115 0.376 0.025 0.05 0.055 0.014 0.024 0.033 0.007 0.022 0.096
28 R 0.045 0.345 0.039 0.031 0.008 0.048 0.052 0.033 0.023 0.023 0.046 0.12 0.015 0.017 0.019 0.045 0.035 0.006 0.017 0.031
29 Q 0.056 0.073 0.044 0.047 0.009 0.215 0.103 0.041 0.029 0.026 0.047 0.091 0.021 0.015 0.023 0.056 0.041 0.006 0.021 0.035
30 L 0.044 0.024 0.014 0.015 0.016 0.016 0.02 0.021 0.01 0.115 0.376 0.025 0.05 0.055 0.014 0.024 0.033 0.007 0.022 0.096
31 Y 0.04 0.028 0.022 0.019 0.009 0.022 0.028 0.025 0.047 0.044 0.068 0.031 0.019 0.131 0.016 0.031 0.028 0.028 0.318 0.047
32 P 0.05 0.187 0.031 0.031 0.009 0.034 0.044 0.034 0.018 0.024 0.041 0.08 0.013 0.015 0.258 0.044 0.035 0.004 0.015 0.031
33 L 0.045 0.021 0.014 0.016 0.016 0.015 0.019 0.021 0.009 0.195 0.273 0.024 0.043 0.049 0.014 0.024 0.036 0.006 0.021 0.136
34 G 0.067 0.024 0.031 0.032 0.01 0.02 0.031 0.275 0.013 0.022 0.032 0.037 0.01 0.014 0.258 0.047 0.033 0.004 0.012 0.027
35 R 0.077 0.195 0.046 0.04 0.013 0.041 0.052 0.049 0.021 0.026 0.044 0.087 0.015 0.019 0.024 0.135 0.058 0.005 0.017 0.036
36 C 0.06 0.033 0.028 0.053 0.247 0.038 0.159 0.034 0.017 0.033 0.051 0.048 0.015 0.018 0.021 0.048 0.036 0.005 0.014 0.044
37 G 0.078 0.023 0.039 0.033 0.011 0.019 0.025 0.513 0.013 0.019 0.028 0.033 0.009 0.016 0.019 0.051 0.03 0.005 0.011 0.024
38 R 0.05 0.228 0.04 0.036 0.008 0.051 0.061 0.038 0.022 0.025 0.045 0.201 0.015 0.016 0.023 0.049 0.037 0.005 0.017 0.032
39 G 0.186 0.027 0.032 0.031 0.016 0.022 0.033 0.296 0.014 0.031 0.044 0.039 0.013 0.019 0.024 0.068 0.04 0.005 0.014 0.046
40 W 0.03 0.023 0.015 0.015 0.008 0.015 0.023 0.03 0.015 0.03 0.053 0.023 0.015 0.061 0.008 0.023 0.023 0.492 0.068 0.03
41 A 0.295 0.031 0.025 0.03 0.021 0.025 0.04 0.078 0.015 0.043 0.059 0.044 0.017 0.021 0.03 0.084 0.05 0.005 0.017 0.068
42 T 0.073 0.035 0.043 0.037 0.018 0.027 0.039 0.043 0.014 0.053 0.065 0.045 0.02 0.024 0.027 0.092 0.251 0.006 0.018 0.071
43 R 0.044 0.349 0.039 0.031 0.008 0.048 0.052 0.033 0.023 0.023 0.046 0.119 0.015 0.017 0.019 0.044 0.035 0.006 0.017 0.031
44 G 0.061 0.186 0.039 0.032 0.009 0.033 0.039 0.273 0.018 0.021 0.037 0.076 0.012 0.017 0.019 0.048 0.032 0.006 0.014 0.027
45 G 0.186 0.027 0.032 0.031 0.016 0.022 0.033 0.296 0.014 0.031 0.044 0.039 0.013 0.019 0.024 0.068 0.04 0.005 0.014 0.046
46 L 0.05 0.065 0.028 0.028 0.012 0.035 0.045 0.032 0.015 0.071 0.211 0.154 0.032 0.035 0.021 0.039 0.036 0.006 0.02 0.064
47 T 0.073 0.035 0.043 0.037 0.018 0.027 0.039 0.043 0.014 0.053 0.065 0.045 0.02 0.024 0.027 0.092 0.251 0.006 0.018 0.071
48 S 0.11 0.04 0.054 0.049 0.017 0.033 0.052 0.066 0.019 0.03 0.042 0.054 0.016 0.021 0.03 0.22 0.082 0.005 0.017 0.042
49 A 0.29 0.031 0.026 0.03 0.022 0.026 0.04 0.078 0.015 0.043 0.059 0.044 0.017 0.022 0.03 0.085 0.05 0.005 0.017 0.069
50 E 0.055 0.05 0.04 0.09 0.007 0.064 0.297 0.035 0.026 0.022 0.037 0.075 0.013 0.017 0.026 0.055 0.037 0.005 0.017 0.031
51 V 0.07 0.022 0.016 0.018 0.019 0.016 0.023 0.025 0.008 0.165 0.13 0.026 0.032 0.036 0.016 0.033 0.049 0.005 0.021 0.269
52 E 0.055 0.05 0.04 0.09 0.007 0.064 0.297 0.035 0.026 0.022 0.037 0.075 0.013 0.017 0.026 0.055 0.037 0.005 0.017 0.031
53 G 0.078 0.023 0.039 0.034 0.011 0.019 0.026 0.51 0.013 0.019 0.028 0.034 0.009 0.016 0.019 0.051 0.03 0.005 0.011 0.024
54 R 0.045 0.345 0.039 0.031 0.008 0.048 0.052 0.033 0.023 0.023 0.046 0.12 0.015 0.017 0.019 0.045 0.035 0.006 0.017 0.031
55 V 0.07 0.022 0.016 0.018 0.019 0.016 0.023 0.025 0.008 0.165 0.13 0.026 0.032 0.036 0.016 0.033 0.049 0.005 0.021 0.269
56 C 0.065 0.016 0.016 0.016 0.484 0.012 0.016 0.032 0.008 0.045 0.065 0.02 0.016 0.02 0.016 0.041 0.037 0.004 0.012 0.057
57 F 0.034 0.019 0.017 0.017 0.011 0.011 0.019 0.025 0.017 0.063 0.114 0.019 0.025 0.387 0.011 0.025 0.025 0.017 0.089 0.055
58 A 0.29 0.031 0.026 0.03 0.022 0.026 0.04 0.078 0.015 0.043 0.059 0.044 0.017 0.022 0.03 0.085 0.05 0.005 0.017 0.069
59 K 0.057 0.107 0.041 0.041 0.009 0.053 0.071 0.043 0.021 0.028 0.043 0.278 0.015 0.015 0.028 0.053 0.04 0.005 0.017 0.033
60 T 0.073 0.035 0.043 0.037 0.018 0.028 0.039 0.043 0.014 0.053 0.065 0.045 0.02 0.024 0.028 0.093 0.247 0.006 0.018 0.071
61 A 0.29 0.031 0.026 0.03 0.022 0.026 0.04 0.078 0.015 0.043 0.059 0.044 0.017 0.022 0.03 0.085 0.05 0.005 0.017 0.069
62 A 0.29 0.031 0.026 0.03 0.022 0.026 0.04 0.078 0.015 0.043 0.059 0.044 0.017 0.022 0.03 0.085 0.05 0.005 0.017 0.069
63 C 0.061 0.061 0.029 0.029 0.248 0.033 0.043 0.038 0.014 0.036 0.054 0.152 0.016 0.018 0.022 0.047 0.038 0.005 0.015 0.045
64 G 0.065 0.026 0.035 0.03 0.012 0.021 0.029 0.279 0.021 0.033 0.046 0.035 0.014 0.045 0.02 0.055 0.089 0.011 0.094 0.04
65 G 0.073 0.058 0.036 0.044 0.013 0.033 0.101 0.153 0.016 0.054 0.056 0.051 0.017 0.021 0.022 0.092 0.046 0.005 0.016 0.093
66 R 0.109 0.19 0.038 0.031 0.011 0.037 0.046 0.081 0.103 0.026 0.044 0.076 0.015 0.02 0.021 0.052 0.035 0.006 0.025 0.036
67 R 0.06 0.14 0.036 0.043 0.011 0.039 0.107 0.037 0.019 0.044 0.124 0.07 0.022 0.026 0.021 0.089 0.044 0.006 0.018 0.047
68 E 0.111 0.053 0.037 0.045 0.011 0.041 0.113 0.045 0.102 0.034 0.07 0.11 0.017 0.023 0.024 0.054 0.036 0.006 0.026 0.042
69 M 0.018 0.011 0.007 0.007 0.006 0.01 0.01 0.01 0.006 0.036 0.077 0.013 0.695 0.017 0.006 0.013 0.014 0.003 0.009 0.033
70 L 0.053 0.033 0.02 0.02 0.016 0.028 0.028 0.028 0.016 0.102 0.199 0.037 0.149 0.049 0.016 0.037 0.041 0.008 0.024 0.094
71 L 0.081 0.009 0.024 0.008 0.005 0.006 0.009 0.023 0.005 0.177 0.218 0.01 0.019 0.129 0.006 0.025 0.049 0.095 0.025 0.08
72 P 0.079 0.012 0.009 0.01 0.005 0.007 0.012 0.023 0.005 0.152 0.047 0.013 0.023 0.036 0.367 0.033 0.065 0.002 0.024 0.076
73 Y 0.04 0.01 0.008 0.007 0.004 0.008 0.01 0.01 0.017 0.016 0.025 0.012 0.007 0.058 0.006 0.012 0.011 0.01 0.713 0.017
74 W 0.021 0.008 0.006 0.006 0.003 0.006 0.008 0.011 0.006 0.051 0.086 0.009 0.007 0.093 0.003 0.017 0.01 0.596 0.031 0.022
75 L 0.064 0.009 0.007 0.007 0.015 0.006 0.009 0.02 0.005 0.155 0.312 0.01 0.024 0.125 0.006 0.036 0.046 0.003 0.039 0.101
76 L 0.034 0.009 0.006 0.007 0.006 0.007 0.008 0.009 0.005 0.157 0.314 0.01 0.169 0.098 0.006 0.019 0.014 0.003 0.036 0.083
77 F 0.013 0.008 0.023 0.007 0.004 0.005 0.008 0.019 0.008 0.021 0.086 0.008 0.009 0.425 0.004 0.01 0.01 0.185 0.129 0.019
78 L 0.104 0.026 0.009 0.009 0.015 0.007 0.01 0.099 0.005 0.067 0.265 0.012 0.071 0.101 0.007 0.082 0.031 0.003 0.01 0.068
79 L 0.053 0.008 0.006 0.015 0.024 0.006 0.008 0.014 0.005 0.181 0.27 0.009 0.013 0.122 0.006 0.015 0.028 0.021 0.044 0.152
80 P 0.092 0.009 0.008 0.01 0.023 0.007 0.011 0.023 0.005 0.129 0.042 0.013 0.015 0.085 0.357 0.04 0.046 0.04 0.018 0.03
81 A 0.362 0.011 0.01 0.01 0.028 0.016 0.013 0.047 0.005 0.072 0.074 0.014 0.016 0.023 0.009 0.099 0.044 0.002 0.007 0.139
82 F 0.034 0.019 0.017 0.017 0.011 0.011 0.019 0.026 0.017 0.064 0.115 0.019 0.026 0.381 0.011 0.026 0.026 0.017 0.09 0.056
83 L 0.045 0.025 0.014 0.015 0.016 0.016 0.02 0.022 0.01 0.117 0.369 0.026 0.05 0.055 0.014 0.025 0.034 0.007 0.023 0.097
84 S 0.111 0.041 0.055 0.049 0.018 0.034 0.053 0.067 0.019 0.03 0.042 0.055 0.016 0.021 0.03 0.212 0.083 0.005 0.018 0.042
85 L 0.071 0.009 0.007 0.007 0.013 0.006 0.008 0.041 0.005 0.146 0.256 0.018 0.035 0.171 0.015 0.027 0.013 0.038 0.03 0.086
86 A 0.265 0.01 0.018 0.019 0.028 0.008 0.012 0.174 0.005 0.047 0.101 0.029 0.053 0.079 0.035 0.033 0.023 0.002 0.008 0.051
87 A 0.308 0.011 0.089 0.013 0.033 0.009 0.013 0.044 0.006 0.053 0.069 0.015 0.013 0.026 0.009 0.133 0.046 0.002 0.007 0.102
88 L 0.046 0.016 0.006 0.007 0.005 0.006 0.016 0.009 0.004 0.191 0.336 0.01 0.025 0.17 0.014 0.011 0.021 0.003 0.012 0.093
89 L 0.108 0.011 0.043 0.011 0.005 0.065 0.021 0.064 0.022 0.084 0.138 0.014 0.017 0.104 0.016 0.094 0.069 0.003 0.01 0.098
90 P 0.06 0.028 0.085 0.05 0.014 0.031 0.065 0.11 0.02 0.026 0.049 0.025 0.025 0.052 0.142 0.103 0.057 0.011 0.025 0.024
91 R 0.073 0.149 0.062 0.039 0.005 0.032 0.049 0.07 0.007 0.024 0.061 0.053 0.014 0.028 0.044 0.143 0.045 0.029 0.01 0.064
92 R 0.036 0.229 0.05 0.03 0.004 0.042 0.029 0.059 0.02 0.02 0.043 0.13 0.009 0.01 0.089 0.063 0.03 0.03 0.049 0.03
93 R 0.045 0.172 0.055 0.03 0.004 0.023 0.02 0.061 0.016 0.019 0.128 0.111 0.013 0.049 0.078 0.034 0.055 0.012 0.03 0.046
94 D 0.091 0.099 0.052 0.138 0.005 0.053 0.059 0.064 0.019 0.04 0.044 0.042 0.01 0.01 0.08 0.066 0.068 0.002 0.018 0.04
95 R 0.105 0.156 0.052 0.046 0.005 0.031 0.054 0.074 0.008 0.026 0.041 0.082 0.01 0.02 0.104 0.072 0.036 0.003 0.037 0.04
96 A 0.161 0.059 0.055 0.025 0.01 0.034 0.044 0.119 0.011 0.049 0.08 0.057 0.013 0.016 0.069 0.074 0.031 0.004 0.012 0.077
97 S 0.092 0.097 0.037 0.034 0.012 0.051 0.043 0.086 0.05 0.025 0.037 0.053 0.013 0.017 0.064 0.161 0.071 0.005 0.017 0.034
98 V 0.1 0.097 0.025 0.024 0.013 0.048 0.034 0.048 0.013 0.087 0.068 0.046 0.019 0.021 0.064 0.046 0.091 0.005 0.015 0.136
99 A 0.29 0.031 0.026 0.03 0.022 0.026 0.04 0.078 0.015 0.043 0.059 0.044 0.017 0.022 0.03 0.085 0.05 0.005 0.017 0.069
100 L 0.044 0.024 0.014 0.015 0.016 0.016 0.02 0.021 0.01 0.115 0.376 0.025 0.05 0.055 0.014 0.024 0.033 0.007 0.022 0.096
101 A 0.29 0.031 0.026 0.03 0.022 0.026 0.04 0.078 0.015 0.043 0.059 0.044 0.017 0.022 0.03 0.085 0.05 0.005 0.017 0.069
102 S 0.11 0.04 0.054 0.049 0.017 0.033 0.052 0.066 0.019 0.03 0.042 0.054 0.016 0.021 0.03 0.22 0.082 0.005 0.017 0.042
103 P 0.057 0.026 0.023 0.031 0.01 0.021 0.036 0.036 0.013 0.026 0.036 0.041 0.01 0.013 0.494 0.044 0.036 0.003 0.013 0.031
104 A 0.29 0.031 0.026 0.03 0.022 0.026 0.04 0.078 0.015 0.043 0.059 0.044 0.017 0.022 0.03 0.085 0.05 0.005 0.017 0.069
105 P 0.057 0.026 0.023 0.031 0.01 0.021 0.036 0.036 0.013 0.026 0.036 0.041 0.01 0.013 0.494 0.044 0.036 0.003 0.013 0.031
106 S 0.11 0.04 0.054 0.049 0.017 0.033 0.052 0.066 0.019 0.03 0.042 0.054 0.016 0.021 0.03 0.22 0.082 0.005 0.017 0.042
107 D 0.1 0.05 0.055 0.14 0.011 0.021 0.039 0.036 0.012 0.062 0.098 0.036 0.016 0.02 0.084 0.063 0.076 0.004 0.013 0.067
108 G 0.101 0.021 0.052 0.028 0.01 0.018 0.025 0.352 0.012 0.022 0.035 0.031 0.027 0.015 0.117 0.062 0.03 0.004 0.011 0.028
109 R 0.076 0.199 0.046 0.039 0.012 0.04 0.051 0.049 0.021 0.026 0.043 0.085 0.015 0.019 0.024 0.139 0.057 0.005 0.017 0.036
110 P 0.063 0.024 0.028 0.031 0.01 0.02 0.032 0.197 0.013 0.023 0.033 0.038 0.01 0.014 0.343 0.045 0.033 0.003 0.012 0.028
111 A 0.29 0.031 0.026 0.03 0.022 0.026 0.04 0.078 0.015 0.043 0.059 0.044 0.017 0.022 0.03 0.085 0.05 0.005 0.017 0.069
112 G 0.127 0.04 0.037 0.036 0.014 0.076 0.051 0.17 0.017 0.035 0.049 0.052 0.016 0.019 0.024 0.069 0.096 0.006 0.016 0.049
113 A 0.194 0.037 0.036 0.048 0.017 0.036 0.111 0.063 0.018 0.034 0.048 0.053 0.016 0.02 0.028 0.115 0.053 0.005 0.017 0.051
114 P 0.052 0.109 0.027 0.03 0.009 0.027 0.039 0.035 0.015 0.025 0.038 0.06 0.011 0.014 0.384 0.043 0.035 0.003 0.014 0.03
115 A 0.277 0.032 0.026 0.03 0.022 0.026 0.041 0.08 0.015 0.044 0.06 0.045 0.018 0.022 0.03 0.087 0.051 0.005 0.018 0.07
116 D 0.061 0.041 0.044 0.13 0.012 0.078 0.065 0.043 0.019 0.047 0.126 0.053 0.023 0.026 0.022 0.092 0.047 0.005 0.017 0.048
117 L 0.049 0.076 0.027 0.026 0.01 0.096 0.037 0.059 0.014 0.077 0.112 0.043 0.051 0.021 0.046 0.101 0.086 0.004 0.014 0.05
118 R 0.062 0.245 0.045 0.025 0.007 0.044 0.037 0.029 0.076 0.027 0.038 0.091 0.026 0.018 0.074 0.05 0.027 0.017 0.036 0.027
119 A 0.108 0.092 0.034 0.05 0.009 0.068 0.055 0.029 0.029 0.044 0.038 0.059 0.012 0.031 0.067 0.103 0.073 0.004 0.013 0.082
120 V 0.071 0.022 0.017 0.018 0.02 0.017 0.024 0.025 0.008 0.168 0.133 0.027 0.032 0.036 0.017 0.033 0.05 0.006 0.021 0.256
121 A 0.102 0.086 0.067 0.055 0.005 0.049 0.04 0.06 0.016 0.054 0.065 0.05 0.015 0.028 0.067 0.07 0.061 0.002 0.033 0.076
122 S 0.111 0.041 0.055 0.05 0.018 0.034 0.053 0.067 0.019 0.03 0.042 0.055 0.016 0.021 0.03 0.209 0.083 0.005 0.018 0.042
123 A 0.281 0.031 0.026 0.03 0.022 0.026 0.041 0.079 0.015 0.044 0.06 0.045 0.018 0.022 0.03 0.086 0.051 0.005 0.018 0.07
124 R 0.056 0.154 0.037 0.012 0.005 0.071 0.049 0.069 0.033 0.083 0.12 0.038 0.024 0.027 0.012 0.093 0.015 0.003 0.05 0.05
125 S 0.06 0.088 0.075 0.023 0.005 0.054 0.025 0.068 0.029 0.034 0.091 0.048 0.007 0.036 0.07 0.15 0.047 0.04 0.017 0.034
126 R 0.045 0.185 0.026 0.024 0.012 0.031 0.035 0.026 0.016 0.151 0.106 0.071 0.026 0.03 0.017 0.034 0.037 0.006 0.019 0.103
127 K 0.056 0.102 0.106 0.046 0.004 0.023 0.033 0.063 0.015 0.017 0.079 0.166 0.014 0.029 0.05 0.068 0.053 0.011 0.036 0.031
128 I 0.1 0.025 0.008 0.008 0.005 0.014 0.01 0.043 0.005 0.169 0.102 0.016 0.021 0.131 0.072 0.047 0.024 0.033 0.044 0.121
129 G 0.078 0.023 0.039 0.034 0.011 0.019 0.026 0.51 0.013 0.019 0.028 0.034 0.009 0.016 0.019 0.051 0.03 0.005 0.011 0.024
130 L 0.128 0.009 0.017 0.017 0.014 0.007 0.011 0.081 0.013 0.092 0.155 0.012 0.037 0.107 0.051 0.069 0.038 0.007 0.03 0.103
131 W 0.04 0.009 0.006 0.006 0.004 0.006 0.008 0.019 0.006 0.028 0.165 0.017 0.032 0.156 0.013 0.01 0.026 0.339 0.08 0.027
132 L 0.072 0.016 0.008 0.012 0.005 0.007 0.01 0.095 0.005 0.145 0.16 0.033 0.03 0.118 0.006 0.042 0.029 0.048 0.061 0.099
133 L 0.102 0.009 0.007 0.007 0.015 0.006 0.009 0.041 0.004 0.129 0.269 0.01 0.027 0.124 0.03 0.041 0.024 0.025 0.011 0.109
134 F 0.144 0.009 0.008 0.008 0.006 0.006 0.009 0.048 0.005 0.079 0.138 0.011 0.029 0.219 0.006 0.018 0.075 0.012 0.038 0.133
135 G 0.119 0.009 0.017 0.009 0.032 0.006 0.009 0.192 0.005 0.082 0.098 0.011 0.011 0.122 0.006 0.058 0.016 0.08 0.011 0.106
136 L 0.109 0.008 0.007 0.007 0.028 0.006 0.008 0.038 0.004 0.133 0.262 0.01 0.019 0.153 0.006 0.016 0.042 0.003 0.011 0.13
137 F 0.103 0.008 0.007 0.007 0.005 0.006 0.008 0.038 0.013 0.087 0.239 0.009 0.011 0.257 0.006 0.023 0.021 0.003 0.015 0.134
138 L 0.041 0.009 0.007 0.007 0.005 0.006 0.008 0.018 0.005 0.104 0.385 0.01 0.036 0.135 0.006 0.012 0.075 0.003 0.068 0.061
139 T 0.162 0.01 0.019 0.011 0.019 0.008 0.012 0.016 0.005 0.086 0.03 0.013 0.008 0.094 0.008 0.089 0.253 0.003 0.017 0.135
140 L 0.022 0.008 0.005 0.006 0.006 0.006 0.007 0.008 0.004 0.15 0.481 0.009 0.022 0.086 0.005 0.017 0.013 0.003 0.01 0.132
141 F 0.046 0.008 0.006 0.006 0.005 0.006 0.008 0.01 0.005 0.128 0.147 0.009 0.175 0.261 0.005 0.011 0.013 0.004 0.027 0.119
142 I 0.023 0.007 0.006 0.007 0.006 0.005 0.007 0.008 0.003 0.564 0.056 0.009 0.047 0.015 0.006 0.018 0.042 0.002 0.007 0.16
143 G 0.028 0.008 0.014 0.012 0.004 0.007 0.009 0.826 0.005 0.007 0.01 0.012 0.003 0.006 0.007 0.018 0.011 0.002 0.004 0.009
144 L 0.023 0.008 0.006 0.006 0.005 0.005 0.007 0.017 0.005 0.041 0.47 0.009 0.02 0.256 0.005 0.01 0.019 0.004 0.048 0.036
145 R 0.016 0.768 0.014 0.011 0.003 0.017 0.019 0.012 0.008 0.008 0.016 0.043 0.005 0.006 0.007 0.016 0.012 0.002 0.006 0.011
146 Y 0.014 0.01 0.018 0.016 0.003 0.015 0.026 0.01 0.142 0.025 0.031 0.011 0.007 0.284 0.005 0.011 0.01 0.016 0.322 0.024
147 E 0.019 0.08 0.039 0.036 0.003 0.204 0.416 0.013 0.026 0.008 0.014 0.06 0.005 0.006 0.009 0.019 0.013 0.011 0.007 0.011
148 V 0.024 0.008 0.014 0.007 0.007 0.006 0.008 0.009 0.003 0.151 0.048 0.009 0.015 0.013 0.006 0.011 0.017 0.002 0.007 0.637
149 G 0.028 0.008 0.014 0.012 0.004 0.007 0.009 0.826 0.005 0.007 0.01 0.012 0.003 0.006 0.007 0.018 0.011 0.002 0.004 0.009
150 G 0.144 0.009 0.013 0.011 0.013 0.007 0.01 0.621 0.005 0.011 0.014 0.013 0.004 0.006 0.016 0.029 0.02 0.002 0.004 0.047
151 D 0.015 0.011 0.024 0.786 0.003 0.011 0.032 0.017 0.007 0.008 0.01 0.016 0.003 0.005 0.008 0.019 0.013 0.001 0.004 0.009
152 W 0.011 0.025 0.006 0.006 0.003 0.006 0.008 0.011 0.006 0.011 0.019 0.009 0.005 0.021 0.003 0.008 0.008 0.793 0.032 0.011
153 F 0.026 0.014 0.055 0.115 0.004 0.016 0.032 0.154 0.024 0.039 0.052 0.02 0.007 0.206 0.024 0.034 0.035 0.021 0.09 0.032
154 N 0.144 0.03 0.306 0.037 0.005 0.011 0.033 0.04 0.008 0.011 0.015 0.019 0.005 0.007 0.062 0.158 0.084 0.002 0.006 0.019
155 Y 0.014 0.01 0.008 0.007 0.003 0.008 0.01 0.009 0.017 0.015 0.024 0.011 0.007 0.046 0.006 0.011 0.01 0.01 0.758 0.017
156 L 0.033 0.019 0.015 0.017 0.005 0.053 0.066 0.01 0.005 0.12 0.451 0.013 0.024 0.055 0.006 0.019 0.021 0.003 0.017 0.05
157 R 0.08 0.164 0.062 0.106 0.004 0.027 0.073 0.108 0.035 0.062 0.036 0.053 0.006 0.038 0.016 0.027 0.013 0.003 0.056 0.03
158 H 0.019 0.02 0.043 0.01 0.004 0.032 0.013 0.02 0.189 0.175 0.091 0.029 0.093 0.06 0.006 0.013 0.015 0.013 0.123 0.035
159 Y 0.015 0.009 0.007 0.006 0.004 0.014 0.009 0.009 0.019 0.042 0.143 0.01 0.017 0.232 0.005 0.01 0.011 0.016 0.361 0.063
160 E 0.018 0.039 0.077 0.232 0.003 0.04 0.237 0.023 0.029 0.027 0.03 0.048 0.005 0.032 0.017 0.047 0.014 0.002 0.053 0.028
161 R 0.073 0.115 0.037 0.094 0.004 0.06 0.061 0.035 0.02 0.035 0.093 0.041 0.066 0.021 0.007 0.075 0.046 0.012 0.077 0.028
162 A 0.188 0.029 0.012 0.009 0.015 0.013 0.011 0.019 0.005 0.174 0.079 0.013 0.04 0.064 0.007 0.043 0.075 0.003 0.049 0.155
163 A 0.142 0.08 0.022 0.047 0.005 0.079 0.034 0.088 0.009 0.042 0.062 0.094 0.009 0.015 0.009 0.138 0.044 0.002 0.031 0.05
164 N 0.043 0.046 0.308 0.084 0.009 0.034 0.05 0.066 0.032 0.023 0.032 0.055 0.011 0.018 0.02 0.071 0.05 0.005 0.016 0.027
165 G 0.047 0.05 0.069 0.076 0.004 0.035 0.039 0.185 0.032 0.014 0.056 0.024 0.01 0.079 0.007 0.065 0.04 0.021 0.115 0.033
166 L 0.084 0.04 0.01 0.028 0.005 0.066 0.078 0.022 0.006 0.06 0.224 0.035 0.06 0.022 0.007 0.062 0.064 0.011 0.04 0.075
167 N 0.043 0.045 0.317 0.083 0.009 0.034 0.049 0.065 0.031 0.022 0.031 0.054 0.011 0.018 0.02 0.07 0.049 0.004 0.016 0.027
168 S 0.027 0.034 0.077 0.125 0.005 0.018 0.027 0.063 0.007 0.011 0.015 0.034 0.005 0.015 0.125 0.282 0.103 0.002 0.014 0.014
169 G 0.077 0.022 0.038 0.033 0.011 0.019 0.025 0.52 0.013 0.019 0.028 0.033 0.009 0.016 0.019 0.05 0.029 0.005 0.011 0.024
170 L 0.015 0.008 0.006 0.006 0.005 0.005 0.008 0.009 0.005 0.047 0.368 0.016 0.02 0.301 0.005 0.025 0.011 0.049 0.05 0.042
171 S 0.111 0.041 0.055 0.05 0.018 0.034 0.053 0.067 0.019 0.03 0.042 0.055 0.016 0.021 0.03 0.209 0.083 0.005 0.018 0.042
172 I 0.048 0.018 0.015 0.018 0.016 0.013 0.018 0.021 0.009 0.261 0.17 0.024 0.037 0.045 0.015 0.025 0.04 0.006 0.021 0.179
173 D 0.042 0.03 0.07 0.389 0.008 0.03 0.093 0.047 0.019 0.023 0.028 0.045 0.009 0.015 0.023 0.053 0.036 0.004 0.011 0.025
174 Y 0.041 0.028 0.022 0.019 0.009 0.022 0.028 0.025 0.047 0.044 0.069 0.032 0.019 0.133 0.016 0.032 0.028 0.028 0.309 0.047
175 L 0.045 0.025 0.014 0.015 0.016 0.016 0.02 0.022 0.01 0.117 0.367 0.026 0.05 0.055 0.014 0.025 0.034 0.007 0.023 0.097
176 A 0.095 0.035 0.012 0.063 0.005 0.057 0.051 0.071 0.015 0.043 0.089 0.084 0.022 0.057 0.038 0.092 0.047 0.046 0.042 0.035
177 G 0.078 0.023 0.039 0.033 0.011 0.019 0.025 0.513 0.013 0.019 0.028 0.033 0.009 0.016 0.019 0.051 0.03 0.005 0.011 0.024
178 E 0.051 0.024 0.027 0.2 0.003 0.092 0.289 0.019 0.017 0.025 0.019 0.046 0.005 0.008 0.026 0.065 0.018 0.011 0.039 0.013
179 S 0.11 0.04 0.054 0.049 0.017 0.033 0.052 0.066 0.019 0.03 0.042 0.054 0.016 0.021 0.03 0.22 0.082 0.005 0.017 0.042
180 L 0.044 0.024 0.014 0.015 0.016 0.016 0.02 0.021 0.01 0.115 0.376 0.025 0.05 0.055 0.014 0.024 0.033 0.007 0.022 0.096
181 A 0.323 0.01 0.009 0.01 0.007 0.008 0.036 0.018 0.005 0.092 0.079 0.014 0.016 0.019 0.008 0.095 0.049 0.002 0.015 0.183
182 L 0.039 0.008 0.006 0.007 0.006 0.006 0.008 0.012 0.004 0.176 0.388 0.01 0.029 0.083 0.023 0.034 0.024 0.003 0.01 0.126
183 T 0.046 0.044 0.024 0.041 0.005 0.015 0.058 0.076 0.014 0.035 0.135 0.055 0.036 0.069 0.008 0.104 0.166 0.011 0.017 0.039
184 G 0.061 0.022 0.025 0.025 0.013 0.017 0.025 0.232 0.011 0.064 0.125 0.03 0.021 0.025 0.118 0.038 0.033 0.005 0.015 0.096
185 Q 0.056 0.073 0.044 0.047 0.009 0.215 0.103 0.041 0.029 0.026 0.047 0.091 0.021 0.015 0.023 0.056 0.041 0.006 0.021 0.035
186 S 0.11 0.04 0.054 0.049 0.017 0.033 0.052 0.066 0.019 0.03 0.042 0.054 0.016 0.021 0.03 0.22 0.082 0.005 0.017 0.042
187 W 0.042 0.056 0.133 0.045 0.008 0.033 0.046 0.044 0.022 0.026 0.041 0.127 0.013 0.03 0.018 0.047 0.036 0.174 0.032 0.029
188 G 0.039 0.079 0.011 0.011 0.005 0.065 0.04 0.134 0.012 0.066 0.094 0.035 0.058 0.085 0.007 0.089 0.06 0.003 0.066 0.04
189 G 0.046 0.038 0.031 0.045 0.005 0.026 0.042 0.224 0.006 0.02 0.018 0.064 0.013 0.025 0.029 0.142 0.182 0.002 0.022 0.021
190 D 0.023 0.011 0.023 0.688 0.003 0.012 0.118 0.016 0.007 0.008 0.01 0.017 0.003 0.005 0.008 0.019 0.013 0.001 0.004 0.009
191 P 0.02 0.009 0.008 0.011 0.004 0.015 0.013 0.013 0.005 0.036 0.042 0.014 0.013 0.015 0.667 0.033 0.021 0.001 0.022 0.038
192 G 0.202 0.009 0.021 0.012 0.005 0.007 0.011 0.581 0.005 0.01 0.03 0.013 0.012 0.007 0.008 0.032 0.013 0.002 0.005 0.016
193 Y 0.014 0.01 0.008 0.007 0.003 0.008 0.01 0.009 0.038 0.015 0.024 0.011 0.007 0.064 0.006 0.011 0.01 0.01 0.718 0.016
194 G 0.115 0.037 0.036 0.012 0.009 0.094 0.031 0.194 0.016 0.031 0.023 0.029 0.048 0.031 0.007 0.079 0.018 0.012 0.121 0.056
195 L 0.096 0.009 0.007 0.007 0.006 0.006 0.009 0.029 0.004 0.074 0.41 0.01 0.023 0.137 0.006 0.031 0.036 0.012 0.011 0.078
196 L 0.017 0.008 0.005 0.006 0.006 0.006 0.007 0.008 0.004 0.184 0.505 0.009 0.015 0.054 0.005 0.01 0.028 0.003 0.009 0.112
197 N 0.024 0.024 0.662 0.027 0.006 0.012 0.025 0.022 0.027 0.009 0.013 0.019 0.004 0.007 0.007 0.043 0.033 0.002 0.006 0.026
198 W 0.028 0.012 0.006 0.006 0.003 0.006 0.017 0.02 0.007 0.037 0.047 0.025 0.009 0.065 0.004 0.01 0.009 0.56 0.114 0.015
199 L 0.069 0.008 0.006 0.007 0.01 0.006 0.008 0.019 0.004 0.235 0.338 0.01 0.051 0.061 0.006 0.019 0.017 0.017 0.009 0.1
200 S 0.187 0.011 0.013 0.013 0.015 0.009 0.014 0.117 0.005 0.036 0.024 0.015 0.029 0.021 0.009 0.318 0.023 0.002 0.007 0.131
201 G 0.078 0.023 0.039 0.034 0.011 0.019 0.026 0.51 0.013 0.019 0.028 0.034 0.009 0.016 0.019 0.051 0.03 0.005 0.011 0.024
202 R 0.045 0.345 0.039 0.031 0.008 0.048 0.052 0.033 0.023 0.023 0.046 0.12 0.015 0.017 0.019 0.045 0.035 0.006 0.017 0.031
203 L 0.044 0.024 0.014 0.015 0.016 0.016 0.02 0.021 0.01 0.115 0.376 0.025 0.05 0.055 0.014 0.024 0.033 0.007 0.022 0.096
204 D 0.041 0.03 0.069 0.397 0.007 0.03 0.091 0.047 0.019 0.022 0.028 0.045 0.009 0.015 0.022 0.052 0.035 0.004 0.011 0.024
205 H 0.042 0.046 0.053 0.038 0.008 0.038 0.053 0.038 0.355 0.023 0.038 0.046 0.015 0.03 0.019 0.042 0.027 0.008 0.057 0.023
206 Y 0.04 0.028 0.022 0.019 0.009 0.022 0.028 0.025 0.047 0.044 0.068 0.031 0.019 0.131 0.016 0.031 0.028 0.028 0.318 0.047
207 W 0.03 0.023 0.015 0.015 0.008 0.015 0.023 0.03 0.015 0.03 0.053 0.023 0.015 0.061 0.008 0.023 0.023 0.492 0.068 0.03
208 N 0.043 0.045 0.317 0.083 0.009 0.034 0.049 0.065 0.031 0.022 0.031 0.054 0.011 0.018 0.02 0.07 0.049 0.004 0.016 0.027
209 D 0.041 0.03 0.069 0.397 0.007 0.03 0.091 0.047 0.019 0.022 0.028 0.045 0.009 0.015 0.022 0.052 0.035 0.004 0.011 0.024
210 G 0.078 0.023 0.039 0.034 0.011 0.019 0.026 0.51 0.013 0.019 0.028 0.034 0.009 0.016 0.019 0.051 0.03 0.005 0.011 0.024
211 R 0.045 0.345 0.039 0.031 0.008 0.048 0.052 0.033 0.023 0.023 0.046 0.12 0.015 0.017 0.019 0.045 0.035 0.006 0.017 0.031
212 S 0.11 0.04 0.054 0.049 0.017 0.033 0.052 0.066 0.019 0.03 0.042 0.054 0.016 0.021 0.03 0.22 0.082 0.005 0.017 0.042
213 L 0.044 0.024 0.014 0.015 0.016 0.016 0.02 0.021 0.01 0.115 0.376 0.025 0.05 0.055 0.014 0.024 0.033 0.007 0.022 0.096
214 S 0.11 0.04 0.054 0.049 0.017 0.033 0.052 0.066 0.019 0.03 0.042 0.054 0.016 0.021 0.03 0.22 0.082 0.005 0.017 0.042
215 I 0.047 0.018 0.015 0.018 0.016 0.013 0.018 0.021 0.009 0.271 0.168 0.024 0.037 0.044 0.015 0.025 0.04 0.006 0.021 0.177
216 I 0.047 0.018 0.015 0.018 0.016 0.013 0.018 0.021 0.009 0.271 0.168 0.024 0.037 0.044 0.015 0.025 0.04 0.006 0.021 0.177
217 G 0.078 0.023 0.039 0.034 0.011 0.019 0.026 0.51 0.013 0.019 0.028 0.034 0.009 0.016 0.019 0.051 0.03 0.005 0.011 0.024
218 Y 0.04 0.028 0.022 0.019 0.009 0.022 0.028 0.025 0.047 0.044 0.068 0.031 0.019 0.131 0.016 0.031 0.028 0.028 0.318 0.047
219 D 0.041 0.03 0.069 0.397 0.007 0.03 0.091 0.047 0.019 0.022 0.028 0.045 0.009 0.015 0.022 0.052 0.035 0.004 0.011 0.024
220 G 0.078 0.023 0.039 0.034 0.011 0.019 0.026 0.51 0.013 0.019 0.028 0.034 0.009 0.016 0.019 0.051 0.03 0.005 0.011 0.024
221 Y 0.04 0.028 0.022 0.019 0.009 0.022 0.028 0.025 0.047 0.044 0.068 0.031 0.019 0.131 0.016 0.031 0.028 0.028 0.318 0.047
222 A 0.29 0.031 0.026 0.03 0.022 0.026 0.04 0.078 0.015 0.043 0.059 0.044 0.017 0.022 0.03 0.085 0.05 0.005 0.017 0.069
223 A 0.223 0.025 0.084 0.03 0.005 0.066 0.026 0.083 0.046 0.04 0.058 0.016 0.007 0.045 0.008 0.066 0.03 0.018 0.066 0.059
224 Q 0.049 0.142 0.06 0.032 0.004 0.195 0.058 0.043 0.044 0.012 0.059 0.12 0.007 0.042 0.008 0.041 0.033 0.002 0.027 0.022
225 L 0.077 0.009 0.031 0.007 0.005 0.006 0.009 0.011 0.005 0.062 0.432 0.01 0.036 0.12 0.006 0.022 0.036 0.036 0.028 0.053
226 F 0.034 0.019 0.017 0.017 0.011 0.011 0.019 0.025 0.017 0.063 0.114 0.019 0.025 0.387 0.011 0.025 0.025 0.017 0.089 0.055
227 G 0.023 0.01 0.099 0.167 0.004 0.016 0.023 0.523 0.006 0.008 0.011 0.022 0.004 0.023 0.007 0.026 0.012 0.002 0.005 0.009
228 G 0.044 0.017 0.025 0.008 0.004 0.022 0.009 0.187 0.006 0.048 0.154 0.011 0.02 0.165 0.005 0.021 0.019 0.137 0.055 0.043
229 K 0.072 0.059 0.033 0.103 0.007 0.057 0.103 0.152 0.015 0.019 0.03 0.195 0.01 0.012 0.019 0.042 0.029 0.004 0.012 0.025
230 A 0.281 0.031 0.026 0.03 0.022 0.026 0.041 0.079 0.015 0.044 0.06 0.045 0.018 0.022 0.03 0.086 0.051 0.005 0.018 0.07
231 E 0.056 0.05 0.041 0.091 0.007 0.065 0.287 0.035 0.026 0.022 0.037 0.077 0.013 0.017 0.026 0.056 0.037 0.006 0.017 0.032
232 G 0.024 0.011 0.039 0.208 0.004 0.025 0.06 0.388 0.014 0.008 0.012 0.023 0.004 0.007 0.008 0.087 0.049 0.006 0.013 0.01
233 I 0.018 0.008 0.006 0.007 0.006 0.014 0.008 0.008 0.004 0.512 0.082 0.018 0.07 0.015 0.01 0.011 0.054 0.002 0.007 0.141
234 Y 0.023 0.018 0.008 0.008 0.004 0.007 0.018 0.046 0.056 0.076 0.063 0.011 0.008 0.09 0.005 0.024 0.029 0.192 0.264 0.051
235 F 0.047 0.008 0.009 0.008 0.005 0.006 0.017 0.173 0.014 0.03 0.131 0.01 0.016 0.316 0.005 0.036 0.045 0.051 0.017 0.055
236 V 0.04 0.008 0.006 0.007 0.007 0.006 0.009 0.01 0.003 0.07 0.045 0.01 0.018 0.012 0.015 0.013 0.052 0.002 0.007 0.66
237 N 0.015 0.016 0.742 0.038 0.003 0.012 0.018 0.023 0.011 0.008 0.011 0.019 0.004 0.006 0.007 0.032 0.018 0.002 0.006 0.01
238 L 0.058 0.009 0.007 0.007 0.006 0.006 0.009 0.011 0.004 0.061 0.422 0.01 0.021 0.137 0.006 0.051 0.084 0.003 0.011 0.077
239 V 0.059 0.008 0.006 0.007 0.049 0.006 0.008 0.031 0.004 0.227 0.089 0.009 0.026 0.068 0.008 0.028 0.015 0.002 0.009 0.341
240 C 0.04 0.007 0.007 0.007 0.661 0.005 0.007 0.045 0.004 0.016 0.022 0.009 0.006 0.008 0.006 0.071 0.014 0.002 0.026 0.035
241 A 0.402 0.01 0.012 0.012 0.006 0.008 0.013 0.343 0.005 0.011 0.016 0.015 0.005 0.007 0.009 0.086 0.016 0.002 0.005 0.017
242 L 0.198 0.009 0.008 0.008 0.006 0.007 0.01 0.032 0.004 0.159 0.211 0.011 0.031 0.063 0.007 0.036 0.066 0.002 0.009 0.123
243 I 0.018 0.007 0.005 0.006 0.023 0.005 0.007 0.008 0.003 0.42 0.237 0.009 0.014 0.058 0.005 0.017 0.014 0.002 0.009 0.133
244 F 0.015 0.007 0.006 0.006 0.004 0.005 0.007 0.018 0.006 0.052 0.109 0.008 0.035 0.541 0.004 0.01 0.018 0.005 0.04 0.104
245 M 0.103 0.011 0.01 0.01 0.044 0.009 0.012 0.021 0.005 0.088 0.051 0.013 0.175 0.054 0.008 0.158 0.104 0.003 0.025 0.097
246 W 0.103 0.009 0.008 0.008 0.014 0.007 0.01 0.027 0.014 0.13 0.12 0.011 0.009 0.1 0.006 0.057 0.06 0.157 0.062 0.09
247 G 0.047 0.008 0.021 0.012 0.048 0.007 0.01 0.659 0.005 0.009 0.013 0.012 0.004 0.048 0.007 0.056 0.016 0.002 0.006 0.011
248 L 0.019 0.008 0.006 0.006 0.006 0.006 0.007 0.008 0.004 0.1 0.57 0.009 0.016 0.07 0.005 0.01 0.033 0.003 0.009 0.106
249 V 0.114 0.009 0.007 0.007 0.015 0.014 0.009 0.024 0.005 0.19 0.128 0.011 0.018 0.076 0.006 0.036 0.03 0.003 0.096 0.201
250 R 0.114 0.195 0.035 0.011 0.014 0.039 0.027 0.014 0.007 0.058 0.075 0.108 0.025 0.044 0.008 0.044 0.042 0.003 0.04 0.097
251 F 0.014 0.007 0.006 0.006 0.004 0.004 0.007 0.009 0.006 0.033 0.136 0.008 0.01 0.621 0.004 0.033 0.018 0.005 0.038 0.03
252 C 0.223 0.009 0.018 0.01 0.327 0.008 0.011 0.019 0.005 0.024 0.034 0.013 0.006 0.025 0.008 0.189 0.018 0.002 0.006 0.044
253 R 0.026 0.429 0.045 0.012 0.004 0.033 0.026 0.013 0.016 0.028 0.066 0.119 0.014 0.025 0.007 0.066 0.014 0.02 0.007 0.03
254 R 0.107 0.221 0.056 0.031 0.004 0.05 0.027 0.017 0.035 0.013 0.034 0.122 0.014 0.007 0.009 0.112 0.11 0.002 0.007 0.024
255 Q 0.018 0.019 0.012 0.013 0.004 0.4 0.04 0.012 0.008 0.035 0.2 0.03 0.028 0.09 0.007 0.016 0.029 0.011 0.01 0.02
256 P 0.02 0.022 0.026 0.021 0.004 0.021 0.039 0.013 0.006 0.009 0.014 0.107 0.004 0.006 0.609 0.017 0.029 0.001 0.021 0.011
257 R 0.056 0.194 0.188 0.023 0.004 0.045 0.024 0.024 0.028 0.026 0.107 0.054 0.015 0.066 0.007 0.029 0.014 0.012 0.062 0.024
258 P 0.028 0.026 0.008 0.01 0.004 0.007 0.012 0.013 0.005 0.027 0.025 0.015 0.005 0.033 0.652 0.03 0.013 0.002 0.055 0.029
259 W 0.051 0.009 0.006 0.006 0.003 0.006 0.009 0.012 0.006 0.013 0.045 0.017 0.006 0.046 0.003 0.012 0.009 0.684 0.038 0.021
260 L 0.025 0.009 0.005 0.006 0.006 0.006 0.007 0.008 0.004 0.068 0.641 0.009 0.031 0.035 0.014 0.009 0.012 0.003 0.008 0.095
261 A 0.417 0.01 0.01 0.011 0.024 0.008 0.013 0.101 0.005 0.033 0.038 0.015 0.006 0.008 0.071 0.097 0.043 0.002 0.006 0.079
262 L 0.041 0.009 0.014 0.006 0.006 0.006 0.008 0.009 0.004 0.13 0.463 0.009 0.071 0.084 0.005 0.018 0.013 0.003 0.018 0.084
263 L 0.159 0.009 0.008 0.008 0.018 0.007 0.01 0.022 0.004 0.052 0.33 0.011 0.022 0.047 0.007 0.039 0.084 0.002 0.008 0.153
264 V 0.052 0.008 0.006 0.007 0.015 0.006 0.008 0.009 0.011 0.214 0.061 0.01 0.019 0.013 0.006 0.02 0.017 0.002 0.007 0.51
265 A 0.589 0.011 0.01 0.011 0.029 0.009 0.014 0.034 0.006 0.016 0.053 0.015 0.007 0.01 0.01 0.098 0.018 0.002 0.035 0.023
266 V 0.021 0.008 0.006 0.007 0.006 0.006 0.008 0.009 0.005 0.193 0.054 0.009 0.027 0.103 0.006 0.019 0.031 0.003 0.083 0.397
267 P 0.021 0.01 0.009 0.011 0.004 0.011 0.013 0.013 0.005 0.01 0.013 0.015 0.004 0.005 0.738 0.047 0.053 0.001 0.005 0.012
268 Y 0.015 0.01 0.008 0.007 0.012 0.008 0.01 0.009 0.016 0.024 0.025 0.011 0.007 0.061 0.006 0.019 0.01 0.009 0.71 0.025
269 L 0.016 0.009 0.006 0.006 0.005 0.006 0.008 0.009 0.034 0.036 0.583 0.01 0.068 0.072 0.005 0.011 0.051 0.003 0.03 0.031
270 V 0.036 0.008 0.006 0.007 0.006 0.006 0.008 0.009 0.003 0.315 0.138 0.009 0.012 0.015 0.006 0.012 0.047 0.002 0.015 0.34
271 I 0.019 0.008 0.007 0.007 0.006 0.006 0.008 0.009 0.003 0.446 0.13 0.01 0.012 0.023 0.006 0.025 0.116 0.002 0.007 0.149
272 V 0.085 0.008 0.006 0.007 0.007 0.006 0.009 0.019 0.003 0.061 0.044 0.01 0.011 0.012 0.006 0.013 0.025 0.002 0.007 0.658
273 V 0.032 0.008 0.006 0.006 0.007 0.006 0.008 0.009 0.003 0.072 0.071 0.009 0.026 0.013 0.006 0.012 0.017 0.002 0.007 0.68
274 A 0.351 0.011 0.013 0.013 0.006 0.009 0.014 0.227 0.006 0.012 0.017 0.016 0.013 0.007 0.01 0.223 0.027 0.002 0.006 0.018
275 M 0.019 0.011 0.007 0.007 0.006 0.01 0.01 0.01 0.006 0.036 0.085 0.013 0.68 0.017 0.006 0.013 0.022 0.003 0.009 0.033
276 G 0.027 0.009 0.054 0.013 0.004 0.007 0.01 0.783 0.005 0.007 0.01 0.012 0.003 0.006 0.007 0.019 0.011 0.002 0.004 0.009
277 Y 0.014 0.01 0.008 0.007 0.003 0.008 0.01 0.009 0.016 0.016 0.025 0.011 0.007 0.062 0.005 0.011 0.01 0.01 0.742 0.017
278 T 0.036 0.013 0.024 0.014 0.006 0.01 0.015 0.017 0.005 0.026 0.022 0.017 0.007 0.008 0.01 0.18 0.543 0.002 0.006 0.039
279 R 0.016 0.766 0.014 0.011 0.003 0.017 0.019 0.012 0.008 0.008 0.017 0.043 0.006 0.006 0.007 0.016 0.012 0.002 0.006 0.011
280 Q 0.02 0.026 0.016 0.017 0.003 0.722 0.036 0.015 0.01 0.009 0.017 0.032 0.007 0.005 0.008 0.02 0.015 0.002 0.007 0.013
281 A 0.329 0.011 0.014 0.013 0.006 0.009 0.014 0.251 0.006 0.012 0.016 0.016 0.005 0.007 0.01 0.237 0.019 0.002 0.006 0.017
282 V 0.165 0.009 0.007 0.008 0.007 0.007 0.01 0.022 0.004 0.105 0.049 0.011 0.025 0.012 0.007 0.032 0.054 0.002 0.007 0.46
283 A 0.717 0.011 0.01 0.011 0.008 0.009 0.015 0.028 0.005 0.015 0.021 0.016 0.006 0.008 0.011 0.06 0.018 0.002 0.006 0.024
284 I 0.025 0.007 0.005 0.006 0.006 0.005 0.007 0.008 0.003 0.429 0.282 0.009 0.029 0.033 0.005 0.01 0.021 0.002 0.008 0.098
285 G 0.099 0.009 0.014 0.012 0.004 0.007 0.01 0.678 0.005 0.008 0.012 0.013 0.004 0.006 0.007 0.081 0.013 0.002 0.004 0.011
286 L 0.019 0.008 0.005 0.006 0.023 0.005 0.007 0.008 0.004 0.141 0.374 0.008 0.025 0.276 0.005 0.009 0.011 0.004 0.016 0.046
287 V 0.167 0.01 0.009 0.01 0.006 0.008 0.059 0.023 0.005 0.148 0.132 0.013 0.026 0.045 0.007 0.116 0.025 0.011 0.008 0.171
288 M 0.018 0.01 0.006 0.007 0.059 0.008 0.009 0.009 0.005 0.035 0.325 0.011 0.367 0.042 0.005 0.019 0.021 0.003 0.009 0.032
289 L 0.079 0.009 0.006 0.006 0.005 0.014 0.008 0.019 0.005 0.109 0.348 0.01 0.054 0.085 0.005 0.011 0.012 0.101 0.036 0.078
290 G 0.376 0.01 0.012 0.011 0.006 0.008 0.012 0.387 0.005 0.011 0.016 0.014 0.005 0.024 0.009 0.047 0.022 0.002 0.006 0.017
291 L 0.016 0.008 0.005 0.006 0.005 0.006 0.007 0.008 0.004 0.121 0.512 0.009 0.053 0.124 0.005 0.009 0.012 0.003 0.036 0.05
292 V 0.157 0.019 0.042 0.01 0.041 0.008 0.012 0.024 0.013 0.072 0.104 0.031 0.013 0.012 0.008 0.079 0.078 0.002 0.031 0.244
293 A 0.294 0.045 0.02 0.07 0.032 0.025 0.016 0.051 0.015 0.022 0.029 0.032 0.022 0.036 0.009 0.144 0.029 0.02 0.065 0.023
294 L 0.057 0.009 0.006 0.006 0.006 0.006 0.008 0.018 0.004 0.076 0.593 0.009 0.015 0.06 0.005 0.01 0.019 0.02 0.009 0.064
295 G 0.06 0.059 0.031 0.046 0.009 0.022 0.056 0.139 0.014 0.086 0.134 0.024 0.016 0.06 0.016 0.116 0.057 0.002 0.008 0.044
296 R 0.026 0.208 0.106 0.137 0.003 0.062 0.135 0.051 0.023 0.009 0.014 0.125 0.005 0.006 0.017 0.034 0.022 0.002 0.006 0.011
297 D 0.044 0.051 0.128 0.238 0.008 0.036 0.074 0.049 0.022 0.023 0.032 0.11 0.011 0.015 0.022 0.055 0.039 0.004 0.013 0.026
298 G 0.031 0.171 0.119 0.047 0.003 0.085 0.02 0.201 0.029 0.009 0.031 0.143 0.005 0.007 0.011 0.037 0.014 0.002 0.023 0.012
299 G 0.121 0.11 0.058 0.048 0.011 0.026 0.037 0.217 0.016 0.024 0.037 0.053 0.012 0.016 0.078 0.053 0.034 0.005 0.013 0.033
300 P 0.056 0.025 0.023 0.03 0.01 0.02 0.036 0.036 0.013 0.025 0.036 0.041 0.01 0.013 0.502 0.043 0.036 0.003 0.013 0.03
301 R 0.046 0.215 0.108 0.031 0.004 0.071 0.053 0.038 0.033 0.009 0.015 0.165 0.005 0.006 0.009 0.154 0.017 0.002 0.007 0.012
302 L 0.035 0.034 0.053 0.01 0.005 0.016 0.02 0.029 0.006 0.133 0.159 0.087 0.033 0.066 0.067 0.03 0.068 0.029 0.033 0.085
303 L 0.06 0.124 0.014 0.009 0.005 0.024 0.012 0.056 0.006 0.108 0.141 0.071 0.016 0.051 0.033 0.022 0.036 0.083 0.034 0.094
304 K 0.049 0.214 0.021 0.013 0.004 0.064 0.027 0.055 0.032 0.012 0.029 0.234 0.014 0.025 0.008 0.041 0.047 0.07 0.009 0.032
305 F 0.054 0.008 0.015 0.007 0.013 0.005 0.008 0.011 0.007 0.026 0.073 0.008 0.016 0.585 0.014 0.034 0.011 0.006 0.077 0.024
306 V 0.077 0.008 0.006 0.007 0.006 0.006 0.008 0.015 0.004 0.202 0.157 0.01 0.012 0.136 0.006 0.02 0.038 0.003 0.027 0.253
307 F 0.083 0.008 0.006 0.007 0.014 0.005 0.008 0.052 0.004 0.162 0.183 0.009 0.019 0.249 0.005 0.012 0.017 0.003 0.015 0.139
308 W 0.03 0.009 0.015 0.007 0.051 0.014 0.017 0.019 0.015 0.02 0.175 0.018 0.016 0.129 0.014 0.018 0.01 0.257 0.146 0.019
309 V 0.037 0.008 0.006 0.007 0.006 0.006 0.008 0.009 0.003 0.292 0.124 0.009 0.027 0.031 0.006 0.027 0.034 0.002 0.008 0.35
310 L 0.139 0.008 0.007 0.007 0.01 0.006 0.009 0.056 0.004 0.137 0.228 0.01 0.049 0.128 0.006 0.024 0.014 0.003 0.011 0.144
311 L 0.091 0.008 0.006 0.006 0.036 0.006 0.008 0.01 0.004 0.111 0.421 0.01 0.044 0.099 0.006 0.012 0.021 0.003 0.01 0.089
312 A 0.575 0.01 0.01 0.011 0.007 0.009 0.013 0.211 0.005 0.013 0.018 0.015 0.006 0.007 0.01 0.035 0.016 0.002 0.006 0.021
313 A 0.466 0.011 0.01 0.011 0.007 0.009 0.013 0.031 0.005 0.062 0.034 0.015 0.015 0.03 0.009 0.091 0.092 0.002 0.015 0.071
314 L 0.07 0.01 0.009 0.008 0.015 0.007 0.01 0.012 0.004 0.043 0.448 0.012 0.036 0.032 0.007 0.055 0.175 0.002 0.008 0.038
315 F 0.012 0.007 0.006 0.006 0.004 0.004 0.007 0.009 0.006 0.031 0.057 0.007 0.009 0.758 0.004 0.009 0.009 0.006 0.031 0.02
316 H 0.015 0.016 0.019 0.014 0.003 0.014 0.019 0.014 0.771 0.008 0.014 0.016 0.005 0.011 0.007 0.015 0.009 0.003 0.02 0.008
317 K 0.02 0.149 0.022 0.014 0.003 0.018 0.024 0.015 0.007 0.01 0.024 0.604 0.006 0.006 0.009 0.026 0.014 0.002 0.006 0.02
318 S 0.042 0.014 0.018 0.016 0.006 0.011 0.017 0.02 0.006 0.014 0.018 0.018 0.006 0.008 0.019 0.447 0.295 0.002 0.006 0.019
319 A 0.665 0.011 0.009 0.01 0.008 0.009 0.014 0.026 0.005 0.018 0.039 0.015 0.007 0.008 0.01 0.044 0.026 0.002 0.006 0.068
320 V 0.036 0.008 0.006 0.006 0.006 0.006 0.008 0.008 0.003 0.311 0.163 0.009 0.035 0.023 0.006 0.011 0.015 0.002 0.008 0.332
