#Seq2Logo.py -f /work3/idamei/ssn-clusterings/clustering/2205110921/clusters/0013_64/sequences.afa -o /work3/idamei/ssn-clusterings/clustering/2205110921/clusters/0013_64/sequences.logo
#Position Specific Frequency Matrix
A R N D C Q E G H I L K M F P S T W Y V
0 L 0.052 0.032 0.02 0.02 0.016 0.028 0.028 0.028 0.016 0.1 0.197 0.036 0.161 0.048 0.016 0.036 0.04 0.008 0.024 0.092
1 G 0.078 0.023 0.039 0.034 0.011 0.019 0.026 0.51 0.014 0.019 0.028 0.034 0.009 0.016 0.019 0.051 0.03 0.005 0.011 0.024
2 V 0.07 0.022 0.016 0.018 0.019 0.016 0.023 0.025 0.008 0.165 0.13 0.026 0.032 0.036 0.016 0.033 0.049 0.006 0.021 0.269
3 F 0.034 0.019 0.017 0.017 0.011 0.011 0.019 0.025 0.017 0.063 0.114 0.019 0.025 0.387 0.011 0.025 0.025 0.017 0.089 0.055
4 L 0.051 0.031 0.02 0.02 0.016 0.027 0.027 0.027 0.016 0.097 0.191 0.035 0.185 0.047 0.016 0.035 0.039 0.008 0.023 0.09
5 I 0.075 0.021 0.019 0.021 0.039 0.016 0.022 0.029 0.01 0.222 0.134 0.028 0.031 0.037 0.018 0.04 0.072 0.006 0.019 0.141
6 Y 0.043 0.028 0.023 0.02 0.009 0.022 0.028 0.026 0.044 0.042 0.065 0.031 0.018 0.122 0.016 0.04 0.03 0.026 0.322 0.045
7 I 0.047 0.018 0.015 0.018 0.016 0.013 0.018 0.021 0.009 0.271 0.168 0.024 0.037 0.044 0.015 0.025 0.04 0.006 0.021 0.177
8 L 0.045 0.024 0.014 0.015 0.016 0.016 0.02 0.021 0.01 0.115 0.375 0.025 0.05 0.055 0.014 0.024 0.033 0.007 0.022 0.096
9 K 0.057 0.107 0.042 0.042 0.009 0.054 0.071 0.043 0.021 0.028 0.043 0.278 0.016 0.016 0.028 0.054 0.04 0.005 0.017 0.033
10 L 0.045 0.024 0.014 0.015 0.016 0.016 0.02 0.021 0.01 0.115 0.375 0.025 0.05 0.055 0.014 0.024 0.033 0.007 0.022 0.096
11 N 0.043 0.045 0.317 0.083 0.009 0.034 0.049 0.065 0.032 0.022 0.032 0.054 0.011 0.018 0.02 0.07 0.049 0.004 0.016 0.027
12 I 0.047 0.018 0.015 0.018 0.016 0.013 0.018 0.021 0.009 0.271 0.168 0.024 0.037 0.044 0.015 0.025 0.04 0.006 0.021 0.177
13 T 0.073 0.036 0.043 0.038 0.018 0.028 0.039 0.043 0.014 0.053 0.065 0.045 0.02 0.024 0.028 0.093 0.246 0.006 0.018 0.071
14 Y 0.04 0.028 0.022 0.019 0.009 0.022 0.028 0.025 0.047 0.044 0.068 0.031 0.019 0.131 0.016 0.031 0.028 0.028 0.318 0.047
15 S 0.11 0.04 0.054 0.049 0.018 0.033 0.052 0.066 0.019 0.03 0.042 0.054 0.016 0.021 0.03 0.22 0.082 0.005 0.018 0.042
16 S 0.11 0.04 0.054 0.049 0.018 0.033 0.052 0.066 0.019 0.03 0.042 0.054 0.016 0.021 0.03 0.22 0.082 0.005 0.018 0.042
17 D 0.041 0.03 0.069 0.397 0.008 0.03 0.091 0.047 0.019 0.022 0.028 0.045 0.009 0.015 0.022 0.052 0.035 0.004 0.011 0.024
18 S 0.11 0.04 0.054 0.049 0.018 0.033 0.052 0.066 0.019 0.03 0.042 0.054 0.016 0.021 0.03 0.22 0.082 0.005 0.018 0.042
19 R 0.045 0.345 0.039 0.031 0.008 0.048 0.052 0.033 0.023 0.023 0.047 0.12 0.016 0.017 0.019 0.045 0.035 0.006 0.017 0.031
20 N 0.043 0.045 0.317 0.083 0.009 0.034 0.049 0.065 0.032 0.022 0.032 0.054 0.011 0.018 0.02 0.07 0.049 0.004 0.016 0.027
21 G 0.078 0.023 0.039 0.034 0.011 0.019 0.026 0.51 0.014 0.019 0.028 0.034 0.009 0.016 0.019 0.051 0.03 0.005 0.011 0.024
22 L 0.086 0.021 0.016 0.018 0.017 0.016 0.022 0.029 0.01 0.186 0.209 0.027 0.036 0.042 0.016 0.033 0.04 0.006 0.02 0.151
23 V 0.093 0.024 0.022 0.021 0.085 0.018 0.026 0.035 0.016 0.08 0.088 0.029 0.022 0.095 0.018 0.047 0.071 0.01 0.073 0.124
24 I 0.046 0.017 0.014 0.017 0.016 0.013 0.017 0.02 0.009 0.292 0.163 0.023 0.036 0.043 0.014 0.024 0.039 0.006 0.02 0.172
25 F 0.099 0.026 0.028 0.027 0.015 0.02 0.031 0.042 0.015 0.081 0.089 0.033 0.023 0.152 0.02 0.091 0.063 0.009 0.041 0.096
26 F 0.052 0.021 0.016 0.017 0.013 0.013 0.02 0.026 0.014 0.084 0.191 0.022 0.032 0.251 0.013 0.028 0.03 0.012 0.058 0.088
27 L 0.044 0.023 0.014 0.015 0.016 0.015 0.019 0.021 0.01 0.138 0.361 0.024 0.046 0.052 0.014 0.024 0.033 0.007 0.021 0.105
28 L 0.069 0.023 0.017 0.018 0.015 0.016 0.022 0.028 0.012 0.119 0.207 0.026 0.056 0.138 0.015 0.032 0.035 0.009 0.038 0.105
29 L 0.146 0.024 0.018 0.021 0.053 0.019 0.027 0.042 0.011 0.105 0.176 0.031 0.03 0.035 0.02 0.048 0.042 0.006 0.019 0.129
30 L 0.045 0.024 0.015 0.016 0.016 0.018 0.021 0.022 0.011 0.135 0.322 0.026 0.072 0.05 0.014 0.026 0.035 0.007 0.022 0.104
31 L 0.139 0.026 0.02 0.021 0.017 0.02 0.028 0.043 0.012 0.071 0.201 0.032 0.03 0.04 0.019 0.049 0.054 0.078 0.026 0.073
32 L 0.053 0.022 0.015 0.016 0.014 0.014 0.02 0.024 0.012 0.12 0.264 0.023 0.038 0.151 0.014 0.027 0.032 0.009 0.04 0.092
33 L 0.126 0.024 0.022 0.022 0.016 0.018 0.027 0.11 0.013 0.074 0.132 0.031 0.036 0.111 0.018 0.046 0.038 0.008 0.032 0.095
34 E 0.054 0.048 0.039 0.088 0.007 0.063 0.317 0.034 0.025 0.021 0.036 0.073 0.013 0.016 0.025 0.054 0.036 0.005 0.016 0.03
35 L 0.043 0.081 0.022 0.022 0.012 0.024 0.03 0.026 0.016 0.123 0.145 0.075 0.028 0.127 0.016 0.031 0.033 0.009 0.05 0.086
36 L 0.056 0.083 0.027 0.026 0.082 0.026 0.034 0.034 0.015 0.084 0.123 0.079 0.024 0.082 0.018 0.064 0.04 0.007 0.027 0.068
37 L 0.044 0.02 0.014 0.016 0.016 0.014 0.018 0.02 0.009 0.202 0.278 0.024 0.042 0.048 0.014 0.024 0.036 0.006 0.021 0.132
38 S 0.078 0.039 0.131 0.054 0.015 0.031 0.046 0.058 0.021 0.033 0.044 0.05 0.015 0.02 0.026 0.149 0.125 0.005 0.017 0.045
39 G 0.06 0.05 0.126 0.051 0.01 0.061 0.052 0.187 0.047 0.023 0.035 0.087 0.013 0.017 0.021 0.069 0.041 0.005 0.018 0.028
40 R 0.056 0.204 0.038 0.033 0.009 0.04 0.048 0.175 0.019 0.022 0.039 0.136 0.013 0.016 0.021 0.047 0.034 0.005 0.015 0.029
41 K 0.053 0.152 0.04 0.039 0.008 0.06 0.067 0.04 0.021 0.026 0.043 0.254 0.015 0.015 0.025 0.05 0.038 0.005 0.017 0.032
42 L 0.045 0.021 0.018 0.018 0.013 0.014 0.02 0.094 0.012 0.11 0.228 0.024 0.034 0.147 0.014 0.028 0.031 0.009 0.038 0.083
43 S 0.107 0.039 0.053 0.047 0.017 0.032 0.051 0.064 0.019 0.029 0.041 0.053 0.015 0.02 0.029 0.243 0.08 0.005 0.017 0.041
44 P 0.055 0.025 0.023 0.03 0.01 0.02 0.035 0.035 0.013 0.025 0.035 0.04 0.01 0.013 0.508 0.043 0.035 0.003 0.013 0.03
45 T 0.076 0.035 0.044 0.038 0.017 0.028 0.04 0.045 0.014 0.048 0.06 0.045 0.019 0.023 0.027 0.112 0.241 0.006 0.017 0.065
46 I 0.055 0.022 0.02 0.021 0.016 0.016 0.023 0.028 0.011 0.177 0.166 0.027 0.032 0.092 0.016 0.057 0.043 0.007 0.029 0.142
47 V 0.065 0.021 0.016 0.017 0.018 0.016 0.022 0.023 0.008 0.179 0.132 0.025 0.031 0.036 0.016 0.031 0.047 0.005 0.02 0.273
48 L 0.052 0.029 0.021 0.021 0.016 0.024 0.026 0.027 0.013 0.121 0.198 0.033 0.12 0.044 0.017 0.04 0.071 0.007 0.022 0.099
49 L 0.05 0.026 0.024 0.022 0.084 0.019 0.026 0.027 0.062 0.119 0.199 0.029 0.032 0.038 0.017 0.038 0.067 0.006 0.024 0.091
50 S 0.087 0.032 0.04 0.037 0.086 0.026 0.039 0.05 0.015 0.072 0.065 0.042 0.019 0.024 0.025 0.161 0.094 0.005 0.017 0.065
51 L 0.044 0.021 0.014 0.016 0.016 0.015 0.019 0.02 0.009 0.189 0.295 0.024 0.043 0.049 0.014 0.024 0.035 0.006 0.021 0.127
52 W 0.029 0.022 0.015 0.015 0.007 0.015 0.022 0.029 0.015 0.029 0.051 0.022 0.015 0.059 0.007 0.022 0.022 0.507 0.066 0.029
53 G 0.13 0.025 0.025 0.025 0.016 0.02 0.027 0.181 0.013 0.089 0.131 0.033 0.046 0.031 0.02 0.05 0.038 0.006 0.017 0.076
54 V 0.069 0.023 0.026 0.024 0.016 0.018 0.025 0.169 0.01 0.113 0.092 0.03 0.023 0.028 0.018 0.045 0.073 0.005 0.017 0.174
55 V 0.078 0.028 0.069 0.032 0.017 0.022 0.032 0.038 0.013 0.116 0.095 0.035 0.024 0.029 0.02 0.067 0.082 0.005 0.019 0.178
56 L 0.044 0.023 0.014 0.015 0.016 0.015 0.019 0.021 0.01 0.138 0.361 0.024 0.046 0.052 0.014 0.024 0.033 0.007 0.021 0.105
57 V 0.054 0.022 0.018 0.019 0.016 0.016 0.022 0.025 0.01 0.154 0.167 0.026 0.04 0.091 0.016 0.034 0.061 0.007 0.03 0.172
58 L 0.09 0.023 0.016 0.018 0.017 0.017 0.023 0.03 0.01 0.128 0.214 0.027 0.035 0.066 0.017 0.035 0.04 0.007 0.025 0.163
59 C 0.137 0.023 0.023 0.023 0.293 0.018 0.026 0.047 0.011 0.043 0.06 0.03 0.016 0.02 0.021 0.066 0.064 0.005 0.014 0.059
60 S 0.102 0.041 0.05 0.098 0.015 0.06 0.062 0.057 0.019 0.03 0.042 0.055 0.015 0.019 0.027 0.166 0.079 0.005 0.017 0.041
61 F 0.036 0.019 0.016 0.017 0.011 0.012 0.019 0.024 0.017 0.11 0.119 0.02 0.027 0.307 0.011 0.025 0.028 0.015 0.09 0.078
62 Y 0.037 0.025 0.02 0.018 0.009 0.018 0.025 0.024 0.037 0.048 0.079 0.027 0.02 0.206 0.014 0.029 0.026 0.024 0.266 0.048
63 E 0.069 0.046 0.043 0.076 0.01 0.054 0.241 0.043 0.023 0.024 0.037 0.067 0.013 0.017 0.026 0.108 0.048 0.005 0.016 0.033
64 S 0.081 0.037 0.081 0.128 0.014 0.031 0.057 0.057 0.019 0.03 0.04 0.049 0.014 0.019 0.026 0.163 0.094 0.005 0.016 0.04
65 Y 0.083 0.03 0.035 0.095 0.013 0.027 0.062 0.04 0.024 0.058 0.064 0.04 0.018 0.052 0.021 0.074 0.054 0.011 0.108 0.09
66 L 0.044 0.021 0.015 0.016 0.015 0.014 0.019 0.022 0.011 0.13 0.242 0.023 0.037 0.149 0.013 0.025 0.033 0.009 0.04 0.121
67 G 0.051 0.024 0.026 0.024 0.01 0.018 0.025 0.171 0.019 0.036 0.057 0.029 0.016 0.101 0.015 0.041 0.06 0.153 0.085 0.039
68 D 0.05 0.038 0.043 0.15 0.01 0.061 0.099 0.038 0.023 0.03 0.043 0.052 0.014 0.032 0.092 0.053 0.068 0.008 0.061 0.037
69 I 0.046 0.019 0.014 0.016 0.016 0.014 0.018 0.02 0.009 0.234 0.227 0.023 0.039 0.045 0.014 0.024 0.037 0.006 0.02 0.155
70 S 0.107 0.039 0.053 0.047 0.017 0.032 0.051 0.064 0.019 0.029 0.041 0.053 0.015 0.02 0.029 0.243 0.08 0.005 0.017 0.041
71 N 0.059 0.032 0.124 0.099 0.012 0.025 0.044 0.094 0.02 0.048 0.057 0.041 0.016 0.075 0.02 0.086 0.047 0.006 0.025 0.07
72 E 0.051 0.04 0.039 0.131 0.01 0.067 0.153 0.034 0.019 0.055 0.099 0.055 0.021 0.023 0.021 0.046 0.037 0.005 0.017 0.076
73 T 0.105 0.034 0.04 0.035 0.018 0.027 0.038 0.047 0.014 0.05 0.062 0.044 0.019 0.023 0.027 0.089 0.237 0.006 0.017 0.069
74 L 0.044 0.025 0.015 0.015 0.016 0.017 0.021 0.022 0.011 0.11 0.365 0.026 0.068 0.052 0.014 0.025 0.033 0.007 0.022 0.093
75 L 0.048 0.025 0.021 0.021 0.013 0.018 0.025 0.03 0.014 0.072 0.185 0.028 0.052 0.149 0.014 0.057 0.036 0.081 0.046 0.065
76 W 0.029 0.022 0.015 0.015 0.007 0.015 0.022 0.029 0.015 0.029 0.051 0.022 0.015 0.059 0.007 0.022 0.022 0.507 0.066 0.029
77 I 0.048 0.018 0.014 0.017 0.016 0.013 0.018 0.02 0.008 0.28 0.16 0.023 0.035 0.042 0.014 0.025 0.04 0.006 0.02 0.183
78 L 0.051 0.024 0.019 0.019 0.107 0.017 0.022 0.027 0.012 0.081 0.214 0.027 0.054 0.092 0.016 0.038 0.067 0.008 0.029 0.076
79 L 0.065 0.026 0.027 0.026 0.016 0.02 0.028 0.102 0.012 0.111 0.173 0.032 0.029 0.035 0.019 0.069 0.075 0.006 0.018 0.112
80 G 0.076 0.022 0.038 0.033 0.01 0.018 0.025 0.524 0.013 0.018 0.027 0.033 0.009 0.016 0.018 0.05 0.029 0.005 0.01 0.024
81 C 0.055 0.025 0.107 0.035 0.221 0.019 0.026 0.038 0.014 0.089 0.077 0.03 0.019 0.025 0.017 0.044 0.041 0.005 0.015 0.097
82 L 0.117 0.026 0.023 0.024 0.016 0.019 0.029 0.042 0.014 0.076 0.144 0.031 0.027 0.139 0.019 0.07 0.043 0.009 0.038 0.096
83 A 0.165 0.031 0.03 0.03 0.041 0.025 0.037 0.056 0.015 0.056 0.12 0.041 0.045 0.029 0.024 0.111 0.053 0.006 0.018 0.066
84 F 0.033 0.018 0.016 0.016 0.01 0.01 0.018 0.025 0.016 0.062 0.111 0.018 0.025 0.405 0.01 0.025 0.025 0.016 0.086 0.053
85 F 0.033 0.018 0.016 0.016 0.01 0.01 0.018 0.025 0.016 0.062 0.111 0.018 0.025 0.405 0.01 0.025 0.025 0.016 0.086 0.053
86 L 0.052 0.021 0.015 0.016 0.016 0.015 0.02 0.022 0.01 0.149 0.219 0.024 0.036 0.095 0.014 0.027 0.038 0.007 0.03 0.174
87 G 0.076 0.022 0.038 0.033 0.01 0.018 0.025 0.524 0.013 0.018 0.027 0.033 0.009 0.016 0.018 0.05 0.029 0.005 0.01 0.024
88 G 0.076 0.022 0.038 0.033 0.01 0.018 0.025 0.524 0.013 0.018 0.027 0.033 0.009 0.016 0.018 0.05 0.029 0.005 0.01 0.024
89 L 0.042 0.024 0.038 0.021 0.014 0.017 0.022 0.026 0.014 0.113 0.244 0.026 0.058 0.132 0.014 0.029 0.033 0.009 0.037 0.088
90 F 0.038 0.02 0.015 0.016 0.013 0.013 0.019 0.023 0.013 0.131 0.186 0.021 0.032 0.193 0.012 0.024 0.03 0.058 0.052 0.092
91 G 0.089 0.029 0.044 0.039 0.013 0.024 0.036 0.327 0.015 0.023 0.033 0.041 0.012 0.018 0.023 0.132 0.051 0.005 0.013 0.031
92 K 0.051 0.145 0.082 0.044 0.008 0.048 0.062 0.043 0.022 0.025 0.041 0.229 0.014 0.016 0.024 0.053 0.039 0.005 0.017 0.031
93 L 0.084 0.022 0.017 0.02 0.016 0.016 0.024 0.03 0.01 0.167 0.196 0.029 0.033 0.038 0.087 0.035 0.038 0.006 0.019 0.114
94 L 0.044 0.021 0.016 0.018 0.014 0.014 0.021 0.024 0.011 0.141 0.197 0.025 0.033 0.127 0.084 0.027 0.033 0.008 0.035 0.107
95 F 0.065 0.027 0.03 0.028 0.015 0.02 0.031 0.038 0.015 0.076 0.089 0.033 0.023 0.17 0.019 0.097 0.079 0.01 0.044 0.091
96 N 0.044 0.09 0.123 0.099 0.009 0.032 0.051 0.044 0.022 0.029 0.046 0.089 0.014 0.071 0.089 0.05 0.038 0.006 0.025 0.032
97 I 0.082 0.088 0.052 0.027 0.048 0.023 0.03 0.036 0.018 0.111 0.091 0.046 0.022 0.088 0.017 0.042 0.037 0.008 0.05 0.082
98 Y 0.04 0.028 0.022 0.019 0.009 0.022 0.028 0.025 0.047 0.043 0.068 0.031 0.019 0.13 0.016 0.031 0.028 0.028 0.32 0.047
99 K 0.061 0.097 0.066 0.039 0.011 0.037 0.049 0.112 0.019 0.037 0.089 0.141 0.019 0.022 0.022 0.075 0.042 0.005 0.016 0.04
100 F 0.09 0.025 0.025 0.024 0.016 0.018 0.028 0.036 0.013 0.103 0.099 0.031 0.024 0.136 0.019 0.053 0.103 0.009 0.038 0.11
101 R 0.089 0.155 0.036 0.034 0.01 0.04 0.052 0.043 0.044 0.027 0.044 0.139 0.015 0.017 0.093 0.061 0.039 0.005 0.019 0.036
102 N 0.062 0.036 0.158 0.108 0.012 0.029 0.051 0.056 0.023 0.03 0.045 0.046 0.014 0.073 0.022 0.117 0.053 0.006 0.025 0.035
103 T 0.061 0.029 0.031 0.028 0.015 0.023 0.032 0.035 0.022 0.103 0.085 0.036 0.022 0.057 0.021 0.079 0.118 0.012 0.109 0.083
104 D 0.053 0.041 0.101 0.143 0.009 0.063 0.101 0.046 0.022 0.024 0.035 0.056 0.012 0.015 0.115 0.072 0.042 0.004 0.015 0.029
105 L 0.045 0.022 0.014 0.016 0.016 0.015 0.019 0.021 0.01 0.168 0.307 0.025 0.045 0.051 0.014 0.024 0.035 0.007 0.022 0.123
106 Q 0.056 0.073 0.044 0.047 0.009 0.217 0.103 0.041 0.029 0.026 0.047 0.091 0.021 0.015 0.023 0.056 0.041 0.006 0.021 0.035
107 V 0.073 0.041 0.024 0.024 0.018 0.021 0.029 0.032 0.011 0.126 0.119 0.035 0.028 0.032 0.018 0.072 0.053 0.005 0.019 0.221
108 R 0.049 0.133 0.12 0.044 0.009 0.034 0.043 0.123 0.026 0.025 0.04 0.081 0.013 0.032 0.042 0.05 0.037 0.008 0.061 0.03
109 P 0.063 0.087 0.08 0.043 0.011 0.05 0.049 0.092 0.02 0.024 0.038 0.071 0.013 0.016 0.161 0.087 0.045 0.004 0.015 0.031
110 V 0.054 0.025 0.062 0.027 0.016 0.019 0.025 0.029 0.012 0.175 0.134 0.03 0.052 0.037 0.016 0.035 0.044 0.006 0.02 0.184
111 G 0.065 0.078 0.08 0.041 0.011 0.027 0.038 0.182 0.017 0.027 0.038 0.052 0.012 0.017 0.114 0.074 0.073 0.005 0.014 0.034
112 L 0.051 0.03 0.022 0.023 0.015 0.048 0.033 0.026 0.013 0.145 0.218 0.036 0.036 0.039 0.017 0.038 0.07 0.006 0.02 0.113
113 L 0.051 0.037 0.022 0.022 0.015 0.023 0.03 0.028 0.012 0.091 0.3 0.067 0.047 0.044 0.017 0.049 0.038 0.006 0.021 0.079
114 F 0.041 0.031 0.019 0.02 0.012 0.018 0.026 0.025 0.014 0.117 0.173 0.061 0.031 0.196 0.014 0.028 0.031 0.01 0.048 0.084
115 V 0.134 0.026 0.022 0.023 0.019 0.02 0.029 0.041 0.011 0.104 0.136 0.033 0.028 0.032 0.021 0.053 0.077 0.006 0.019 0.167
116 L 0.092 0.026 0.022 0.023 0.017 0.02 0.027 0.035 0.012 0.14 0.205 0.032 0.052 0.04 0.018 0.065 0.044 0.006 0.02 0.104
117 P 0.055 0.025 0.023 0.03 0.01 0.02 0.035 0.035 0.013 0.025 0.035 0.04 0.01 0.013 0.508 0.043 0.035 0.003 0.013 0.03
118 L 0.044 0.02 0.015 0.016 0.015 0.013 0.019 0.022 0.011 0.159 0.21 0.022 0.036 0.148 0.013 0.025 0.034 0.009 0.039 0.13
119 Y 0.039 0.027 0.021 0.018 0.009 0.021 0.027 0.024 0.045 0.042 0.067 0.03 0.018 0.127 0.015 0.03 0.027 0.027 0.338 0.045
120 I 0.073 0.02 0.017 0.019 0.016 0.015 0.02 0.062 0.01 0.21 0.193 0.026 0.035 0.041 0.016 0.031 0.038 0.006 0.019 0.134
121 L 0.046 0.021 0.014 0.016 0.016 0.015 0.019 0.021 0.009 0.193 0.276 0.024 0.042 0.047 0.014 0.024 0.036 0.006 0.021 0.141
122 L 0.062 0.031 0.026 0.025 0.017 0.026 0.031 0.033 0.014 0.091 0.143 0.037 0.115 0.038 0.019 0.065 0.088 0.007 0.021 0.11
123 F 0.104 0.022 0.019 0.02 0.014 0.015 0.024 0.059 0.014 0.095 0.142 0.027 0.027 0.193 0.016 0.039 0.034 0.01 0.047 0.078
124 F 0.062 0.023 0.019 0.019 0.013 0.016 0.023 0.029 0.018 0.084 0.142 0.025 0.027 0.208 0.015 0.035 0.048 0.013 0.094 0.088
125 L 0.079 0.022 0.016 0.018 0.015 0.015 0.022 0.029 0.012 0.116 0.245 0.026 0.036 0.131 0.015 0.032 0.034 0.009 0.036 0.091
126 L 0.091 0.028 0.024 0.024 0.015 0.022 0.03 0.038 0.019 0.095 0.117 0.034 0.069 0.101 0.018 0.068 0.042 0.011 0.075 0.08
127 Y 0.038 0.023 0.019 0.018 0.01 0.017 0.023 0.024 0.032 0.084 0.093 0.026 0.023 0.194 0.014 0.028 0.028 0.021 0.22 0.066
128 H 0.043 0.05 0.079 0.039 0.009 0.06 0.051 0.038 0.122 0.038 0.079 0.081 0.02 0.106 0.018 0.043 0.033 0.008 0.043 0.038
129 L 0.051 0.031 0.02 0.02 0.016 0.027 0.027 0.027 0.016 0.097 0.191 0.035 0.185 0.047 0.016 0.035 0.039 0.008 0.023 0.09
130 Y 0.049 0.025 0.018 0.018 0.014 0.019 0.024 0.024 0.025 0.117 0.128 0.028 0.049 0.078 0.015 0.03 0.036 0.015 0.157 0.13
131 L 0.055 0.098 0.077 0.039 0.012 0.049 0.049 0.041 0.019 0.05 0.141 0.109 0.024 0.027 0.021 0.072 0.043 0.006 0.018 0.05
132 E 0.135 0.038 0.033 0.054 0.014 0.041 0.157 0.048 0.018 0.049 0.057 0.054 0.017 0.021 0.025 0.079 0.056 0.005 0.017 0.081
133 G 0.076 0.022 0.038 0.033 0.01 0.018 0.025 0.524 0.013 0.018 0.027 0.033 0.009 0.016 0.018 0.05 0.029 0.005 0.01 0.024
134 L 0.123 0.037 0.023 0.024 0.015 0.024 0.034 0.042 0.014 0.069 0.19 0.07 0.03 0.087 0.02 0.055 0.039 0.007 0.029 0.069
135 S 0.114 0.036 0.083 0.044 0.016 0.029 0.043 0.092 0.019 0.04 0.064 0.047 0.039 0.024 0.025 0.14 0.075 0.005 0.017 0.05
136 E 0.055 0.043 0.033 0.061 0.01 0.074 0.201 0.031 0.021 0.081 0.068 0.061 0.02 0.022 0.022 0.046 0.039 0.005 0.018 0.088
137 D 0.079 0.037 0.137 0.161 0.012 0.031 0.06 0.059 0.022 0.025 0.035 0.049 0.012 0.018 0.024 0.13 0.056 0.004 0.015 0.033
138 E 0.074 0.045 0.049 0.111 0.012 0.07 0.139 0.049 0.022 0.025 0.038 0.062 0.014 0.017 0.026 0.134 0.055 0.005 0.016 0.034
139 N 0.041 0.044 0.337 0.081 0.009 0.033 0.048 0.063 0.031 0.022 0.031 0.052 0.011 0.017 0.02 0.068 0.048 0.004 0.015 0.026
140 W 0.03 0.021 0.015 0.015 0.008 0.013 0.021 0.028 0.015 0.039 0.068 0.021 0.018 0.158 0.008 0.023 0.023 0.367 0.072 0.036
141 Y 0.039 0.027 0.021 0.018 0.009 0.021 0.027 0.024 0.045 0.042 0.067 0.03 0.018 0.127 0.015 0.03 0.027 0.027 0.338 0.045
142 V 0.06 0.021 0.016 0.017 0.018 0.016 0.021 0.023 0.009 0.193 0.142 0.025 0.043 0.038 0.015 0.03 0.045 0.006 0.02 0.242
143 G 0.076 0.022 0.038 0.033 0.01 0.018 0.025 0.524 0.013 0.018 0.027 0.033 0.009 0.016 0.018 0.05 0.029 0.005 0.01 0.024
144 I 0.046 0.019 0.015 0.017 0.016 0.015 0.018 0.021 0.009 0.248 0.199 0.024 0.052 0.045 0.014 0.025 0.038 0.006 0.021 0.153
145 R 0.043 0.364 0.038 0.03 0.008 0.047 0.051 0.032 0.023 0.023 0.045 0.117 0.015 0.017 0.019 0.043 0.034 0.006 0.017 0.03
146 L 0.097 0.087 0.032 0.031 0.015 0.03 0.041 0.042 0.015 0.082 0.115 0.086 0.024 0.027 0.023 0.08 0.077 0.006 0.018 0.072
147 I 0.046 0.017 0.014 0.017 0.016 0.013 0.017 0.02 0.009 0.292 0.163 0.023 0.036 0.043 0.014 0.024 0.039 0.006 0.02 0.172
148 I 0.046 0.017 0.014 0.017 0.016 0.013 0.017 0.02 0.009 0.292 0.163 0.023 0.036 0.043 0.014 0.024 0.039 0.006 0.02 0.172
149 N 0.041 0.044 0.337 0.081 0.009 0.033 0.048 0.063 0.031 0.022 0.031 0.052 0.011 0.017 0.02 0.068 0.048 0.004 0.015 0.026
150 Y 0.039 0.027 0.021 0.018 0.009 0.021 0.027 0.024 0.045 0.042 0.067 0.03 0.018 0.127 0.015 0.03 0.027 0.027 0.338 0.045
151 G 0.076 0.022 0.038 0.033 0.01 0.018 0.025 0.524 0.013 0.018 0.027 0.033 0.009 0.016 0.018 0.05 0.029 0.005 0.01 0.024
152 E 0.059 0.044 0.045 0.129 0.009 0.053 0.246 0.04 0.023 0.023 0.035 0.066 0.012 0.016 0.025 0.08 0.042 0.005 0.015 0.031
153 P 0.058 0.026 0.024 0.031 0.01 0.021 0.036 0.037 0.013 0.025 0.035 0.041 0.01 0.013 0.485 0.052 0.037 0.003 0.013 0.031
154 D 0.05 0.034 0.123 0.291 0.009 0.03 0.075 0.052 0.021 0.023 0.03 0.047 0.01 0.016 0.022 0.082 0.044 0.004 0.013 0.027
155 W 0.078 0.026 0.02 0.028 0.012 0.022 0.065 0.033 0.015 0.084 0.123 0.032 0.024 0.094 0.015 0.036 0.032 0.151 0.042 0.068
156 F 0.062 0.023 0.021 0.02 0.012 0.016 0.025 0.03 0.024 0.085 0.097 0.027 0.023 0.219 0.015 0.046 0.033 0.016 0.139 0.068
157 F 0.033 0.018 0.016 0.016 0.01 0.01 0.018 0.025 0.016 0.062 0.111 0.018 0.025 0.405 0.01 0.025 0.025 0.016 0.086 0.053
158 I 0.057 0.095 0.031 0.03 0.013 0.032 0.042 0.034 0.015 0.14 0.094 0.119 0.024 0.028 0.021 0.066 0.044 0.005 0.018 0.093
159 A 0.163 0.025 0.02 0.022 0.018 0.02 0.029 0.045 0.012 0.13 0.137 0.033 0.042 0.034 0.021 0.051 0.044 0.006 0.019 0.128
160 F 0.033 0.018 0.016 0.016 0.01 0.01 0.018 0.025 0.016 0.062 0.111 0.018 0.025 0.405 0.01 0.025 0.025 0.016 0.086 0.053
161 G 0.076 0.022 0.038 0.033 0.01 0.018 0.025 0.524 0.013 0.018 0.027 0.033 0.009 0.016 0.018 0.05 0.029 0.005 0.01 0.024
162 Y 0.039 0.027 0.021 0.018 0.009 0.021 0.027 0.024 0.045 0.042 0.067 0.03 0.018 0.127 0.015 0.03 0.027 0.027 0.338 0.045
163 L 0.048 0.023 0.015 0.017 0.016 0.017 0.021 0.022 0.01 0.165 0.264 0.026 0.069 0.047 0.014 0.027 0.037 0.007 0.021 0.134
164 Y 0.039 0.027 0.021 0.018 0.009 0.021 0.027 0.024 0.045 0.042 0.067 0.03 0.018 0.127 0.015 0.03 0.027 0.027 0.338 0.045
165 Y 0.039 0.027 0.021 0.018 0.009 0.021 0.027 0.024 0.045 0.042 0.067 0.03 0.018 0.127 0.015 0.03 0.027 0.027 0.338 0.045
166 L 0.042 0.021 0.014 0.016 0.015 0.014 0.019 0.021 0.01 0.156 0.287 0.023 0.041 0.1 0.013 0.024 0.033 0.008 0.03 0.11
167 I 0.045 0.018 0.014 0.017 0.016 0.013 0.018 0.02 0.009 0.266 0.196 0.023 0.038 0.044 0.014 0.024 0.038 0.006 0.02 0.16
168 Y 0.039 0.027 0.021 0.018 0.009 0.02 0.027 0.024 0.043 0.044 0.07 0.029 0.019 0.147 0.015 0.03 0.027 0.026 0.32 0.046
169 P 0.055 0.025 0.023 0.03 0.01 0.02 0.035 0.035 0.013 0.025 0.035 0.04 0.01 0.013 0.508 0.043 0.035 0.003 0.013 0.03
170 V 0.087 0.024 0.019 0.02 0.018 0.019 0.025 0.031 0.01 0.152 0.13 0.029 0.051 0.036 0.018 0.046 0.047 0.006 0.02 0.211
171 L 0.044 0.022 0.015 0.016 0.015 0.014 0.02 0.022 0.011 0.104 0.275 0.023 0.039 0.151 0.013 0.025 0.032 0.009 0.04 0.11
172 F 0.037 0.023 0.019 0.017 0.01 0.017 0.023 0.024 0.033 0.051 0.086 0.025 0.021 0.246 0.013 0.028 0.026 0.023 0.23 0.049
173 L 0.051 0.02 0.015 0.017 0.016 0.015 0.019 0.021 0.009 0.206 0.219 0.024 0.038 0.044 0.015 0.026 0.039 0.006 0.02 0.18
174 S 0.099 0.04 0.051 0.053 0.016 0.037 0.089 0.06 0.02 0.028 0.04 0.055 0.015 0.02 0.028 0.216 0.073 0.005 0.017 0.039
175 A 0.275 0.028 0.024 0.027 0.089 0.023 0.036 0.07 0.013 0.042 0.058 0.04 0.017 0.021 0.027 0.076 0.047 0.005 0.016 0.065
176 V 0.157 0.025 0.02 0.023 0.019 0.019 0.029 0.044 0.011 0.129 0.102 0.033 0.026 0.03 0.021 0.053 0.057 0.005 0.019 0.178
177 A 0.141 0.127 0.035 0.033 0.016 0.032 0.044 0.053 0.017 0.05 0.059 0.064 0.018 0.022 0.024 0.11 0.053 0.005 0.017 0.081
178 Y 0.042 0.041 0.028 0.024 0.009 0.028 0.037 0.029 0.089 0.037 0.059 0.071 0.017 0.097 0.017 0.035 0.029 0.021 0.252 0.04
179 Y 0.038 0.026 0.02 0.018 0.009 0.02 0.026 0.024 0.041 0.045 0.073 0.029 0.019 0.167 0.014 0.029 0.027 0.026 0.302 0.046
180 L 0.063 0.091 0.078 0.039 0.013 0.033 0.044 0.044 0.019 0.05 0.141 0.089 0.024 0.028 0.021 0.099 0.049 0.006 0.018 0.051
181 N 0.051 0.041 0.199 0.114 0.01 0.045 0.055 0.054 0.026 0.031 0.06 0.051 0.015 0.025 0.021 0.084 0.048 0.006 0.031 0.034
182 P 0.062 0.045 0.032 0.036 0.011 0.057 0.051 0.041 0.017 0.026 0.038 0.086 0.013 0.014 0.302 0.074 0.043 0.004 0.015 0.032
183 S 0.086 0.036 0.043 0.039 0.015 0.029 0.044 0.052 0.028 0.034 0.051 0.046 0.017 0.057 0.025 0.159 0.064 0.013 0.118 0.043
184 L 0.043 0.034 0.099 0.051 0.011 0.031 0.098 0.036 0.021 0.055 0.141 0.043 0.024 0.121 0.017 0.043 0.036 0.008 0.035 0.052
185 N 0.069 0.041 0.193 0.062 0.013 0.032 0.048 0.061 0.024 0.029 0.039 0.051 0.014 0.019 0.024 0.133 0.091 0.005 0.016 0.037
186 K 0.055 0.104 0.04 0.04 0.008 0.052 0.069 0.042 0.02 0.027 0.042 0.299 0.015 0.015 0.027 0.052 0.039 0.005 0.017 0.032
187 E 0.053 0.158 0.04 0.058 0.008 0.054 0.169 0.037 0.023 0.023 0.04 0.134 0.014 0.016 0.024 0.059 0.038 0.005 0.017 0.031
188 D 0.094 0.08 0.089 0.15 0.011 0.03 0.056 0.121 0.019 0.025 0.037 0.055 0.012 0.017 0.023 0.084 0.044 0.005 0.014 0.034
189 K 0.127 0.12 0.036 0.036 0.012 0.043 0.058 0.05 0.019 0.031 0.047 0.2 0.016 0.017 0.026 0.059 0.041 0.005 0.017 0.042
190 R 0.053 0.187 0.081 0.04 0.009 0.04 0.05 0.041 0.026 0.027 0.045 0.112 0.015 0.033 0.021 0.075 0.042 0.008 0.062 0.033
191 R 0.056 0.125 0.073 0.034 0.013 0.029 0.037 0.037 0.017 0.094 0.121 0.059 0.024 0.029 0.019 0.068 0.045 0.006 0.018 0.097
192 F 0.034 0.02 0.017 0.017 0.01 0.012 0.02 0.025 0.021 0.059 0.105 0.02 0.024 0.365 0.011 0.025 0.025 0.018 0.122 0.052
193 W 0.076 0.026 0.022 0.02 0.011 0.02 0.028 0.034 0.058 0.072 0.072 0.03 0.019 0.071 0.015 0.036 0.03 0.156 0.142 0.06
194 F 0.053 0.027 0.027 0.025 0.013 0.02 0.029 0.034 0.02 0.056 0.093 0.031 0.037 0.203 0.017 0.07 0.081 0.013 0.093 0.057
195 H 0.043 0.045 0.086 0.041 0.009 0.062 0.054 0.039 0.223 0.036 0.088 0.049 0.02 0.029 0.019 0.044 0.032 0.007 0.04 0.035
196 L 0.043 0.021 0.018 0.018 0.013 0.014 0.02 0.094 0.013 0.077 0.22 0.023 0.033 0.198 0.013 0.028 0.029 0.011 0.048 0.066
197 L 0.079 0.022 0.016 0.018 0.015 0.015 0.022 0.03 0.012 0.125 0.209 0.025 0.034 0.155 0.015 0.032 0.034 0.009 0.041 0.094
198 L 0.043 0.023 0.016 0.017 0.014 0.017 0.021 0.024 0.013 0.119 0.222 0.026 0.079 0.15 0.013 0.027 0.033 0.01 0.04 0.092
199 C 0.146 0.027 0.029 0.029 0.225 0.021 0.033 0.054 0.013 0.039 0.055 0.036 0.016 0.02 0.023 0.11 0.052 0.005 0.015 0.054
200 L 0.049 0.022 0.015 0.016 0.016 0.016 0.02 0.022 0.01 0.171 0.258 0.025 0.054 0.046 0.015 0.026 0.038 0.006 0.021 0.153
201 L 0.083 0.024 0.017 0.018 0.016 0.018 0.023 0.03 0.012 0.118 0.23 0.028 0.057 0.095 0.016 0.034 0.036 0.008 0.03 0.107
202 Y 0.039 0.027 0.021 0.018 0.009 0.021 0.027 0.024 0.045 0.042 0.067 0.03 0.018 0.127 0.015 0.03 0.027 0.027 0.338 0.045
203 A 0.282 0.031 0.029 0.031 0.02 0.026 0.041 0.074 0.015 0.04 0.055 0.045 0.017 0.021 0.029 0.105 0.053 0.005 0.017 0.063
204 L 0.088 0.021 0.017 0.018 0.017 0.016 0.022 0.03 0.011 0.16 0.163 0.026 0.032 0.091 0.016 0.035 0.04 0.007 0.029 0.162
205 F 0.043 0.026 0.018 0.018 0.013 0.02 0.023 0.026 0.016 0.082 0.157 0.028 0.116 0.2 0.013 0.031 0.033 0.011 0.05 0.074
206 S 0.16 0.036 0.043 0.041 0.018 0.029 0.046 0.065 0.017 0.036 0.049 0.049 0.016 0.021 0.029 0.175 0.098 0.005 0.017 0.052
207 T 0.071 0.034 0.042 0.036 0.017 0.027 0.038 0.042 0.013 0.052 0.063 0.044 0.019 0.023 0.027 0.09 0.268 0.006 0.017 0.069
208 A 0.311 0.03 0.025 0.029 0.021 0.025 0.039 0.076 0.014 0.042 0.058 0.043 0.017 0.021 0.029 0.083 0.048 0.005 0.017 0.067
209 K 0.055 0.104 0.04 0.04 0.008 0.052 0.069 0.042 0.02 0.027 0.042 0.299 0.015 0.015 0.027 0.052 0.039 0.005 0.017 0.032
210 L 0.051 0.02 0.015 0.017 0.017 0.015 0.019 0.021 0.009 0.203 0.218 0.024 0.038 0.043 0.015 0.026 0.04 0.006 0.02 0.183
211 K 0.055 0.104 0.04 0.04 0.008 0.052 0.069 0.042 0.02 0.027 0.042 0.299 0.015 0.015 0.027 0.052 0.039 0.005 0.017 0.032
212 L 0.044 0.022 0.014 0.015 0.016 0.015 0.019 0.021 0.01 0.155 0.339 0.024 0.045 0.051 0.014 0.024 0.034 0.007 0.021 0.112
213 L 0.043 0.024 0.014 0.015 0.016 0.016 0.02 0.021 0.01 0.112 0.394 0.025 0.048 0.053 0.014 0.024 0.032 0.007 0.022 0.093
214 L 0.045 0.024 0.015 0.016 0.016 0.017 0.02 0.022 0.01 0.136 0.332 0.026 0.066 0.051 0.014 0.025 0.034 0.007 0.022 0.104
215 V 0.059 0.022 0.016 0.017 0.017 0.017 0.022 0.023 0.009 0.163 0.179 0.026 0.056 0.04 0.015 0.03 0.043 0.006 0.021 0.216
216 V 0.052 0.019 0.016 0.017 0.015 0.013 0.02 0.023 0.011 0.17 0.132 0.023 0.03 0.143 0.014 0.028 0.039 0.009 0.039 0.189
217 L 0.05 0.02 0.015 0.017 0.016 0.014 0.019 0.021 0.009 0.212 0.221 0.024 0.038 0.044 0.015 0.026 0.039 0.006 0.02 0.175
218 P 0.06 0.028 0.028 0.032 0.012 0.022 0.036 0.037 0.013 0.033 0.043 0.041 0.013 0.016 0.371 0.056 0.102 0.003 0.014 0.041
219 V 0.057 0.021 0.016 0.017 0.015 0.016 0.022 0.026 0.01 0.123 0.105 0.024 0.026 0.042 0.014 0.029 0.041 0.149 0.033 0.216
220 F 0.038 0.019 0.015 0.016 0.013 0.012 0.018 0.023 0.013 0.135 0.166 0.021 0.031 0.251 0.012 0.024 0.03 0.012 0.058 0.093
221 F 0.039 0.018 0.016 0.016 0.081 0.011 0.018 0.025 0.014 0.092 0.111 0.019 0.025 0.298 0.012 0.027 0.028 0.013 0.066 0.071
222 I 0.046 0.017 0.014 0.017 0.016 0.013 0.017 0.02 0.009 0.292 0.163 0.023 0.036 0.043 0.014 0.024 0.039 0.006 0.02 0.172
223 R 0.043 0.364 0.038 0.03 0.008 0.047 0.051 0.032 0.023 0.023 0.045 0.117 0.015 0.017 0.019 0.043 0.034 0.006 0.017 0.03
224 S 0.129 0.037 0.047 0.043 0.018 0.03 0.047 0.062 0.017 0.035 0.047 0.05 0.016 0.021 0.028 0.191 0.111 0.005 0.017 0.05
225 Y 0.039 0.027 0.021 0.018 0.009 0.021 0.027 0.024 0.045 0.042 0.067 0.03 0.018 0.127 0.015 0.03 0.027 0.027 0.338 0.045
226 Y 0.037 0.024 0.019 0.018 0.009 0.017 0.024 0.024 0.035 0.049 0.082 0.026 0.02 0.226 0.013 0.028 0.026 0.023 0.248 0.048
227 K 0.052 0.178 0.04 0.037 0.008 0.051 0.064 0.039 0.021 0.026 0.043 0.247 0.015 0.016 0.025 0.049 0.037 0.005 0.017 0.031
228 P 0.08 0.048 0.028 0.033 0.011 0.03 0.045 0.041 0.015 0.027 0.039 0.114 0.012 0.014 0.325 0.049 0.037 0.004 0.014 0.034
229 T 0.077 0.037 0.087 0.046 0.016 0.029 0.043 0.052 0.017 0.041 0.052 0.048 0.017 0.021 0.026 0.13 0.183 0.005 0.017 0.055
230 S 0.107 0.039 0.053 0.047 0.017 0.032 0.051 0.064 0.019 0.029 0.041 0.053 0.015 0.02 0.029 0.243 0.08 0.005 0.017 0.041
231 T 0.07 0.033 0.038 0.034 0.017 0.025 0.036 0.04 0.013 0.067 0.072 0.041 0.021 0.025 0.025 0.082 0.237 0.006 0.018 0.101
232 K 0.054 0.141 0.04 0.039 0.008 0.051 0.066 0.041 0.02 0.026 0.042 0.273 0.015 0.015 0.026 0.051 0.038 0.005 0.017 0.032
233 L 0.047 0.023 0.014 0.015 0.016 0.016 0.02 0.021 0.01 0.119 0.356 0.025 0.046 0.05 0.014 0.025 0.035 0.007 0.021 0.122
234 I 0.049 0.019 0.015 0.017 0.016 0.014 0.019 0.021 0.009 0.228 0.205 0.024 0.037 0.044 0.015 0.026 0.039 0.006 0.02 0.177
235 L 0.048 0.02 0.016 0.017 0.016 0.015 0.019 0.022 0.009 0.22 0.222 0.025 0.038 0.044 0.015 0.028 0.048 0.006 0.02 0.153
236 I 0.085 0.021 0.017 0.019 0.016 0.015 0.022 0.03 0.011 0.165 0.139 0.025 0.03 0.125 0.016 0.034 0.038 0.008 0.035 0.15
237 V 0.09 0.027 0.027 0.026 0.018 0.021 0.031 0.038 0.012 0.126 0.14 0.034 0.029 0.033 0.02 0.093 0.053 0.006 0.019 0.158
238 G 0.078 0.021 0.028 0.026 0.082 0.016 0.023 0.29 0.012 0.049 0.06 0.028 0.016 0.075 0.017 0.044 0.033 0.007 0.023 0.073
239 L 0.063 0.028 0.03 0.027 0.015 0.021 0.028 0.138 0.012 0.069 0.196 0.034 0.029 0.034 0.02 0.064 0.102 0.006 0.018 0.068
240 L 0.054 0.024 0.022 0.022 0.015 0.019 0.023 0.096 0.011 0.139 0.199 0.03 0.054 0.04 0.017 0.039 0.068 0.006 0.019 0.102
241 F 0.038 0.018 0.016 0.017 0.012 0.011 0.018 0.024 0.014 0.121 0.124 0.02 0.028 0.301 0.012 0.025 0.029 0.013 0.067 0.093
242 L 0.047 0.027 0.017 0.017 0.016 0.022 0.023 0.024 0.013 0.105 0.292 0.03 0.117 0.05 0.015 0.029 0.036 0.007 0.023 0.092
243 A 0.191 0.029 0.032 0.032 0.018 0.024 0.037 0.129 0.014 0.071 0.064 0.041 0.018 0.023 0.025 0.108 0.052 0.005 0.016 0.069
244 A 0.171 0.027 0.023 0.025 0.018 0.022 0.031 0.118 0.013 0.08 0.092 0.035 0.044 0.028 0.022 0.057 0.044 0.006 0.018 0.128
245 F 0.041 0.024 0.018 0.018 0.013 0.018 0.022 0.025 0.016 0.081 0.165 0.026 0.095 0.226 0.013 0.029 0.031 0.012 0.055 0.072
246 F 0.035 0.021 0.018 0.017 0.01 0.013 0.021 0.025 0.025 0.056 0.098 0.022 0.023 0.325 0.012 0.026 0.025 0.019 0.158 0.051
247 L 0.09 0.024 0.02 0.021 0.085 0.017 0.024 0.103 0.011 0.076 0.23 0.029 0.032 0.037 0.017 0.041 0.046 0.006 0.018 0.073
248 S 0.107 0.039 0.053 0.047 0.017 0.032 0.051 0.064 0.019 0.029 0.041 0.053 0.015 0.02 0.029 0.243 0.08 0.005 0.017 0.041
249 L 0.043 0.024 0.014 0.015 0.016 0.016 0.02 0.021 0.01 0.112 0.394 0.025 0.048 0.053 0.014 0.024 0.032 0.007 0.022 0.093
250 L 0.04 0.022 0.016 0.016 0.013 0.015 0.02 0.022 0.017 0.113 0.233 0.023 0.035 0.163 0.013 0.025 0.03 0.012 0.085 0.086
251 L 0.158 0.026 0.019 0.021 0.018 0.02 0.028 0.044 0.012 0.082 0.25 0.033 0.035 0.039 0.02 0.049 0.039 0.006 0.02 0.082
252 L 0.043 0.024 0.014 0.015 0.016 0.016 0.02 0.021 0.01 0.112 0.394 0.025 0.048 0.053 0.014 0.024 0.032 0.007 0.022 0.093
253 N 0.041 0.042 0.298 0.128 0.009 0.032 0.054 0.061 0.029 0.022 0.03 0.051 0.011 0.017 0.02 0.065 0.046 0.004 0.015 0.026
254 K 0.055 0.104 0.04 0.04 0.008 0.052 0.069 0.042 0.02 0.027 0.042 0.299 0.015 0.015 0.027 0.052 0.039 0.005 0.017 0.032
255 L 0.048 0.021 0.014 0.016 0.016 0.015 0.019 0.021 0.009 0.196 0.257 0.024 0.04 0.046 0.014 0.025 0.037 0.006 0.021 0.155
256 S 0.115 0.084 0.072 0.044 0.015 0.033 0.047 0.058 0.019 0.032 0.046 0.059 0.016 0.02 0.026 0.153 0.093 0.005 0.017 0.046
257 G 0.067 0.03 0.04 0.076 0.009 0.032 0.113 0.35 0.017 0.019 0.03 0.045 0.01 0.016 0.021 0.051 0.031 0.005 0.012 0.026
258 G 0.063 0.032 0.125 0.138 0.01 0.027 0.05 0.224 0.02 0.022 0.03 0.043 0.01 0.017 0.021 0.082 0.042 0.005 0.013 0.027
259 D 0.047 0.032 0.134 0.211 0.009 0.029 0.072 0.116 0.02 0.047 0.042 0.044 0.012 0.018 0.02 0.053 0.038 0.004 0.013 0.039
260 G 0.079 0.032 0.085 0.044 0.013 0.026 0.038 0.258 0.017 0.027 0.037 0.043 0.013 0.018 0.023 0.113 0.08 0.005 0.014 0.035
261 F 0.047 0.019 0.016 0.017 0.014 0.013 0.019 0.023 0.012 0.156 0.13 0.022 0.03 0.196 0.013 0.027 0.035 0.01 0.048 0.155
262 T 0.057 0.026 0.028 0.027 0.016 0.02 0.028 0.032 0.012 0.137 0.125 0.033 0.027 0.068 0.02 0.057 0.152 0.007 0.025 0.103
263 D 0.046 0.049 0.132 0.172 0.008 0.043 0.139 0.047 0.024 0.022 0.033 0.091 0.011 0.016 0.023 0.057 0.039 0.005 0.014 0.027
264 L 0.07 0.029 0.03 0.029 0.017 0.023 0.032 0.038 0.013 0.119 0.135 0.037 0.049 0.034 0.021 0.099 0.084 0.006 0.019 0.117
265 L 0.083 0.021 0.016 0.018 0.016 0.015 0.021 0.028 0.01 0.205 0.214 0.026 0.037 0.043 0.016 0.032 0.038 0.006 0.02 0.134
266 L 0.048 0.023 0.018 0.019 0.016 0.016 0.021 0.023 0.01 0.176 0.253 0.027 0.039 0.045 0.016 0.033 0.069 0.006 0.02 0.122
267 T 0.12 0.036 0.044 0.04 0.018 0.029 0.044 0.057 0.016 0.041 0.053 0.048 0.017 0.022 0.028 0.154 0.156 0.005 0.017 0.057
268 N 0.103 0.039 0.169 0.057 0.014 0.031 0.046 0.062 0.022 0.031 0.042 0.05 0.014 0.02 0.025 0.123 0.089 0.005 0.016 0.042
269 I 0.049 0.018 0.014 0.017 0.016 0.014 0.018 0.021 0.009 0.26 0.174 0.023 0.036 0.042 0.014 0.025 0.04 0.006 0.02 0.183
270 G 0.076 0.022 0.038 0.033 0.01 0.018 0.025 0.524 0.013 0.018 0.027 0.033 0.009 0.016 0.018 0.05 0.029 0.005 0.01 0.024
271 N 0.051 0.043 0.296 0.076 0.01 0.033 0.048 0.063 0.029 0.023 0.032 0.052 0.011 0.018 0.021 0.093 0.052 0.004 0.015 0.028
272 Y 0.039 0.027 0.021 0.018 0.009 0.021 0.027 0.024 0.045 0.042 0.067 0.03 0.018 0.127 0.015 0.03 0.027 0.027 0.338 0.045
273 T 0.076 0.035 0.044 0.038 0.017 0.028 0.04 0.045 0.014 0.048 0.06 0.045 0.019 0.023 0.027 0.112 0.241 0.006 0.017 0.065
274 F 0.037 0.018 0.016 0.017 0.012 0.011 0.018 0.023 0.014 0.127 0.126 0.02 0.028 0.301 0.011 0.025 0.029 0.013 0.067 0.087
275 A 0.222 0.027 0.024 0.026 0.018 0.021 0.034 0.061 0.015 0.047 0.072 0.037 0.019 0.131 0.024 0.074 0.043 0.008 0.037 0.062
276 N 0.041 0.044 0.337 0.081 0.009 0.033 0.048 0.063 0.031 0.022 0.031 0.052 0.011 0.017 0.02 0.068 0.048 0.004 0.015 0.026
277 L 0.048 0.021 0.014 0.016 0.016 0.015 0.019 0.021 0.009 0.196 0.257 0.024 0.04 0.046 0.014 0.025 0.037 0.006 0.021 0.155
278 F 0.036 0.022 0.018 0.017 0.01 0.015 0.022 0.024 0.029 0.053 0.092 0.024 0.022 0.286 0.012 0.027 0.026 0.021 0.194 0.05
279 A 0.252 0.033 0.033 0.034 0.02 0.027 0.043 0.073 0.016 0.038 0.053 0.046 0.016 0.021 0.029 0.128 0.057 0.005 0.017 0.059
280 F 0.036 0.019 0.016 0.016 0.012 0.012 0.019 0.023 0.014 0.089 0.175 0.02 0.03 0.304 0.011 0.024 0.027 0.014 0.068 0.07
281 D 0.04 0.029 0.067 0.415 0.007 0.029 0.089 0.045 0.018 0.022 0.027 0.043 0.009 0.014 0.022 0.051 0.034 0.004 0.011 0.024
282 S 0.099 0.048 0.051 0.046 0.016 0.035 0.053 0.061 0.019 0.029 0.041 0.088 0.015 0.02 0.029 0.215 0.074 0.005 0.017 0.039
283 L 0.043 0.024 0.014 0.015 0.016 0.016 0.02 0.021 0.01 0.112 0.394 0.025 0.048 0.053 0.014 0.024 0.032 0.007 0.022 0.093
284 N 0.043 0.045 0.196 0.141 0.008 0.062 0.065 0.052 0.077 0.022 0.033 0.054 0.012 0.018 0.02 0.058 0.041 0.005 0.021 0.026
285 F 0.033 0.019 0.017 0.017 0.01 0.011 0.019 0.025 0.018 0.06 0.108 0.019 0.024 0.385 0.011 0.025 0.025 0.017 0.104 0.053
286 K 0.054 0.073 0.125 0.051 0.01 0.042 0.057 0.048 0.022 0.03 0.043 0.18 0.015 0.017 0.025 0.064 0.085 0.005 0.016 0.037
287 T 0.076 0.035 0.04 0.042 0.015 0.03 0.067 0.046 0.016 0.042 0.052 0.048 0.016 0.02 0.118 0.118 0.137 0.005 0.016 0.06
288 I 0.041 0.02 0.016 0.017 0.013 0.014 0.019 0.022 0.016 0.173 0.156 0.023 0.031 0.159 0.013 0.025 0.032 0.012 0.084 0.112
289 P 0.056 0.028 0.032 0.084 0.012 0.022 0.041 0.037 0.031 0.063 0.121 0.038 0.021 0.026 0.206 0.067 0.041 0.004 0.017 0.054
290 D 0.064 0.049 0.092 0.137 0.011 0.072 0.069 0.051 0.022 0.029 0.044 0.08 0.022 0.018 0.024 0.108 0.051 0.005 0.016 0.035
291 G 0.066 0.029 0.032 0.029 0.014 0.023 0.031 0.129 0.018 0.075 0.112 0.036 0.044 0.044 0.02 0.082 0.075 0.009 0.063 0.067
292 E 0.046 0.049 0.036 0.093 0.009 0.077 0.097 0.035 0.024 0.047 0.053 0.088 0.017 0.039 0.02 0.043 0.034 0.08 0.07 0.043
293 C 0.063 0.016 0.016 0.016 0.499 0.012 0.016 0.032 0.008 0.043 0.063 0.02 0.016 0.02 0.016 0.04 0.036 0.004 0.012 0.055
294 I 0.055 0.028 0.091 0.037 0.014 0.022 0.031 0.038 0.019 0.156 0.101 0.036 0.025 0.041 0.018 0.07 0.062 0.007 0.049 0.102
295 D 0.05 0.033 0.136 0.211 0.01 0.028 0.061 0.118 0.02 0.026 0.033 0.045 0.011 0.017 0.021 0.061 0.071 0.004 0.013 0.031
296 S 0.075 0.04 0.09 0.133 0.012 0.038 0.11 0.055 0.022 0.025 0.036 0.056 0.013 0.018 0.026 0.139 0.058 0.005 0.016 0.034
297 G 0.104 0.037 0.038 0.043 0.013 0.059 0.084 0.184 0.018 0.033 0.059 0.051 0.016 0.02 0.023 0.079 0.073 0.005 0.016 0.044
298 N 0.062 0.04 0.167 0.063 0.012 0.034 0.083 0.053 0.023 0.037 0.086 0.051 0.018 0.023 0.022 0.109 0.053 0.005 0.017 0.041
299 G 0.102 0.027 0.04 0.105 0.013 0.023 0.042 0.231 0.015 0.037 0.086 0.038 0.017 0.022 0.021 0.078 0.04 0.005 0.014 0.042
300 C 0.063 0.016 0.016 0.016 0.499 0.012 0.016 0.032 0.008 0.043 0.063 0.02 0.016 0.02 0.016 0.04 0.036 0.004 0.012 0.055
301 S 0.089 0.041 0.037 0.037 0.015 0.085 0.054 0.046 0.018 0.104 0.078 0.054 0.023 0.025 0.023 0.115 0.054 0.005 0.019 0.078
302 L 0.046 0.021 0.015 0.018 0.015 0.015 0.021 0.022 0.01 0.177 0.244 0.026 0.037 0.043 0.085 0.027 0.035 0.006 0.02 0.118
303 L 0.046 0.027 0.016 0.017 0.016 0.021 0.023 0.024 0.012 0.106 0.307 0.029 0.107 0.05 0.015 0.029 0.035 0.007 0.022 0.092
304 P 0.058 0.026 0.024 0.031 0.01 0.021 0.036 0.037 0.013 0.025 0.035 0.041 0.01 0.013 0.485 0.052 0.037 0.003 0.013 0.031
305 F 0.033 0.018 0.016 0.016 0.01 0.01 0.018 0.025 0.016 0.062 0.111 0.018 0.025 0.405 0.01 0.025 0.025 0.016 0.086 0.053
306 Y 0.038 0.025 0.02 0.018 0.009 0.019 0.025 0.024 0.039 0.046 0.076 0.028 0.02 0.187 0.014 0.029 0.027 0.025 0.284 0.047
307 D 0.05 0.036 0.048 0.218 0.009 0.042 0.177 0.037 0.02 0.041 0.045 0.054 0.014 0.018 0.022 0.049 0.037 0.005 0.014 0.065
308 Y 0.048 0.04 0.05 0.056 0.011 0.026 0.038 0.078 0.024 0.106 0.08 0.082 0.021 0.055 0.018 0.039 0.035 0.011 0.108 0.074
309 G 0.073 0.025 0.037 0.032 0.011 0.021 0.029 0.364 0.019 0.024 0.036 0.035 0.012 0.034 0.019 0.073 0.036 0.032 0.061 0.029
310 D 0.052 0.028 0.038 0.137 0.011 0.024 0.048 0.037 0.024 0.068 0.061 0.038 0.016 0.051 0.089 0.067 0.04 0.011 0.107 0.054
311 F 0.033 0.018 0.016 0.016 0.01 0.01 0.018 0.025 0.016 0.062 0.111 0.018 0.025 0.405 0.01 0.025 0.025 0.016 0.086 0.053
312 R 0.054 0.177 0.044 0.037 0.009 0.043 0.055 0.04 0.122 0.024 0.042 0.122 0.015 0.021 0.022 0.073 0.039 0.006 0.028 0.03
313 T 0.071 0.034 0.042 0.036 0.017 0.027 0.038 0.042 0.013 0.052 0.063 0.044 0.019 0.023 0.027 0.09 0.268 0.006 0.017 0.069
314 N 0.041 0.044 0.337 0.081 0.009 0.033 0.048 0.063 0.031 0.022 0.031 0.052 0.011 0.017 0.02 0.068 0.048 0.004 0.015 0.026
315 V 0.062 0.02 0.016 0.017 0.018 0.015 0.021 0.023 0.008 0.198 0.137 0.025 0.032 0.037 0.016 0.03 0.045 0.005 0.02 0.256
316 Y 0.039 0.027 0.021 0.018 0.009 0.021 0.027 0.024 0.045 0.042 0.067 0.03 0.018 0.127 0.015 0.03 0.027 0.027 0.338 0.045
317 T 0.071 0.034 0.042 0.036 0.017 0.027 0.038 0.042 0.013 0.052 0.063 0.044 0.019 0.023 0.027 0.09 0.268 0.006 0.017 0.069
318 I 0.047 0.019 0.015 0.017 0.015 0.013 0.018 0.021 0.01 0.223 0.172 0.023 0.035 0.094 0.014 0.025 0.037 0.007 0.03 0.164
319 L 0.049 0.028 0.018 0.019 0.016 0.024 0.025 0.025 0.014 0.127 0.216 0.032 0.144 0.047 0.015 0.032 0.038 0.007 0.023 0.102
320 Y 0.039 0.027 0.021 0.018 0.009 0.021 0.027 0.024 0.045 0.042 0.067 0.03 0.018 0.127 0.015 0.03 0.027 0.027 0.338 0.045
