#Seq2Logo.py -f /work3/idamei/ssn-clusterings/clustering/2205181126/clusters/0011_193/sequences.afa -o /work3/idamei/ssn-clusterings/clustering/2205181126/clusters/0011_193/sequences.logo
#Position Specific Frequency Matrix
A R N D C Q E G H I L K M F P S T W Y V
0 L 0.051 0.032 0.02 0.02 0.016 0.028 0.028 0.028 0.016 0.099 0.194 0.036 0.173 0.047 0.016 0.036 0.04 0.008 0.024 0.091
1 N 0.042 0.036 0.174 0.058 0.01 0.029 0.07 0.045 0.024 0.044 0.096 0.044 0.019 0.117 0.017 0.05 0.039 0.008 0.034 0.043
2 I 0.085 0.045 0.024 0.026 0.015 0.026 0.036 0.035 0.013 0.174 0.115 0.102 0.028 0.032 0.02 0.041 0.041 0.006 0.019 0.119
3 G 0.055 0.03 0.035 0.028 0.011 0.025 0.033 0.169 0.122 0.047 0.056 0.035 0.017 0.055 0.017 0.04 0.031 0.012 0.115 0.066
4 K 0.056 0.087 0.041 0.057 0.008 0.057 0.147 0.04 0.022 0.026 0.041 0.213 0.015 0.016 0.027 0.054 0.039 0.005 0.017 0.032
5 N 0.043 0.045 0.315 0.083 0.009 0.034 0.05 0.065 0.032 0.023 0.032 0.054 0.011 0.018 0.02 0.07 0.05 0.005 0.016 0.027
6 L 0.045 0.024 0.014 0.015 0.016 0.016 0.02 0.021 0.01 0.116 0.374 0.025 0.05 0.055 0.014 0.024 0.033 0.007 0.022 0.096
7 N 0.043 0.045 0.315 0.083 0.009 0.034 0.05 0.065 0.032 0.023 0.032 0.054 0.011 0.018 0.02 0.07 0.05 0.005 0.016 0.027
8 N 0.05 0.042 0.256 0.071 0.011 0.032 0.046 0.059 0.027 0.03 0.039 0.051 0.013 0.019 0.022 0.074 0.101 0.005 0.016 0.037
9 G 0.071 0.075 0.039 0.048 0.012 0.037 0.105 0.161 0.019 0.034 0.08 0.058 0.017 0.022 0.022 0.093 0.045 0.006 0.016 0.04
10 N 0.043 0.045 0.314 0.083 0.009 0.034 0.05 0.065 0.032 0.023 0.032 0.054 0.011 0.018 0.02 0.07 0.05 0.005 0.016 0.027
11 N 0.043 0.045 0.314 0.083 0.009 0.034 0.05 0.065 0.032 0.023 0.032 0.054 0.011 0.018 0.02 0.07 0.05 0.005 0.016 0.027
12 R 0.045 0.342 0.039 0.031 0.008 0.049 0.053 0.033 0.023 0.023 0.047 0.121 0.016 0.017 0.019 0.045 0.035 0.006 0.017 0.031
13 V 0.07 0.022 0.017 0.018 0.019 0.017 0.023 0.025 0.008 0.165 0.13 0.026 0.032 0.036 0.017 0.033 0.049 0.006 0.021 0.268
14 L 0.045 0.024 0.014 0.015 0.016 0.016 0.02 0.021 0.01 0.116 0.375 0.025 0.05 0.055 0.014 0.024 0.033 0.007 0.022 0.096
15 V 0.07 0.022 0.017 0.018 0.019 0.017 0.023 0.025 0.008 0.165 0.13 0.026 0.032 0.036 0.017 0.033 0.049 0.006 0.021 0.268
16 S 0.11 0.04 0.054 0.049 0.018 0.033 0.052 0.066 0.019 0.03 0.042 0.054 0.016 0.021 0.03 0.219 0.082 0.005 0.018 0.042
17 D 0.041 0.03 0.069 0.396 0.008 0.03 0.092 0.047 0.019 0.022 0.028 0.045 0.009 0.015 0.022 0.052 0.035 0.004 0.011 0.024
18 N 0.048 0.038 0.19 0.158 0.009 0.034 0.088 0.113 0.025 0.022 0.03 0.051 0.011 0.017 0.021 0.06 0.041 0.004 0.014 0.026
19 L 0.05 0.051 0.027 0.04 0.012 0.037 0.104 0.03 0.016 0.069 0.212 0.103 0.031 0.035 0.02 0.039 0.035 0.006 0.019 0.063
20 N 0.05 0.044 0.293 0.078 0.01 0.033 0.049 0.064 0.03 0.023 0.032 0.053 0.012 0.018 0.021 0.089 0.053 0.005 0.016 0.028
21 P 0.068 0.05 0.072 0.042 0.071 0.032 0.047 0.048 0.018 0.029 0.042 0.105 0.014 0.017 0.144 0.095 0.049 0.004 0.015 0.036
22 L 0.043 0.044 0.035 0.12 0.011 0.027 0.05 0.034 0.016 0.056 0.142 0.094 0.025 0.12 0.018 0.038 0.033 0.008 0.034 0.051
23 I 0.06 0.025 0.026 0.025 0.015 0.02 0.029 0.033 0.021 0.159 0.11 0.033 0.027 0.059 0.018 0.078 0.047 0.011 0.096 0.109
24 N 0.047 0.039 0.175 0.055 0.011 0.051 0.046 0.047 0.023 0.088 0.067 0.049 0.018 0.023 0.079 0.053 0.044 0.005 0.017 0.065
25 N 0.049 0.115 0.143 0.049 0.01 0.031 0.042 0.047 0.024 0.033 0.056 0.061 0.016 0.113 0.019 0.072 0.043 0.008 0.034 0.036
26 N 0.063 0.052 0.109 0.047 0.013 0.033 0.047 0.048 0.02 0.09 0.07 0.105 0.02 0.024 0.023 0.094 0.052 0.005 0.018 0.069
27 L 0.048 0.027 0.093 0.032 0.133 0.019 0.026 0.035 0.015 0.073 0.216 0.031 0.031 0.036 0.016 0.039 0.038 0.006 0.018 0.068
28 L 0.053 0.02 0.015 0.017 0.017 0.015 0.02 0.022 0.009 0.204 0.209 0.024 0.038 0.044 0.015 0.027 0.04 0.006 0.021 0.186
29 L 0.058 0.024 0.022 0.022 0.017 0.018 0.025 0.027 0.01 0.153 0.186 0.03 0.034 0.039 0.018 0.043 0.095 0.006 0.02 0.155
30 Y 0.042 0.041 0.025 0.024 0.009 0.048 0.04 0.029 0.033 0.044 0.073 0.067 0.02 0.167 0.017 0.035 0.03 0.019 0.19 0.045
31 F 0.044 0.02 0.016 0.016 0.132 0.014 0.019 0.026 0.016 0.068 0.163 0.022 0.028 0.183 0.013 0.029 0.03 0.012 0.082 0.064
32 L 0.045 0.022 0.014 0.016 0.016 0.015 0.019 0.021 0.01 0.158 0.325 0.025 0.046 0.051 0.014 0.024 0.035 0.007 0.022 0.116
33 P 0.06 0.028 0.028 0.032 0.012 0.022 0.036 0.037 0.013 0.032 0.043 0.042 0.012 0.015 0.383 0.055 0.091 0.003 0.014 0.04
34 L 0.111 0.024 0.017 0.019 0.018 0.018 0.025 0.035 0.011 0.123 0.244 0.03 0.037 0.042 0.018 0.04 0.04 0.006 0.02 0.121
35 G 0.075 0.027 0.031 0.028 0.016 0.021 0.03 0.157 0.013 0.081 0.146 0.034 0.026 0.031 0.02 0.085 0.048 0.006 0.018 0.11
36 L 0.044 0.022 0.014 0.016 0.016 0.015 0.019 0.021 0.01 0.156 0.33 0.025 0.046 0.051 0.014 0.024 0.034 0.007 0.022 0.115
37 S 0.11 0.04 0.054 0.049 0.018 0.033 0.053 0.066 0.019 0.03 0.042 0.054 0.016 0.021 0.03 0.218 0.082 0.005 0.018 0.042
38 A 0.179 0.027 0.021 0.024 0.02 0.021 0.032 0.052 0.012 0.104 0.095 0.035 0.025 0.029 0.023 0.059 0.05 0.005 0.019 0.168
39 F 0.161 0.025 0.021 0.023 0.016 0.018 0.03 0.052 0.016 0.053 0.087 0.032 0.022 0.203 0.02 0.055 0.038 0.011 0.053 0.062
40 F 0.052 0.021 0.017 0.017 0.015 0.014 0.021 0.025 0.013 0.114 0.123 0.023 0.029 0.21 0.014 0.029 0.038 0.011 0.055 0.161
41 S 0.11 0.04 0.054 0.049 0.018 0.033 0.053 0.066 0.019 0.03 0.042 0.054 0.016 0.021 0.03 0.218 0.082 0.005 0.018 0.042
42 L 0.047 0.022 0.015 0.016 0.015 0.015 0.02 0.023 0.011 0.113 0.253 0.024 0.038 0.135 0.014 0.026 0.035 0.009 0.038 0.131
43 A 0.204 0.028 0.021 0.024 0.019 0.022 0.032 0.056 0.013 0.069 0.181 0.037 0.029 0.034 0.024 0.061 0.043 0.006 0.019 0.078
44 L 0.052 0.023 0.021 0.022 0.016 0.017 0.023 0.026 0.01 0.182 0.195 0.029 0.035 0.041 0.018 0.041 0.092 0.006 0.02 0.128
45 F 0.033 0.019 0.017 0.017 0.01 0.01 0.019 0.025 0.017 0.062 0.113 0.019 0.025 0.396 0.01 0.025 0.025 0.017 0.087 0.054
46 L 0.045 0.022 0.017 0.017 0.132 0.015 0.021 0.026 0.02 0.066 0.157 0.024 0.027 0.15 0.014 0.03 0.03 0.014 0.112 0.063
47 Y 0.056 0.029 0.028 0.026 0.011 0.022 0.032 0.035 0.033 0.043 0.07 0.034 0.019 0.155 0.018 0.08 0.04 0.02 0.202 0.046
48 P 0.056 0.025 0.023 0.031 0.01 0.02 0.036 0.036 0.013 0.025 0.036 0.041 0.01 0.013 0.501 0.043 0.036 0.003 0.013 0.031
49 L 0.044 0.024 0.014 0.015 0.016 0.016 0.02 0.021 0.01 0.114 0.385 0.025 0.049 0.054 0.014 0.024 0.033 0.007 0.022 0.095
50 L 0.049 0.024 0.017 0.017 0.015 0.018 0.022 0.025 0.013 0.109 0.205 0.026 0.07 0.133 0.014 0.029 0.037 0.009 0.038 0.13
51 F 0.061 0.025 0.026 0.025 0.014 0.017 0.028 0.035 0.015 0.079 0.099 0.029 0.024 0.212 0.017 0.078 0.045 0.011 0.053 0.107
52 L 0.108 0.026 0.017 0.019 0.017 0.018 0.025 0.035 0.011 0.096 0.303 0.03 0.041 0.046 0.018 0.039 0.037 0.007 0.021 0.088
53 I 0.052 0.018 0.015 0.017 0.017 0.014 0.019 0.021 0.009 0.252 0.156 0.024 0.035 0.041 0.015 0.027 0.042 0.006 0.02 0.2
54 F 0.045 0.019 0.016 0.017 0.014 0.013 0.019 0.024 0.013 0.142 0.13 0.022 0.029 0.218 0.013 0.027 0.034 0.011 0.054 0.141
55 L 0.051 0.02 0.015 0.017 0.017 0.015 0.019 0.021 0.009 0.21 0.211 0.024 0.038 0.044 0.015 0.026 0.04 0.006 0.021 0.181
56 G 0.083 0.027 0.037 0.033 0.014 0.022 0.031 0.281 0.013 0.057 0.056 0.036 0.016 0.022 0.021 0.091 0.047 0.005 0.015 0.092
57 L 0.106 0.023 0.018 0.02 0.016 0.016 0.024 0.036 0.012 0.125 0.18 0.028 0.032 0.129 0.017 0.039 0.037 0.009 0.037 0.098
58 L 0.044 0.022 0.014 0.016 0.016 0.015 0.019 0.021 0.01 0.156 0.33 0.025 0.046 0.051 0.014 0.024 0.034 0.007 0.022 0.115
59 S 0.108 0.04 0.053 0.048 0.017 0.033 0.052 0.065 0.019 0.029 0.041 0.053 0.015 0.021 0.029 0.231 0.081 0.005 0.017 0.041
60 P 0.056 0.025 0.023 0.031 0.01 0.02 0.036 0.036 0.013 0.025 0.036 0.041 0.01 0.013 0.501 0.043 0.036 0.003 0.013 0.031
61 L 0.05 0.023 0.015 0.016 0.017 0.016 0.021 0.022 0.009 0.126 0.321 0.025 0.044 0.049 0.015 0.026 0.037 0.007 0.022 0.141
62 L 0.041 0.023 0.015 0.015 0.015 0.015 0.02 0.022 0.012 0.101 0.317 0.023 0.043 0.139 0.013 0.024 0.031 0.009 0.038 0.085
63 D 0.065 0.037 0.054 0.132 0.012 0.032 0.058 0.048 0.104 0.032 0.043 0.047 0.015 0.022 0.024 0.104 0.1 0.006 0.026 0.039
64 P 0.129 0.028 0.031 0.033 0.014 0.023 0.036 0.17 0.014 0.028 0.04 0.041 0.012 0.017 0.203 0.079 0.043 0.004 0.014 0.04
65 V 0.055 0.105 0.022 0.02 0.015 0.023 0.029 0.026 0.013 0.109 0.138 0.048 0.029 0.078 0.016 0.033 0.04 0.007 0.028 0.166
66 L 0.112 0.027 0.025 0.024 0.016 0.02 0.029 0.041 0.014 0.068 0.155 0.033 0.028 0.124 0.02 0.056 0.091 0.009 0.036 0.072
67 R 0.044 0.355 0.038 0.031 0.008 0.048 0.052 0.032 0.023 0.023 0.046 0.118 0.015 0.017 0.019 0.044 0.034 0.006 0.017 0.031
68 R 0.044 0.164 0.107 0.042 0.008 0.038 0.047 0.04 0.03 0.028 0.047 0.101 0.015 0.045 0.019 0.048 0.037 0.011 0.094 0.034
69 L 0.039 0.021 0.015 0.016 0.013 0.013 0.019 0.023 0.013 0.088 0.249 0.022 0.037 0.225 0.012 0.024 0.029 0.012 0.055 0.074
70 Y 0.055 0.028 0.028 0.025 0.012 0.022 0.031 0.035 0.032 0.044 0.072 0.033 0.019 0.169 0.018 0.079 0.04 0.019 0.19 0.047
71 L 0.056 0.027 0.026 0.025 0.013 0.02 0.029 0.034 0.023 0.062 0.152 0.032 0.027 0.15 0.017 0.078 0.042 0.014 0.114 0.059
72 F 0.044 0.023 0.02 0.02 0.013 0.017 0.023 0.025 0.021 0.118 0.142 0.027 0.028 0.152 0.015 0.035 0.059 0.014 0.114 0.089
73 A 0.173 0.026 0.023 0.026 0.016 0.02 0.034 0.054 0.015 0.043 0.066 0.037 0.017 0.113 0.142 0.059 0.04 0.007 0.034 0.055
74 L 0.056 0.023 0.015 0.016 0.017 0.016 0.021 0.023 0.009 0.138 0.257 0.025 0.04 0.045 0.015 0.028 0.041 0.006 0.021 0.187
75 L 0.11 0.028 0.018 0.02 0.017 0.021 0.027 0.037 0.013 0.092 0.255 0.032 0.072 0.044 0.018 0.042 0.039 0.007 0.021 0.087
76 I 0.058 0.023 0.022 0.022 0.017 0.017 0.024 0.027 0.01 0.195 0.131 0.029 0.031 0.036 0.018 0.043 0.096 0.006 0.02 0.174
77 F 0.051 0.02 0.016 0.017 0.015 0.013 0.021 0.025 0.012 0.112 0.12 0.022 0.028 0.216 0.013 0.029 0.037 0.011 0.054 0.167
78 I 0.11 0.021 0.017 0.02 0.017 0.016 0.023 0.035 0.01 0.222 0.139 0.028 0.032 0.038 0.018 0.039 0.042 0.006 0.02 0.148
79 I 0.052 0.018 0.015 0.017 0.017 0.014 0.019 0.021 0.009 0.252 0.156 0.024 0.035 0.041 0.015 0.027 0.042 0.006 0.02 0.2
80 L 0.1 0.028 0.029 0.029 0.018 0.022 0.033 0.042 0.013 0.118 0.129 0.037 0.027 0.032 0.022 0.093 0.079 0.006 0.019 0.123
81 F 0.033 0.019 0.017 0.017 0.01 0.01 0.019 0.025 0.017 0.062 0.113 0.019 0.025 0.396 0.01 0.025 0.025 0.017 0.087 0.054
82 F 0.035 0.021 0.018 0.017 0.01 0.013 0.021 0.025 0.024 0.058 0.101 0.022 0.023 0.329 0.012 0.026 0.026 0.019 0.148 0.052
83 A 0.253 0.033 0.032 0.034 0.02 0.027 0.043 0.074 0.016 0.039 0.054 0.046 0.017 0.021 0.029 0.121 0.057 0.005 0.017 0.061
84 T 0.09 0.037 0.048 0.043 0.017 0.03 0.045 0.054 0.016 0.041 0.053 0.049 0.017 0.022 0.028 0.161 0.169 0.005 0.017 0.056
85 L 0.047 0.036 0.021 0.023 0.014 0.069 0.04 0.026 0.015 0.092 0.3 0.041 0.042 0.044 0.016 0.032 0.035 0.007 0.022 0.08
86 K 0.056 0.097 0.042 0.042 0.009 0.096 0.078 0.042 0.023 0.027 0.044 0.239 0.017 0.015 0.026 0.053 0.039 0.005 0.018 0.033
87 P 0.056 0.025 0.023 0.031 0.01 0.02 0.036 0.036 0.013 0.025 0.036 0.041 0.01 0.013 0.501 0.043 0.036 0.003 0.013 0.031
88 F 0.033 0.019 0.017 0.017 0.01 0.01 0.019 0.025 0.017 0.062 0.113 0.019 0.025 0.396 0.01 0.025 0.025 0.017 0.087 0.054
89 G 0.093 0.031 0.046 0.041 0.014 0.026 0.038 0.291 0.016 0.024 0.035 0.043 0.012 0.018 0.024 0.141 0.055 0.005 0.014 0.033
90 D 0.04 0.029 0.068 0.406 0.007 0.029 0.09 0.046 0.018 0.022 0.028 0.044 0.009 0.015 0.022 0.051 0.035 0.004 0.011 0.024
91 L 0.045 0.021 0.014 0.016 0.016 0.015 0.019 0.021 0.009 0.198 0.275 0.024 0.043 0.049 0.014 0.024 0.036 0.006 0.021 0.134
92 A 0.301 0.031 0.025 0.029 0.021 0.025 0.04 0.077 0.015 0.043 0.059 0.044 0.017 0.021 0.029 0.084 0.049 0.005 0.017 0.068
93 E 0.054 0.049 0.04 0.089 0.007 0.064 0.307 0.034 0.025 0.022 0.036 0.074 0.013 0.016 0.025 0.054 0.036 0.005 0.016 0.031
94 Y 0.04 0.028 0.021 0.018 0.009 0.021 0.028 0.025 0.046 0.043 0.067 0.031 0.018 0.129 0.015 0.031 0.028 0.028 0.328 0.046
95 L 0.047 0.026 0.016 0.017 0.016 0.02 0.023 0.023 0.012 0.129 0.286 0.029 0.094 0.05 0.015 0.028 0.036 0.007 0.022 0.103
96 N 0.058 0.043 0.19 0.062 0.011 0.034 0.05 0.058 0.111 0.024 0.035 0.051 0.013 0.022 0.022 0.103 0.051 0.005 0.026 0.029
97 V 0.063 0.021 0.016 0.018 0.018 0.015 0.022 0.023 0.008 0.192 0.138 0.025 0.032 0.037 0.016 0.03 0.046 0.006 0.02 0.253
98 Y 0.04 0.028 0.021 0.018 0.009 0.021 0.028 0.025 0.046 0.043 0.067 0.031 0.018 0.129 0.015 0.031 0.028 0.028 0.328 0.046
99 H 0.045 0.06 0.118 0.05 0.008 0.04 0.056 0.046 0.195 0.024 0.037 0.108 0.014 0.023 0.021 0.051 0.035 0.006 0.036 0.026
100 D 0.06 0.044 0.051 0.161 0.009 0.085 0.123 0.104 0.022 0.023 0.036 0.061 0.013 0.016 0.023 0.075 0.042 0.005 0.015 0.03
101 L 0.051 0.022 0.015 0.016 0.017 0.015 0.02 0.022 0.009 0.168 0.266 0.025 0.041 0.047 0.015 0.026 0.038 0.006 0.021 0.161
102 N 0.042 0.04 0.251 0.066 0.009 0.03 0.043 0.054 0.035 0.027 0.04 0.048 0.013 0.046 0.019 0.059 0.043 0.01 0.094 0.031
103 N 0.106 0.035 0.143 0.093 0.012 0.028 0.046 0.055 0.029 0.032 0.047 0.044 0.014 0.046 0.021 0.061 0.042 0.01 0.093 0.041
104 G 0.06 0.033 0.183 0.058 0.01 0.026 0.037 0.291 0.022 0.02 0.029 0.043 0.01 0.017 0.019 0.06 0.039 0.005 0.013 0.025
105 L 0.062 0.03 0.025 0.024 0.016 0.023 0.03 0.034 0.014 0.089 0.251 0.035 0.072 0.044 0.018 0.079 0.047 0.007 0.021 0.08
106 I 0.049 0.02 0.015 0.017 0.016 0.014 0.019 0.021 0.009 0.225 0.216 0.024 0.039 0.045 0.015 0.025 0.039 0.006 0.021 0.167
107 D 0.046 0.037 0.057 0.287 0.007 0.042 0.171 0.042 0.021 0.022 0.031 0.055 0.01 0.015 0.023 0.053 0.035 0.004 0.013 0.027
108 V 0.063 0.021 0.016 0.018 0.018 0.015 0.022 0.023 0.008 0.192 0.138 0.025 0.032 0.037 0.016 0.03 0.046 0.006 0.02 0.253
109 F 0.035 0.019 0.016 0.016 0.011 0.011 0.019 0.025 0.016 0.069 0.147 0.019 0.028 0.353 0.011 0.025 0.026 0.015 0.079 0.059
110 G 0.124 0.03 0.107 0.044 0.013 0.024 0.035 0.294 0.018 0.025 0.036 0.041 0.012 0.018 0.022 0.063 0.039 0.005 0.013 0.036
111 Y 0.04 0.028 0.021 0.018 0.009 0.021 0.028 0.025 0.046 0.043 0.067 0.031 0.018 0.129 0.015 0.031 0.028 0.028 0.328 0.046
112 P 0.082 0.032 0.038 0.039 0.014 0.027 0.044 0.05 0.016 0.027 0.038 0.047 0.013 0.017 0.265 0.137 0.058 0.004 0.015 0.036
113 R 0.044 0.355 0.038 0.031 0.008 0.048 0.052 0.032 0.023 0.023 0.046 0.118 0.015 0.017 0.019 0.044 0.034 0.006 0.017 0.031
114 F 0.033 0.019 0.017 0.017 0.01 0.01 0.019 0.025 0.017 0.062 0.113 0.019 0.025 0.396 0.01 0.025 0.025 0.017 0.087 0.054
115 G 0.077 0.023 0.039 0.033 0.011 0.019 0.025 0.517 0.013 0.019 0.028 0.033 0.009 0.016 0.019 0.051 0.029 0.005 0.011 0.024
116 D 0.045 0.052 0.114 0.137 0.008 0.034 0.059 0.044 0.029 0.029 0.042 0.104 0.013 0.044 0.021 0.051 0.038 0.01 0.093 0.032
117 G 0.077 0.023 0.039 0.033 0.011 0.019 0.025 0.517 0.013 0.019 0.028 0.033 0.009 0.016 0.019 0.051 0.029 0.005 0.011 0.024
118 L 0.05 0.023 0.015 0.016 0.017 0.016 0.021 0.022 0.009 0.126 0.321 0.025 0.044 0.049 0.015 0.026 0.037 0.007 0.022 0.141
119 E 0.054 0.049 0.04 0.089 0.007 0.064 0.307 0.034 0.025 0.022 0.036 0.074 0.013 0.016 0.025 0.054 0.036 0.005 0.016 0.031
120 F 0.037 0.018 0.016 0.017 0.012 0.011 0.018 0.024 0.015 0.117 0.126 0.02 0.028 0.308 0.011 0.025 0.029 0.014 0.071 0.084
121 L 0.05 0.03 0.018 0.019 0.016 0.025 0.026 0.026 0.014 0.103 0.242 0.033 0.142 0.049 0.015 0.033 0.038 0.008 0.023 0.092
122 F 0.037 0.018 0.016 0.017 0.012 0.011 0.018 0.024 0.015 0.117 0.126 0.02 0.028 0.308 0.011 0.025 0.029 0.014 0.071 0.084
123 L 0.044 0.024 0.014 0.015 0.016 0.016 0.02 0.021 0.01 0.114 0.385 0.025 0.049 0.054 0.014 0.024 0.033 0.007 0.022 0.095
124 A 0.178 0.027 0.02 0.023 0.019 0.021 0.031 0.05 0.012 0.09 0.158 0.035 0.029 0.033 0.022 0.056 0.045 0.006 0.019 0.128
125 F 0.039 0.018 0.016 0.017 0.013 0.012 0.018 0.023 0.013 0.161 0.136 0.021 0.03 0.237 0.012 0.025 0.031 0.012 0.057 0.108
126 L 0.051 0.032 0.02 0.02 0.016 0.028 0.028 0.028 0.016 0.099 0.194 0.036 0.173 0.047 0.016 0.036 0.04 0.008 0.024 0.091
127 K 0.056 0.106 0.041 0.041 0.008 0.053 0.07 0.043 0.02 0.027 0.043 0.289 0.015 0.015 0.027 0.053 0.039 0.005 0.017 0.032
128 F 0.045 0.018 0.016 0.017 0.132 0.012 0.019 0.027 0.013 0.07 0.102 0.02 0.024 0.257 0.013 0.03 0.031 0.012 0.06 0.083
129 V 0.058 0.02 0.015 0.017 0.017 0.015 0.02 0.022 0.008 0.222 0.147 0.024 0.034 0.039 0.015 0.029 0.044 0.006 0.02 0.227
130 G 0.077 0.023 0.039 0.033 0.011 0.019 0.025 0.517 0.013 0.019 0.028 0.033 0.009 0.016 0.019 0.051 0.029 0.005 0.011 0.024
131 Y 0.057 0.031 0.029 0.026 0.011 0.024 0.034 0.035 0.039 0.04 0.061 0.036 0.018 0.102 0.019 0.081 0.041 0.022 0.25 0.045
132 I 0.046 0.019 0.014 0.017 0.016 0.014 0.018 0.02 0.009 0.24 0.22 0.024 0.039 0.046 0.014 0.024 0.038 0.006 0.021 0.154
133 S 0.099 0.038 0.051 0.045 0.017 0.031 0.048 0.06 0.018 0.035 0.047 0.051 0.016 0.021 0.029 0.196 0.125 0.005 0.017 0.048
134 N 0.051 0.035 0.189 0.141 0.009 0.028 0.052 0.185 0.023 0.021 0.029 0.046 0.01 0.017 0.02 0.06 0.04 0.005 0.013 0.025
135 G 0.133 0.025 0.035 0.032 0.013 0.02 0.029 0.407 0.014 0.025 0.036 0.036 0.011 0.017 0.021 0.059 0.034 0.005 0.012 0.035
136 N 0.042 0.044 0.327 0.082 0.009 0.033 0.049 0.064 0.031 0.022 0.031 0.053 0.011 0.018 0.02 0.069 0.049 0.004 0.015 0.027
137 D 0.047 0.039 0.054 0.248 0.007 0.047 0.198 0.04 0.022 0.022 0.032 0.059 0.011 0.016 0.024 0.053 0.036 0.005 0.014 0.027
138 Q 0.055 0.067 0.043 0.057 0.008 0.186 0.153 0.039 0.028 0.025 0.044 0.086 0.018 0.015 0.024 0.055 0.04 0.006 0.019 0.034
139 A 0.147 0.024 0.02 0.022 0.018 0.018 0.028 0.044 0.013 0.092 0.098 0.031 0.024 0.12 0.02 0.05 0.043 0.008 0.036 0.144
140 L 0.039 0.021 0.015 0.016 0.013 0.013 0.019 0.023 0.013 0.088 0.249 0.022 0.037 0.225 0.012 0.024 0.029 0.012 0.055 0.074
141 L 0.044 0.024 0.014 0.015 0.016 0.016 0.02 0.021 0.01 0.114 0.385 0.025 0.049 0.054 0.014 0.024 0.033 0.007 0.022 0.095
142 L 0.056 0.023 0.015 0.016 0.017 0.016 0.021 0.023 0.009 0.138 0.257 0.025 0.04 0.045 0.015 0.028 0.041 0.006 0.021 0.187
143 A 0.253 0.033 0.032 0.034 0.02 0.027 0.043 0.074 0.016 0.039 0.054 0.046 0.017 0.021 0.029 0.121 0.057 0.005 0.017 0.061
144 T 0.075 0.032 0.038 0.035 0.017 0.025 0.037 0.043 0.014 0.104 0.084 0.042 0.023 0.028 0.025 0.11 0.159 0.006 0.018 0.089
145 Y 0.04 0.028 0.021 0.018 0.009 0.021 0.028 0.025 0.046 0.043 0.067 0.031 0.018 0.129 0.015 0.031 0.028 0.028 0.328 0.046
146 G 0.062 0.023 0.028 0.026 0.132 0.017 0.025 0.154 0.013 0.044 0.067 0.029 0.017 0.114 0.018 0.052 0.087 0.008 0.032 0.051
147 L 0.044 0.022 0.014 0.016 0.016 0.015 0.019 0.021 0.01 0.156 0.33 0.025 0.046 0.051 0.014 0.024 0.034 0.007 0.022 0.115
148 I 0.046 0.017 0.014 0.017 0.016 0.013 0.017 0.02 0.009 0.282 0.165 0.023 0.036 0.044 0.014 0.025 0.039 0.006 0.02 0.174
149 V 0.054 0.02 0.016 0.017 0.016 0.014 0.021 0.023 0.01 0.167 0.134 0.023 0.031 0.127 0.014 0.029 0.04 0.008 0.037 0.197
150 A 0.122 0.027 0.027 0.028 0.016 0.02 0.032 0.047 0.015 0.104 0.094 0.035 0.023 0.12 0.021 0.091 0.049 0.008 0.036 0.084
151 L 0.045 0.022 0.017 0.017 0.132 0.015 0.021 0.026 0.02 0.066 0.157 0.024 0.027 0.15 0.014 0.03 0.03 0.014 0.112 0.063
152 L 0.044 0.022 0.014 0.016 0.016 0.015 0.019 0.021 0.01 0.156 0.33 0.025 0.046 0.051 0.014 0.024 0.034 0.007 0.022 0.115
153 S 0.08 0.033 0.042 0.037 0.016 0.026 0.04 0.05 0.017 0.043 0.065 0.043 0.019 0.115 0.024 0.145 0.111 0.008 0.035 0.052
154 L 0.063 0.053 0.109 0.046 0.013 0.034 0.047 0.048 0.02 0.048 0.125 0.105 0.023 0.027 0.023 0.094 0.05 0.005 0.018 0.049
155 I 0.046 0.019 0.014 0.017 0.016 0.014 0.018 0.02 0.009 0.24 0.22 0.024 0.039 0.046 0.014 0.024 0.038 0.006 0.021 0.154
156 L 0.057 0.023 0.022 0.021 0.135 0.017 0.023 0.029 0.01 0.123 0.17 0.028 0.03 0.035 0.018 0.045 0.091 0.006 0.018 0.099
157 K 0.053 0.168 0.04 0.038 0.008 0.051 0.065 0.04 0.021 0.026 0.043 0.246 0.015 0.016 0.025 0.051 0.038 0.005 0.017 0.032
158 D 0.049 0.048 0.058 0.268 0.008 0.034 0.077 0.104 0.018 0.023 0.031 0.104 0.011 0.015 0.023 0.052 0.035 0.004 0.012 0.026
159 I 0.052 0.018 0.015 0.017 0.017 0.014 0.019 0.021 0.009 0.252 0.156 0.024 0.035 0.041 0.015 0.027 0.042 0.006 0.02 0.2
160 D 0.042 0.034 0.131 0.309 0.008 0.032 0.091 0.05 0.022 0.022 0.029 0.048 0.01 0.016 0.022 0.056 0.038 0.004 0.012 0.025
161 S 0.078 0.055 0.086 0.095 0.013 0.037 0.061 0.057 0.021 0.027 0.039 0.111 0.014 0.018 0.027 0.144 0.061 0.005 0.016 0.035
162 R 0.05 0.23 0.04 0.036 0.008 0.05 0.061 0.037 0.022 0.025 0.044 0.204 0.015 0.016 0.023 0.048 0.037 0.005 0.017 0.031
163 F 0.037 0.023 0.019 0.018 0.01 0.016 0.023 0.025 0.031 0.053 0.09 0.025 0.022 0.262 0.013 0.028 0.026 0.022 0.208 0.05
164 G 0.058 0.139 0.04 0.038 0.009 0.086 0.062 0.158 0.021 0.024 0.041 0.133 0.015 0.016 0.022 0.051 0.036 0.005 0.016 0.03
165 L 0.05 0.023 0.015 0.016 0.017 0.016 0.021 0.022 0.009 0.126 0.321 0.025 0.044 0.049 0.015 0.026 0.037 0.007 0.022 0.141
166 L 0.045 0.026 0.018 0.018 0.015 0.02 0.023 0.025 0.015 0.093 0.221 0.029 0.105 0.136 0.014 0.03 0.034 0.01 0.039 0.083
167 L 0.044 0.022 0.014 0.016 0.016 0.015 0.019 0.021 0.01 0.156 0.33 0.025 0.046 0.051 0.014 0.024 0.034 0.007 0.022 0.115
168 L 0.041 0.023 0.015 0.015 0.015 0.015 0.02 0.022 0.012 0.101 0.317 0.023 0.043 0.139 0.013 0.024 0.031 0.009 0.038 0.085
169 G 0.082 0.025 0.037 0.033 0.132 0.02 0.03 0.283 0.013 0.028 0.04 0.035 0.013 0.018 0.021 0.093 0.044 0.005 0.013 0.036
170 L 0.051 0.027 0.021 0.02 0.016 0.019 0.025 0.026 0.011 0.098 0.305 0.03 0.042 0.046 0.017 0.041 0.089 0.007 0.021 0.089
171 F 0.042 0.019 0.017 0.017 0.013 0.012 0.02 0.025 0.015 0.087 0.116 0.02 0.027 0.306 0.012 0.027 0.031 0.014 0.071 0.111
172 F 0.033 0.019 0.017 0.017 0.01 0.01 0.019 0.025 0.017 0.062 0.113 0.019 0.025 0.396 0.01 0.025 0.025 0.017 0.087 0.054
173 L 0.039 0.021 0.015 0.016 0.013 0.013 0.019 0.023 0.013 0.088 0.249 0.022 0.037 0.225 0.012 0.024 0.029 0.012 0.055 0.074
174 N 0.059 0.043 0.259 0.073 0.011 0.033 0.049 0.065 0.028 0.024 0.034 0.053 0.012 0.018 0.022 0.109 0.057 0.005 0.016 0.03
175 L 0.044 0.024 0.014 0.015 0.016 0.016 0.02 0.021 0.01 0.114 0.385 0.025 0.049 0.054 0.014 0.024 0.033 0.007 0.022 0.095
176 G 0.077 0.023 0.039 0.033 0.011 0.019 0.025 0.517 0.013 0.019 0.028 0.033 0.009 0.016 0.019 0.051 0.029 0.005 0.011 0.024
177 F 0.033 0.019 0.017 0.017 0.01 0.01 0.019 0.025 0.017 0.062 0.113 0.019 0.025 0.396 0.01 0.025 0.025 0.017 0.087 0.054
178 I 0.053 0.022 0.016 0.018 0.017 0.018 0.021 0.023 0.01 0.206 0.163 0.027 0.069 0.042 0.015 0.029 0.042 0.006 0.021 0.18
179 E 0.054 0.049 0.04 0.089 0.007 0.064 0.307 0.034 0.025 0.022 0.036 0.074 0.013 0.016 0.025 0.054 0.036 0.005 0.016 0.031
180 V 0.079 0.026 0.026 0.025 0.018 0.02 0.03 0.035 0.011 0.129 0.107 0.033 0.027 0.032 0.02 0.082 0.057 0.005 0.02 0.22
181 T 0.074 0.033 0.038 0.034 0.017 0.026 0.037 0.043 0.014 0.062 0.139 0.042 0.026 0.03 0.024 0.11 0.157 0.006 0.019 0.069
182 S 0.108 0.04 0.053 0.048 0.017 0.033 0.052 0.065 0.019 0.029 0.041 0.053 0.015 0.021 0.029 0.231 0.081 0.005 0.017 0.041
183 Y 0.04 0.028 0.021 0.018 0.009 0.021 0.028 0.025 0.046 0.043 0.067 0.031 0.018 0.129 0.015 0.031 0.028 0.028 0.328 0.046
184 F 0.033 0.019 0.017 0.017 0.01 0.01 0.019 0.025 0.017 0.062 0.113 0.019 0.025 0.396 0.01 0.025 0.025 0.017 0.087 0.054
185 L 0.044 0.024 0.014 0.015 0.016 0.016 0.02 0.021 0.01 0.114 0.385 0.025 0.049 0.054 0.014 0.024 0.033 0.007 0.022 0.095
186 R 0.044 0.355 0.038 0.031 0.008 0.048 0.052 0.032 0.023 0.023 0.046 0.118 0.015 0.017 0.019 0.044 0.034 0.006 0.017 0.031
187 Q 0.055 0.072 0.043 0.046 0.009 0.226 0.101 0.041 0.029 0.026 0.046 0.09 0.02 0.014 0.023 0.055 0.041 0.006 0.02 0.035
188 V 0.057 0.026 0.093 0.034 0.016 0.02 0.028 0.033 0.014 0.157 0.113 0.032 0.027 0.033 0.017 0.04 0.046 0.005 0.019 0.19
189 L 0.044 0.022 0.014 0.016 0.016 0.015 0.019 0.021 0.01 0.156 0.33 0.025 0.046 0.051 0.014 0.024 0.034 0.007 0.022 0.115
190 S 0.108 0.04 0.053 0.048 0.017 0.033 0.052 0.065 0.019 0.029 0.041 0.053 0.015 0.021 0.029 0.231 0.081 0.005 0.017 0.041
191 V 0.064 0.024 0.022 0.022 0.018 0.018 0.026 0.028 0.01 0.165 0.122 0.03 0.029 0.034 0.019 0.045 0.099 0.006 0.02 0.201
192 L 0.056 0.023 0.015 0.016 0.017 0.016 0.021 0.023 0.009 0.138 0.257 0.025 0.04 0.045 0.015 0.028 0.041 0.006 0.021 0.187
193 L 0.054 0.021 0.015 0.017 0.017 0.015 0.02 0.022 0.009 0.195 0.206 0.025 0.037 0.043 0.015 0.027 0.041 0.006 0.021 0.194
194 F 0.033 0.019 0.017 0.017 0.01 0.01 0.019 0.025 0.017 0.062 0.113 0.019 0.025 0.396 0.01 0.025 0.025 0.017 0.087 0.054
195 L 0.044 0.024 0.014 0.015 0.016 0.016 0.02 0.021 0.01 0.114 0.385 0.025 0.049 0.054 0.014 0.024 0.033 0.007 0.022 0.095
196 Y 0.04 0.032 0.098 0.034 0.009 0.024 0.033 0.034 0.042 0.038 0.058 0.036 0.017 0.101 0.017 0.04 0.033 0.022 0.25 0.041
197 A 0.221 0.03 0.032 0.033 0.018 0.025 0.038 0.186 0.015 0.035 0.049 0.042 0.015 0.02 0.027 0.094 0.048 0.005 0.016 0.054
198 I 0.052 0.018 0.015 0.017 0.017 0.014 0.019 0.021 0.009 0.252 0.156 0.024 0.035 0.041 0.015 0.027 0.042 0.006 0.02 0.2
199 N 0.043 0.053 0.178 0.055 0.009 0.032 0.046 0.049 0.025 0.033 0.054 0.103 0.016 0.112 0.019 0.054 0.04 0.008 0.034 0.035
200 C 0.065 0.016 0.016 0.016 0.483 0.012 0.016 0.033 0.008 0.045 0.065 0.02 0.016 0.02 0.016 0.041 0.037 0.004 0.012 0.057
201 V 0.07 0.022 0.017 0.018 0.019 0.017 0.023 0.025 0.008 0.165 0.13 0.026 0.032 0.036 0.017 0.033 0.049 0.006 0.021 0.268
202 K 0.062 0.073 0.04 0.053 0.009 0.049 0.123 0.043 0.021 0.026 0.04 0.175 0.014 0.016 0.086 0.074 0.043 0.005 0.016 0.033
203 N 0.058 0.119 0.15 0.054 0.012 0.035 0.047 0.051 0.023 0.031 0.044 0.067 0.015 0.019 0.023 0.088 0.101 0.005 0.017 0.04
204 R 0.067 0.196 0.043 0.037 0.013 0.039 0.048 0.043 0.02 0.032 0.049 0.084 0.016 0.02 0.024 0.103 0.102 0.006 0.017 0.043
205 F 0.042 0.125 0.028 0.026 0.01 0.031 0.04 0.031 0.019 0.046 0.092 0.111 0.021 0.189 0.017 0.037 0.031 0.011 0.049 0.045
206 K 0.06 0.068 0.037 0.035 0.071 0.039 0.052 0.041 0.06 0.04 0.087 0.162 0.02 0.023 0.023 0.068 0.042 0.006 0.022 0.043
207 R 0.05 0.23 0.04 0.036 0.008 0.05 0.061 0.037 0.022 0.025 0.044 0.204 0.015 0.016 0.023 0.048 0.037 0.005 0.017 0.031
208 W 0.032 0.024 0.017 0.016 0.008 0.017 0.024 0.029 0.023 0.033 0.056 0.024 0.016 0.077 0.009 0.024 0.024 0.382 0.132 0.034
209 V 0.057 0.021 0.015 0.017 0.017 0.015 0.021 0.022 0.009 0.18 0.202 0.025 0.037 0.042 0.015 0.028 0.042 0.006 0.021 0.207
210 L 0.04 0.024 0.017 0.016 0.013 0.016 0.022 0.023 0.021 0.083 0.237 0.025 0.035 0.158 0.013 0.026 0.03 0.015 0.115 0.072
211 F 0.033 0.019 0.017 0.017 0.01 0.01 0.019 0.025 0.017 0.062 0.113 0.019 0.025 0.396 0.01 0.025 0.025 0.017 0.087 0.054
212 L 0.048 0.02 0.015 0.016 0.134 0.014 0.018 0.024 0.01 0.132 0.216 0.022 0.035 0.086 0.014 0.028 0.034 0.007 0.027 0.1
213 L 0.051 0.022 0.015 0.016 0.017 0.015 0.02 0.022 0.009 0.168 0.266 0.025 0.041 0.047 0.015 0.026 0.038 0.006 0.021 0.161
214 S 0.156 0.037 0.046 0.043 0.018 0.031 0.049 0.068 0.018 0.033 0.046 0.051 0.016 0.021 0.029 0.195 0.073 0.005 0.017 0.048
215 F 0.051 0.02 0.016 0.017 0.015 0.013 0.021 0.025 0.012 0.112 0.12 0.022 0.028 0.216 0.013 0.029 0.037 0.011 0.054 0.167
216 F 0.047 0.026 0.024 0.023 0.014 0.019 0.026 0.03 0.016 0.069 0.121 0.029 0.061 0.216 0.016 0.044 0.087 0.012 0.054 0.067
217 F 0.052 0.024 0.026 0.025 0.012 0.016 0.027 0.035 0.017 0.054 0.095 0.027 0.023 0.302 0.015 0.077 0.039 0.014 0.07 0.051
218 H 0.041 0.045 0.053 0.038 0.007 0.038 0.053 0.038 0.365 0.023 0.038 0.045 0.015 0.03 0.019 0.041 0.026 0.007 0.056 0.023
219 I 0.053 0.021 0.016 0.018 0.017 0.017 0.021 0.023 0.01 0.215 0.162 0.026 0.062 0.042 0.015 0.029 0.042 0.006 0.021 0.184
220 S 0.108 0.04 0.053 0.048 0.017 0.033 0.052 0.065 0.019 0.029 0.041 0.053 0.015 0.021 0.029 0.231 0.081 0.005 0.017 0.041
221 A 0.301 0.031 0.025 0.029 0.021 0.025 0.04 0.077 0.015 0.043 0.059 0.044 0.017 0.021 0.029 0.084 0.049 0.005 0.017 0.068
222 V 0.121 0.023 0.018 0.02 0.019 0.018 0.026 0.037 0.01 0.162 0.12 0.03 0.029 0.034 0.019 0.043 0.046 0.005 0.02 0.2
223 V 0.058 0.02 0.015 0.017 0.017 0.015 0.02 0.022 0.008 0.222 0.147 0.024 0.034 0.039 0.015 0.029 0.044 0.006 0.02 0.227
224 N 0.042 0.044 0.327 0.082 0.009 0.033 0.049 0.064 0.031 0.022 0.031 0.053 0.011 0.018 0.02 0.069 0.049 0.004 0.015 0.027
225 I 0.052 0.018 0.015 0.017 0.017 0.014 0.019 0.021 0.009 0.252 0.156 0.024 0.035 0.041 0.015 0.027 0.042 0.006 0.02 0.2
226 G 0.056 0.02 0.021 0.021 0.014 0.015 0.021 0.147 0.012 0.131 0.109 0.025 0.025 0.123 0.015 0.033 0.036 0.008 0.035 0.133
227 I 0.052 0.018 0.015 0.017 0.017 0.014 0.019 0.021 0.009 0.252 0.156 0.024 0.035 0.041 0.015 0.027 0.042 0.006 0.02 0.2
228 Y 0.04 0.028 0.021 0.018 0.009 0.021 0.028 0.025 0.046 0.043 0.067 0.031 0.018 0.129 0.015 0.031 0.028 0.028 0.328 0.046
229 L 0.109 0.024 0.017 0.019 0.017 0.018 0.024 0.035 0.011 0.138 0.248 0.029 0.038 0.043 0.018 0.039 0.039 0.006 0.02 0.108
230 L 0.083 0.024 0.02 0.021 0.016 0.017 0.025 0.033 0.012 0.096 0.172 0.028 0.031 0.127 0.017 0.042 0.065 0.009 0.037 0.124
231 Y 0.17 0.029 0.023 0.024 0.015 0.023 0.034 0.051 0.03 0.043 0.063 0.037 0.018 0.075 0.022 0.057 0.038 0.016 0.173 0.057
232 L 0.048 0.046 0.022 0.023 0.013 0.027 0.034 0.029 0.015 0.082 0.217 0.093 0.069 0.085 0.017 0.034 0.035 0.008 0.029 0.073
233 L 0.052 0.025 0.021 0.021 0.016 0.018 0.024 0.026 0.011 0.14 0.25 0.029 0.038 0.044 0.017 0.041 0.091 0.006 0.02 0.108
234 L 0.047 0.026 0.024 0.022 0.013 0.019 0.026 0.028 0.022 0.068 0.157 0.03 0.028 0.151 0.017 0.043 0.086 0.014 0.114 0.066
235 G 0.064 0.126 0.039 0.034 0.009 0.034 0.043 0.277 0.017 0.022 0.036 0.118 0.012 0.016 0.021 0.049 0.033 0.005 0.014 0.028
236 K 0.065 0.07 0.051 0.134 0.01 0.042 0.07 0.049 0.02 0.026 0.038 0.169 0.014 0.016 0.026 0.097 0.048 0.005 0.016 0.032
237 K 0.056 0.101 0.041 0.042 0.008 0.074 0.074 0.042 0.021 0.027 0.043 0.264 0.016 0.015 0.027 0.053 0.039 0.005 0.017 0.033
238 K 0.054 0.083 0.034 0.035 0.01 0.043 0.057 0.037 0.017 0.091 0.073 0.222 0.021 0.022 0.024 0.046 0.039 0.005 0.018 0.068
239 V 0.049 0.024 0.03 0.115 0.013 0.02 0.04 0.029 0.02 0.127 0.097 0.031 0.024 0.056 0.017 0.035 0.038 0.011 0.095 0.131
240 S 0.089 0.04 0.12 0.056 0.015 0.032 0.05 0.064 0.022 0.027 0.038 0.053 0.014 0.019 0.051 0.181 0.071 0.005 0.017 0.037
241 F 0.045 0.023 0.017 0.017 0.013 0.016 0.023 0.025 0.021 0.085 0.132 0.025 0.027 0.154 0.013 0.028 0.032 0.076 0.12 0.111
242 P 0.12 0.037 0.027 0.031 0.015 0.072 0.05 0.044 0.016 0.064 0.067 0.05 0.02 0.021 0.142 0.054 0.044 0.005 0.018 0.103
243 V 0.054 0.125 0.027 0.027 0.013 0.032 0.04 0.03 0.015 0.124 0.096 0.114 0.024 0.028 0.019 0.038 0.04 0.006 0.019 0.129
244 I 0.047 0.018 0.015 0.018 0.016 0.013 0.018 0.021 0.009 0.27 0.168 0.024 0.037 0.044 0.015 0.025 0.04 0.006 0.021 0.177
245 I 0.047 0.018 0.015 0.018 0.016 0.013 0.018 0.021 0.009 0.27 0.168 0.024 0.037 0.044 0.015 0.025 0.04 0.006 0.021 0.177
246 K 0.057 0.107 0.042 0.042 0.009 0.054 0.071 0.043 0.021 0.028 0.043 0.277 0.016 0.016 0.028 0.054 0.04 0.005 0.017 0.033
247 A 0.289 0.031 0.026 0.03 0.022 0.026 0.041 0.078 0.015 0.043 0.059 0.045 0.018 0.022 0.03 0.085 0.05 0.005 0.018 0.069
248 L 0.045 0.024 0.014 0.015 0.016 0.016 0.02 0.021 0.01 0.116 0.375 0.025 0.05 0.055 0.014 0.024 0.033 0.007 0.022 0.096
249 V 0.058 0.02 0.015 0.017 0.017 0.015 0.02 0.022 0.008 0.222 0.147 0.024 0.034 0.039 0.015 0.029 0.044 0.006 0.02 0.227
250 I 0.047 0.018 0.015 0.018 0.016 0.013 0.018 0.021 0.009 0.269 0.168 0.024 0.037 0.044 0.015 0.025 0.04 0.006 0.021 0.177
251 L 0.067 0.023 0.016 0.017 0.017 0.016 0.022 0.026 0.01 0.126 0.219 0.025 0.036 0.087 0.015 0.031 0.04 0.007 0.029 0.172
252 F 0.036 0.02 0.016 0.016 0.012 0.012 0.019 0.024 0.015 0.075 0.181 0.02 0.031 0.31 0.011 0.025 0.027 0.014 0.071 0.064
253 S 0.14 0.033 0.036 0.035 0.018 0.027 0.041 0.057 0.016 0.054 0.131 0.044 0.024 0.029 0.025 0.143 0.061 0.006 0.018 0.061
254 F 0.039 0.02 0.015 0.016 0.013 0.012 0.019 0.023 0.013 0.13 0.194 0.021 0.034 0.222 0.012 0.025 0.031 0.012 0.054 0.094
255 L 0.066 0.027 0.027 0.027 0.016 0.021 0.03 0.036 0.013 0.141 0.197 0.034 0.034 0.039 0.019 0.093 0.051 0.006 0.02 0.104
256 L 0.15 0.027 0.023 0.025 0.018 0.021 0.031 0.048 0.012 0.113 0.163 0.035 0.029 0.034 0.022 0.073 0.047 0.006 0.019 0.103
257 G 0.133 0.025 0.035 0.032 0.013 0.02 0.029 0.407 0.014 0.025 0.036 0.036 0.011 0.017 0.021 0.059 0.034 0.005 0.012 0.035
258 L 0.145 0.028 0.023 0.024 0.018 0.022 0.03 0.046 0.013 0.099 0.171 0.036 0.047 0.036 0.022 0.056 0.069 0.006 0.02 0.091
259 L 0.052 0.026 0.019 0.019 0.016 0.018 0.024 0.026 0.011 0.112 0.331 0.028 0.044 0.049 0.016 0.05 0.039 0.007 0.021 0.092
260 V 0.054 0.02 0.016 0.017 0.016 0.014 0.021 0.023 0.01 0.167 0.134 0.023 0.031 0.127 0.014 0.029 0.04 0.008 0.037 0.197
261 V 0.056 0.021 0.016 0.017 0.016 0.014 0.021 0.024 0.011 0.126 0.14 0.023 0.03 0.156 0.014 0.029 0.04 0.009 0.043 0.191
262 F 0.033 0.019 0.017 0.017 0.01 0.01 0.019 0.025 0.017 0.063 0.113 0.019 0.025 0.395 0.01 0.025 0.025 0.017 0.088 0.054
263 G 0.056 0.021 0.028 0.025 0.011 0.015 0.022 0.27 0.015 0.041 0.071 0.026 0.017 0.204 0.015 0.038 0.027 0.011 0.049 0.039
264 L 0.057 0.023 0.015 0.016 0.018 0.016 0.022 0.023 0.009 0.139 0.255 0.025 0.04 0.045 0.015 0.028 0.041 0.006 0.021 0.186
265 L 0.05 0.023 0.015 0.016 0.017 0.016 0.021 0.022 0.009 0.126 0.321 0.025 0.044 0.049 0.015 0.026 0.037 0.007 0.022 0.141
266 Y 0.038 0.025 0.02 0.018 0.009 0.019 0.025 0.025 0.039 0.048 0.079 0.028 0.02 0.196 0.014 0.029 0.027 0.025 0.268 0.048
267 L 0.047 0.027 0.093 0.033 0.014 0.019 0.028 0.034 0.016 0.09 0.164 0.031 0.029 0.126 0.015 0.038 0.039 0.008 0.036 0.114
268 T 0.09 0.037 0.048 0.043 0.017 0.03 0.045 0.054 0.016 0.041 0.053 0.049 0.017 0.022 0.028 0.161 0.169 0.005 0.017 0.056
269 P 0.056 0.025 0.023 0.031 0.01 0.02 0.036 0.036 0.013 0.025 0.036 0.041 0.01 0.013 0.501 0.043 0.036 0.003 0.013 0.031
270 L 0.051 0.022 0.015 0.016 0.017 0.015 0.02 0.022 0.009 0.168 0.266 0.025 0.041 0.047 0.015 0.026 0.038 0.006 0.021 0.161
271 Y 0.048 0.024 0.025 0.022 0.01 0.018 0.025 0.148 0.03 0.042 0.069 0.028 0.018 0.167 0.015 0.034 0.027 0.019 0.188 0.043
272 D 0.061 0.051 0.058 0.225 0.01 0.036 0.075 0.05 0.019 0.025 0.035 0.108 0.012 0.016 0.025 0.097 0.047 0.004 0.014 0.03
273 L 0.048 0.02 0.015 0.017 0.015 0.014 0.02 0.023 0.011 0.155 0.198 0.023 0.035 0.132 0.014 0.027 0.036 0.009 0.038 0.151
274 L 0.05 0.023 0.015 0.016 0.017 0.016 0.02 0.022 0.009 0.147 0.293 0.025 0.043 0.048 0.015 0.026 0.038 0.006 0.021 0.151
275 L 0.047 0.022 0.015 0.016 0.015 0.015 0.02 0.023 0.011 0.113 0.253 0.024 0.038 0.135 0.014 0.026 0.035 0.009 0.038 0.131
276 D 0.069 0.044 0.052 0.134 0.013 0.079 0.07 0.049 0.02 0.032 0.045 0.058 0.016 0.018 0.025 0.107 0.103 0.005 0.017 0.042
277 K 0.054 0.133 0.041 0.04 0.008 0.074 0.071 0.041 0.022 0.027 0.043 0.243 0.016 0.015 0.026 0.052 0.039 0.005 0.017 0.032
278 F 0.043 0.023 0.023 0.022 0.012 0.015 0.024 0.029 0.016 0.06 0.1 0.025 0.024 0.303 0.015 0.042 0.083 0.014 0.07 0.058
279 L 0.067 0.031 0.031 0.029 0.017 0.023 0.033 0.038 0.013 0.077 0.219 0.037 0.033 0.038 0.021 0.093 0.101 0.006 0.02 0.075
280 D 0.075 0.038 0.125 0.146 0.013 0.032 0.06 0.06 0.022 0.026 0.035 0.051 0.013 0.018 0.025 0.146 0.061 0.005 0.015 0.033
281 V 0.069 0.022 0.016 0.018 0.019 0.016 0.023 0.024 0.008 0.162 0.128 0.026 0.031 0.035 0.016 0.032 0.049 0.005 0.02 0.28
282 S 0.093 0.034 0.044 0.04 0.017 0.028 0.043 0.054 0.016 0.092 0.072 0.046 0.021 0.026 0.026 0.18 0.07 0.005 0.018 0.074
283 G 0.086 0.039 0.046 0.057 0.013 0.039 0.123 0.146 0.02 0.025 0.037 0.056 0.013 0.018 0.026 0.142 0.057 0.005 0.016 0.035
284 N 0.042 0.044 0.327 0.082 0.009 0.033 0.049 0.064 0.031 0.022 0.031 0.053 0.011 0.018 0.02 0.069 0.049 0.004 0.015 0.027
285 D 0.057 0.032 0.064 0.317 0.01 0.03 0.08 0.051 0.019 0.024 0.031 0.046 0.011 0.016 0.024 0.096 0.046 0.004 0.013 0.028
286 K 0.056 0.097 0.042 0.042 0.009 0.096 0.078 0.042 0.023 0.027 0.044 0.239 0.017 0.015 0.026 0.053 0.039 0.005 0.018 0.033
287 F 0.035 0.021 0.018 0.017 0.01 0.013 0.021 0.025 0.024 0.058 0.101 0.022 0.023 0.329 0.012 0.026 0.026 0.019 0.148 0.052
288 S 0.099 0.038 0.051 0.045 0.017 0.031 0.048 0.06 0.018 0.035 0.047 0.051 0.016 0.021 0.029 0.196 0.125 0.005 0.017 0.048
289 T 0.058 0.112 0.034 0.03 0.015 0.03 0.037 0.035 0.015 0.06 0.14 0.058 0.026 0.029 0.022 0.063 0.146 0.006 0.019 0.066
290 L 0.044 0.024 0.014 0.015 0.016 0.016 0.02 0.021 0.01 0.114 0.385 0.025 0.049 0.054 0.014 0.024 0.033 0.007 0.022 0.095
291 P 0.056 0.025 0.023 0.031 0.01 0.02 0.036 0.036 0.013 0.025 0.036 0.041 0.01 0.013 0.501 0.043 0.036 0.003 0.013 0.031
292 L 0.046 0.023 0.015 0.016 0.016 0.015 0.02 0.022 0.011 0.113 0.319 0.024 0.044 0.094 0.014 0.025 0.034 0.008 0.03 0.113
293 N 0.046 0.04 0.251 0.069 0.009 0.03 0.045 0.057 0.026 0.023 0.032 0.05 0.011 0.016 0.14 0.062 0.045 0.004 0.015 0.028
294 Y 0.04 0.028 0.021 0.018 0.009 0.021 0.028 0.025 0.046 0.043 0.067 0.031 0.018 0.129 0.015 0.031 0.028 0.028 0.328 0.046
295 I 0.055 0.019 0.015 0.017 0.017 0.014 0.02 0.022 0.008 0.237 0.152 0.024 0.034 0.04 0.015 0.028 0.043 0.006 0.02 0.214
296 I 0.048 0.021 0.016 0.018 0.016 0.017 0.02 0.022 0.01 0.236 0.173 0.026 0.07 0.045 0.015 0.027 0.039 0.006 0.021 0.153
297 I 0.053 0.022 0.016 0.018 0.017 0.018 0.021 0.023 0.01 0.206 0.163 0.027 0.069 0.042 0.015 0.029 0.042 0.006 0.021 0.18
298 T 0.072 0.035 0.043 0.037 0.018 0.027 0.039 0.043 0.014 0.053 0.064 0.045 0.019 0.023 0.027 0.091 0.258 0.006 0.018 0.07
299 L 0.063 0.029 0.029 0.027 0.017 0.021 0.03 0.033 0.011 0.101 0.162 0.035 0.03 0.034 0.021 0.059 0.149 0.006 0.019 0.123
300 V 0.127 0.024 0.018 0.02 0.02 0.018 0.027 0.038 0.01 0.132 0.111 0.03 0.028 0.032 0.02 0.045 0.049 0.005 0.02 0.227
301 N 0.042 0.044 0.327 0.082 0.009 0.033 0.049 0.064 0.031 0.022 0.031 0.053 0.011 0.018 0.02 0.069 0.049 0.004 0.015 0.027
302 L 0.045 0.021 0.014 0.016 0.016 0.015 0.019 0.021 0.009 0.198 0.275 0.024 0.043 0.049 0.014 0.024 0.036 0.006 0.021 0.134
303 L 0.053 0.02 0.016 0.016 0.134 0.014 0.019 0.026 0.011 0.096 0.172 0.022 0.03 0.126 0.014 0.03 0.036 0.008 0.035 0.121
304 I 0.043 0.018 0.015 0.017 0.015 0.012 0.018 0.021 0.011 0.227 0.152 0.022 0.033 0.132 0.013 0.025 0.036 0.009 0.037 0.144
305 I 0.046 0.017 0.014 0.017 0.016 0.013 0.017 0.02 0.009 0.282 0.165 0.023 0.036 0.044 0.014 0.025 0.039 0.006 0.02 0.174
306 L 0.05 0.02 0.015 0.016 0.135 0.014 0.018 0.024 0.009 0.138 0.25 0.023 0.038 0.043 0.015 0.028 0.035 0.006 0.019 0.105
307 F 0.049 0.107 0.023 0.021 0.013 0.026 0.03 0.027 0.016 0.087 0.12 0.05 0.061 0.124 0.015 0.034 0.037 0.009 0.037 0.114
308 L 0.106 0.023 0.018 0.02 0.016 0.016 0.024 0.036 0.012 0.125 0.18 0.028 0.032 0.129 0.017 0.039 0.037 0.009 0.037 0.098
309 G 0.06 0.107 0.033 0.03 0.013 0.027 0.033 0.153 0.015 0.094 0.076 0.055 0.02 0.025 0.02 0.053 0.09 0.006 0.016 0.075
310 R 0.041 0.239 0.031 0.026 0.009 0.036 0.041 0.03 0.021 0.036 0.069 0.086 0.019 0.142 0.016 0.038 0.032 0.009 0.041 0.039
311 K 0.053 0.085 0.034 0.034 0.01 0.044 0.057 0.037 0.018 0.049 0.128 0.223 0.024 0.025 0.024 0.046 0.038 0.006 0.018 0.048
312 G 0.069 0.109 0.036 0.032 0.013 0.028 0.036 0.159 0.016 0.088 0.07 0.057 0.019 0.024 0.02 0.088 0.046 0.005 0.016 0.067
313 G 0.087 0.038 0.046 0.055 0.013 0.037 0.109 0.171 0.019 0.025 0.037 0.054 0.013 0.018 0.026 0.142 0.057 0.005 0.015 0.034
314 K 0.053 0.06 0.107 0.047 0.011 0.082 0.06 0.042 0.022 0.074 0.067 0.114 0.02 0.022 0.021 0.051 0.043 0.005 0.018 0.08
315 C 0.053 0.115 0.026 0.024 0.13 0.029 0.035 0.031 0.023 0.051 0.066 0.082 0.018 0.048 0.018 0.039 0.035 0.011 0.094 0.072
316 D 0.049 0.035 0.126 0.233 0.01 0.03 0.067 0.05 0.02 0.03 0.038 0.047 0.012 0.018 0.023 0.066 0.094 0.004 0.014 0.036
317 N 0.043 0.112 0.125 0.118 0.01 0.031 0.05 0.042 0.021 0.087 0.068 0.06 0.018 0.023 0.019 0.048 0.04 0.005 0.016 0.064
318 F 0.045 0.021 0.016 0.016 0.014 0.013 0.02 0.024 0.013 0.1 0.185 0.022 0.033 0.22 0.013 0.027 0.033 0.011 0.054 0.121
319 V 0.056 0.035 0.103 0.054 0.013 0.033 0.102 0.039 0.019 0.093 0.078 0.047 0.021 0.026 0.021 0.053 0.071 0.005 0.018 0.115
320 K 0.065 0.07 0.039 0.037 0.011 0.04 0.055 0.044 0.026 0.032 0.048 0.165 0.016 0.045 0.025 0.092 0.047 0.011 0.095 0.038
