#Seq2Logo.py -f /work3/idamei/ssn-clusterings/clustering/2205111239/clusters/0024_104/sequences.afa -o /work3/idamei/ssn-clusterings/clustering/2205111239/clusters/0024_104/sequences.logo
#Position Specific Frequency Matrix
A R N D C Q E G H I L K M F P S T W Y V
0 M 0.049 0.03 0.019 0.019 0.015 0.026 0.026 0.026 0.015 0.094 0.184 0.034 0.214 0.045 0.015 0.034 0.038 0.007 0.023 0.086
1 L 0.044 0.022 0.016 0.017 0.014 0.016 0.021 0.023 0.013 0.132 0.193 0.024 0.063 0.162 0.013 0.027 0.034 0.01 0.042 0.114
2 N 0.043 0.045 0.318 0.083 0.009 0.034 0.049 0.065 0.031 0.022 0.031 0.054 0.011 0.018 0.02 0.07 0.049 0.004 0.016 0.027
3 L 0.042 0.022 0.013 0.015 0.015 0.015 0.019 0.02 0.009 0.136 0.381 0.023 0.045 0.05 0.013 0.023 0.032 0.006 0.021 0.1
4 Y 0.045 0.027 0.021 0.02 0.011 0.035 0.029 0.025 0.031 0.086 0.083 0.031 0.021 0.111 0.015 0.038 0.032 0.018 0.226 0.093
5 L 0.044 0.021 0.014 0.015 0.048 0.014 0.018 0.021 0.009 0.137 0.316 0.023 0.04 0.071 0.013 0.024 0.033 0.007 0.024 0.107
6 L 0.046 0.021 0.016 0.017 0.015 0.015 0.02 0.023 0.01 0.189 0.26 0.024 0.038 0.07 0.014 0.039 0.036 0.007 0.024 0.116
7 F 0.068 0.02 0.017 0.018 0.081 0.015 0.021 0.028 0.011 0.131 0.134 0.024 0.039 0.137 0.015 0.038 0.036 0.008 0.035 0.126
8 L 0.076 0.021 0.017 0.018 0.015 0.016 0.021 0.06 0.012 0.154 0.205 0.026 0.033 0.05 0.016 0.032 0.037 0.007 0.042 0.144
9 I 0.057 0.023 0.021 0.022 0.016 0.018 0.024 0.028 0.011 0.192 0.174 0.029 0.044 0.038 0.017 0.069 0.053 0.006 0.019 0.139
10 T 0.084 0.028 0.031 0.029 0.05 0.022 0.032 0.039 0.012 0.081 0.137 0.036 0.025 0.029 0.022 0.093 0.14 0.005 0.017 0.089
11 L 0.064 0.024 0.017 0.018 0.015 0.016 0.022 0.027 0.011 0.102 0.316 0.026 0.039 0.08 0.015 0.039 0.051 0.007 0.026 0.085
12 L 0.062 0.021 0.015 0.016 0.015 0.014 0.02 0.024 0.011 0.132 0.258 0.024 0.036 0.12 0.014 0.028 0.033 0.008 0.032 0.117
13 F 0.039 0.019 0.018 0.018 0.011 0.012 0.02 0.025 0.015 0.089 0.136 0.021 0.026 0.324 0.012 0.04 0.029 0.013 0.066 0.066
14 L 0.085 0.023 0.018 0.019 0.016 0.017 0.023 0.03 0.011 0.122 0.216 0.027 0.045 0.091 0.016 0.036 0.053 0.007 0.028 0.119
15 I 0.057 0.02 0.015 0.017 0.015 0.015 0.02 0.023 0.01 0.193 0.178 0.024 0.057 0.078 0.014 0.028 0.037 0.007 0.026 0.164
16 L 0.039 0.02 0.014 0.015 0.013 0.013 0.018 0.021 0.011 0.141 0.247 0.021 0.036 0.172 0.012 0.023 0.03 0.009 0.041 0.101
17 N 0.042 0.041 0.342 0.074 0.008 0.031 0.045 0.092 0.028 0.021 0.029 0.049 0.01 0.017 0.019 0.064 0.045 0.004 0.014 0.025
18 F 0.036 0.022 0.016 0.016 0.011 0.014 0.02 0.022 0.022 0.068 0.187 0.023 0.029 0.228 0.012 0.025 0.027 0.016 0.146 0.06
19 L 0.085 0.059 0.069 0.032 0.012 0.029 0.04 0.039 0.017 0.074 0.124 0.12 0.023 0.055 0.02 0.045 0.038 0.007 0.033 0.08
20 I 0.044 0.018 0.014 0.016 0.014 0.013 0.018 0.021 0.01 0.219 0.172 0.022 0.033 0.092 0.013 0.024 0.035 0.041 0.03 0.151
21 T 0.085 0.032 0.038 0.035 0.016 0.025 0.037 0.045 0.014 0.056 0.064 0.041 0.019 0.049 0.024 0.135 0.168 0.006 0.021 0.089
22 K 0.047 0.08 0.112 0.136 0.008 0.052 0.063 0.077 0.046 0.023 0.034 0.139 0.012 0.016 0.021 0.051 0.036 0.005 0.017 0.027
23 G 0.065 0.064 0.084 0.036 0.01 0.036 0.039 0.17 0.02 0.038 0.066 0.089 0.04 0.048 0.019 0.047 0.035 0.007 0.041 0.045
24 D 0.039 0.029 0.063 0.416 0.007 0.03 0.102 0.043 0.018 0.021 0.027 0.044 0.009 0.014 0.021 0.049 0.033 0.004 0.011 0.023
25 Y 0.036 0.023 0.017 0.016 0.01 0.016 0.022 0.024 0.027 0.068 0.12 0.025 0.023 0.144 0.012 0.025 0.026 0.118 0.194 0.056
26 L 0.041 0.023 0.015 0.016 0.014 0.017 0.02 0.023 0.012 0.105 0.258 0.025 0.088 0.143 0.013 0.026 0.031 0.009 0.037 0.084
27 H 0.064 0.039 0.148 0.099 0.009 0.032 0.051 0.049 0.164 0.024 0.035 0.045 0.013 0.021 0.02 0.068 0.054 0.005 0.029 0.029
28 P 0.053 0.024 0.022 0.029 0.01 0.019 0.034 0.034 0.012 0.024 0.034 0.038 0.01 0.012 0.529 0.041 0.034 0.002 0.012 0.029
29 A 0.186 0.031 0.034 0.034 0.017 0.025 0.039 0.091 0.015 0.035 0.05 0.042 0.015 0.045 0.057 0.14 0.069 0.005 0.02 0.05
30 V 0.058 0.022 0.039 0.022 0.047 0.017 0.024 0.027 0.01 0.134 0.107 0.027 0.031 0.055 0.048 0.036 0.058 0.006 0.022 0.21
31 I 0.049 0.019 0.014 0.016 0.016 0.014 0.019 0.02 0.008 0.221 0.212 0.023 0.036 0.041 0.014 0.025 0.038 0.006 0.02 0.189
32 F 0.033 0.019 0.016 0.016 0.01 0.011 0.019 0.023 0.019 0.06 0.12 0.019 0.024 0.368 0.011 0.024 0.024 0.016 0.114 0.053
33 C 0.067 0.028 0.071 0.035 0.14 0.022 0.033 0.043 0.016 0.058 0.056 0.037 0.016 0.027 0.084 0.115 0.055 0.006 0.036 0.055
34 L 0.119 0.026 0.021 0.028 0.014 0.022 0.065 0.068 0.014 0.073 0.16 0.033 0.026 0.115 0.018 0.043 0.035 0.008 0.031 0.082
35 I 0.071 0.024 0.02 0.021 0.016 0.019 0.025 0.029 0.011 0.16 0.149 0.03 0.076 0.036 0.036 0.045 0.072 0.006 0.019 0.133
36 F 0.032 0.018 0.016 0.016 0.01 0.01 0.018 0.023 0.015 0.075 0.109 0.018 0.024 0.405 0.01 0.024 0.024 0.015 0.079 0.058
37 L 0.059 0.022 0.015 0.016 0.014 0.014 0.02 0.024 0.011 0.095 0.303 0.023 0.038 0.138 0.013 0.027 0.031 0.009 0.035 0.093
38 L 0.078 0.022 0.016 0.017 0.048 0.016 0.021 0.027 0.01 0.16 0.193 0.026 0.056 0.038 0.016 0.032 0.039 0.006 0.019 0.161
39 Q 0.104 0.042 0.03 0.031 0.043 0.113 0.054 0.041 0.024 0.037 0.058 0.052 0.018 0.078 0.02 0.057 0.053 0.01 0.089 0.046
40 A 0.124 0.031 0.034 0.039 0.015 0.028 0.074 0.117 0.015 0.06 0.077 0.043 0.018 0.023 0.023 0.12 0.065 0.005 0.016 0.07
41 L 0.073 0.022 0.018 0.019 0.015 0.016 0.022 0.029 0.012 0.136 0.174 0.026 0.042 0.136 0.015 0.045 0.037 0.008 0.035 0.121
42 L 0.049 0.025 0.018 0.019 0.015 0.019 0.023 0.026 0.013 0.099 0.209 0.028 0.096 0.115 0.015 0.044 0.04 0.008 0.032 0.108
43 C 0.08 0.019 0.04 0.022 0.419 0.015 0.021 0.037 0.01 0.039 0.057 0.025 0.015 0.019 0.017 0.06 0.039 0.004 0.012 0.051
44 L 0.083 0.021 0.016 0.017 0.048 0.016 0.021 0.028 0.009 0.157 0.229 0.026 0.034 0.039 0.016 0.034 0.045 0.006 0.019 0.138
45 L 0.041 0.02 0.014 0.015 0.014 0.013 0.018 0.021 0.011 0.13 0.283 0.022 0.038 0.143 0.013 0.023 0.031 0.009 0.036 0.106
46 A 0.151 0.028 0.067 0.034 0.046 0.023 0.05 0.13 0.017 0.048 0.058 0.037 0.016 0.052 0.02 0.055 0.039 0.007 0.041 0.079
47 A 0.105 0.059 0.033 0.06 0.013 0.044 0.073 0.072 0.015 0.052 0.099 0.065 0.02 0.023 0.022 0.061 0.087 0.005 0.016 0.073
48 N 0.077 0.07 0.103 0.077 0.011 0.052 0.094 0.048 0.021 0.028 0.04 0.092 0.014 0.017 0.024 0.098 0.078 0.005 0.016 0.037
49 Y 0.074 0.038 0.027 0.029 0.011 0.029 0.062 0.033 0.052 0.057 0.069 0.073 0.03 0.067 0.019 0.043 0.049 0.015 0.172 0.053
50 L 0.041 0.025 0.019 0.017 0.012 0.018 0.023 0.023 0.026 0.068 0.187 0.027 0.04 0.127 0.014 0.03 0.045 0.016 0.179 0.063
51 A 0.122 0.049 0.078 0.092 0.011 0.037 0.074 0.113 0.042 0.026 0.039 0.068 0.013 0.02 0.022 0.063 0.038 0.038 0.02 0.036
52 L 0.046 0.019 0.014 0.016 0.015 0.014 0.018 0.02 0.009 0.22 0.25 0.023 0.038 0.044 0.014 0.024 0.036 0.006 0.02 0.156
53 E 0.061 0.06 0.039 0.076 0.012 0.053 0.148 0.037 0.018 0.053 0.054 0.057 0.017 0.02 0.023 0.083 0.099 0.005 0.016 0.07
54 F 0.036 0.02 0.015 0.016 0.012 0.012 0.018 0.023 0.014 0.09 0.192 0.02 0.042 0.287 0.011 0.024 0.027 0.012 0.059 0.07
55 H 0.04 0.041 0.136 0.046 0.008 0.033 0.047 0.042 0.271 0.04 0.041 0.043 0.014 0.026 0.018 0.045 0.032 0.006 0.04 0.031
56 N 0.043 0.045 0.317 0.083 0.009 0.034 0.049 0.065 0.032 0.022 0.032 0.054 0.011 0.018 0.02 0.07 0.049 0.004 0.016 0.027
57 L 0.075 0.026 0.024 0.026 0.014 0.026 0.04 0.096 0.012 0.083 0.155 0.034 0.031 0.029 0.114 0.054 0.046 0.005 0.017 0.094
58 E 0.071 0.042 0.054 0.061 0.009 0.044 0.202 0.1 0.02 0.031 0.061 0.072 0.014 0.018 0.054 0.05 0.035 0.005 0.015 0.041
59 T 0.068 0.031 0.037 0.033 0.017 0.024 0.035 0.038 0.012 0.063 0.068 0.04 0.02 0.023 0.024 0.079 0.267 0.005 0.017 0.098
60 V 0.053 0.02 0.015 0.016 0.015 0.015 0.02 0.022 0.011 0.148 0.169 0.023 0.031 0.092 0.014 0.027 0.038 0.008 0.049 0.212
61 L 0.043 0.02 0.017 0.017 0.013 0.014 0.019 0.07 0.013 0.158 0.203 0.023 0.032 0.129 0.013 0.026 0.031 0.009 0.054 0.098
62 I 0.053 0.018 0.014 0.016 0.016 0.014 0.019 0.021 0.008 0.241 0.149 0.023 0.032 0.038 0.014 0.026 0.041 0.005 0.019 0.23
63 L 0.044 0.02 0.014 0.015 0.015 0.014 0.018 0.02 0.009 0.193 0.264 0.023 0.038 0.069 0.013 0.024 0.035 0.007 0.024 0.142
64 L 0.074 0.025 0.024 0.023 0.015 0.018 0.026 0.033 0.012 0.09 0.189 0.03 0.029 0.109 0.018 0.062 0.094 0.008 0.031 0.09
65 I 0.083 0.024 0.025 0.025 0.016 0.019 0.028 0.051 0.011 0.152 0.141 0.031 0.028 0.033 0.019 0.092 0.049 0.005 0.018 0.152
66 G 0.133 0.03 0.038 0.035 0.016 0.025 0.037 0.179 0.015 0.038 0.047 0.041 0.015 0.02 0.024 0.142 0.084 0.005 0.015 0.061
67 L 0.052 0.03 0.022 0.022 0.07 0.05 0.033 0.029 0.02 0.066 0.173 0.035 0.063 0.076 0.016 0.048 0.035 0.01 0.088 0.063
68 L 0.076 0.023 0.02 0.02 0.015 0.016 0.024 0.03 0.012 0.125 0.201 0.027 0.031 0.111 0.016 0.05 0.061 0.008 0.031 0.103
69 I 0.054 0.021 0.018 0.019 0.016 0.016 0.022 0.025 0.009 0.217 0.152 0.026 0.043 0.037 0.016 0.045 0.058 0.006 0.019 0.18
70 F 0.032 0.018 0.016 0.016 0.01 0.01 0.018 0.024 0.016 0.06 0.114 0.018 0.024 0.42 0.01 0.024 0.024 0.015 0.081 0.052
71 T 0.089 0.032 0.039 0.035 0.016 0.025 0.037 0.077 0.014 0.043 0.057 0.041 0.017 0.046 0.025 0.115 0.207 0.006 0.02 0.057
72 L 0.068 0.022 0.02 0.02 0.015 0.016 0.023 0.06 0.011 0.146 0.192 0.027 0.031 0.089 0.016 0.048 0.053 0.007 0.027 0.11
73 F 0.044 0.019 0.015 0.016 0.014 0.013 0.019 0.022 0.011 0.16 0.129 0.022 0.04 0.195 0.013 0.026 0.034 0.01 0.045 0.153
74 S 0.07 0.038 0.146 0.052 0.013 0.03 0.045 0.054 0.044 0.031 0.041 0.048 0.014 0.02 0.024 0.147 0.119 0.005 0.018 0.04
75 F 0.051 0.02 0.016 0.016 0.012 0.013 0.02 0.025 0.015 0.086 0.179 0.022 0.029 0.218 0.012 0.027 0.029 0.044 0.072 0.094
76 L 0.037 0.021 0.015 0.016 0.024 0.014 0.02 0.023 0.018 0.115 0.16 0.023 0.027 0.133 0.012 0.024 0.028 0.109 0.104 0.077
77 N 0.065 0.031 0.114 0.041 0.044 0.024 0.035 0.045 0.022 0.054 0.06 0.039 0.017 0.084 0.02 0.101 0.078 0.009 0.068 0.05
78 R 0.071 0.116 0.048 0.036 0.01 0.057 0.065 0.07 0.057 0.039 0.071 0.078 0.018 0.029 0.02 0.066 0.038 0.007 0.049 0.054
79 S 0.082 0.076 0.034 0.032 0.013 0.03 0.042 0.042 0.018 0.068 0.071 0.099 0.031 0.055 0.022 0.113 0.052 0.007 0.043 0.071
80 K 0.05 0.098 0.03 0.029 0.011 0.047 0.045 0.032 0.017 0.093 0.103 0.145 0.022 0.052 0.02 0.048 0.053 0.006 0.03 0.068
81 R 0.067 0.102 0.05 0.04 0.012 0.042 0.04 0.035 0.019 0.074 0.1 0.069 0.021 0.06 0.019 0.057 0.054 0.008 0.056 0.073
82 R 0.051 0.146 0.058 0.049 0.009 0.069 0.057 0.038 0.044 0.036 0.054 0.145 0.028 0.019 0.021 0.06 0.039 0.005 0.019 0.051
83 S 0.11 0.04 0.054 0.049 0.018 0.033 0.052 0.066 0.019 0.03 0.042 0.054 0.016 0.021 0.03 0.22 0.082 0.005 0.018 0.042
84 K 0.049 0.131 0.12 0.07 0.009 0.038 0.053 0.043 0.021 0.03 0.041 0.139 0.013 0.016 0.053 0.061 0.056 0.005 0.015 0.036
85 K 0.054 0.055 0.099 0.077 0.01 0.039 0.107 0.042 0.02 0.049 0.049 0.131 0.015 0.019 0.023 0.068 0.065 0.005 0.016 0.057
86 T 0.057 0.082 0.056 0.042 0.012 0.062 0.086 0.037 0.018 0.072 0.074 0.058 0.025 0.023 0.022 0.076 0.114 0.005 0.017 0.061
87 N 0.06 0.059 0.136 0.042 0.012 0.025 0.034 0.042 0.019 0.087 0.125 0.043 0.023 0.06 0.018 0.062 0.043 0.006 0.023 0.082
88 L 0.091 0.029 0.062 0.032 0.015 0.022 0.032 0.096 0.018 0.07 0.136 0.036 0.024 0.041 0.019 0.077 0.045 0.008 0.054 0.095
89 F 0.098 0.03 0.024 0.034 0.014 0.028 0.083 0.038 0.017 0.068 0.104 0.039 0.051 0.14 0.019 0.045 0.037 0.009 0.04 0.082
90 S 0.142 0.055 0.044 0.042 0.016 0.036 0.054 0.064 0.018 0.033 0.047 0.108 0.016 0.02 0.029 0.145 0.063 0.005 0.017 0.046
91 G 0.051 0.048 0.084 0.08 0.009 0.035 0.075 0.108 0.088 0.026 0.039 0.093 0.013 0.029 0.021 0.052 0.056 0.007 0.052 0.031
92 N 0.043 0.045 0.315 0.083 0.009 0.034 0.05 0.065 0.032 0.023 0.032 0.054 0.011 0.018 0.02 0.07 0.05 0.005 0.016 0.027
93 L 0.045 0.043 0.016 0.017 0.015 0.017 0.021 0.022 0.011 0.173 0.272 0.03 0.05 0.047 0.014 0.026 0.035 0.006 0.021 0.119
94 K 0.09 0.059 0.039 0.09 0.011 0.049 0.061 0.046 0.018 0.03 0.043 0.136 0.014 0.016 0.129 0.057 0.055 0.004 0.015 0.038
95 T 0.073 0.035 0.043 0.037 0.018 0.028 0.039 0.043 0.014 0.053 0.065 0.045 0.02 0.024 0.028 0.092 0.249 0.006 0.018 0.071
96 D 0.071 0.046 0.086 0.11 0.011 0.035 0.095 0.043 0.019 0.066 0.084 0.087 0.019 0.023 0.022 0.051 0.04 0.005 0.017 0.07
97 N 0.073 0.039 0.093 0.045 0.056 0.05 0.079 0.042 0.019 0.071 0.067 0.063 0.018 0.047 0.02 0.077 0.051 0.006 0.02 0.064
98 K 0.058 0.069 0.059 0.063 0.043 0.042 0.066 0.039 0.017 0.05 0.082 0.107 0.019 0.021 0.034 0.075 0.059 0.005 0.016 0.075
99 R 0.051 0.092 0.084 0.036 0.011 0.034 0.04 0.039 0.043 0.054 0.08 0.068 0.018 0.081 0.051 0.073 0.056 0.007 0.036 0.047
100 K 0.074 0.074 0.077 0.058 0.011 0.04 0.104 0.043 0.02 0.044 0.055 0.123 0.028 0.02 0.029 0.078 0.043 0.005 0.016 0.057
101 L 0.049 0.048 0.062 0.027 0.013 0.02 0.028 0.031 0.014 0.084 0.212 0.036 0.029 0.059 0.08 0.048 0.038 0.006 0.022 0.095
102 K 0.06 0.084 0.1 0.044 0.01 0.052 0.055 0.045 0.023 0.028 0.042 0.156 0.015 0.026 0.023 0.088 0.058 0.007 0.049 0.034
103 Y 0.083 0.031 0.023 0.029 0.011 0.025 0.065 0.039 0.024 0.051 0.066 0.053 0.018 0.103 0.082 0.04 0.033 0.013 0.133 0.077
104 I 0.043 0.018 0.014 0.016 0.015 0.013 0.017 0.02 0.009 0.26 0.209 0.022 0.036 0.067 0.013 0.023 0.035 0.006 0.023 0.141
105 E 0.069 0.066 0.062 0.043 0.01 0.036 0.098 0.038 0.036 0.044 0.059 0.09 0.028 0.039 0.036 0.06 0.038 0.009 0.083 0.058
106 L 0.048 0.02 0.016 0.017 0.015 0.014 0.02 0.022 0.01 0.176 0.201 0.024 0.034 0.089 0.014 0.029 0.052 0.007 0.027 0.164
107 P 0.06 0.034 0.156 0.076 0.011 0.027 0.045 0.051 0.02 0.024 0.033 0.046 0.011 0.016 0.181 0.111 0.049 0.004 0.014 0.03
108 K 0.05 0.062 0.088 0.092 0.009 0.051 0.058 0.042 0.022 0.03 0.048 0.162 0.021 0.049 0.022 0.064 0.047 0.007 0.042 0.034
109 F 0.048 0.031 0.066 0.029 0.011 0.021 0.03 0.066 0.018 0.08 0.103 0.053 0.033 0.106 0.016 0.058 0.042 0.074 0.056 0.06
110 I 0.046 0.02 0.015 0.016 0.014 0.015 0.02 0.021 0.015 0.2 0.182 0.024 0.032 0.057 0.014 0.025 0.035 0.009 0.084 0.154
111 T 0.064 0.039 0.032 0.03 0.014 0.041 0.04 0.036 0.016 0.095 0.078 0.075 0.021 0.031 0.022 0.081 0.125 0.007 0.039 0.115
112 L 0.061 0.027 0.017 0.018 0.014 0.018 0.024 0.026 0.014 0.117 0.215 0.044 0.044 0.096 0.014 0.03 0.033 0.041 0.052 0.098
113 L 0.095 0.022 0.019 0.02 0.015 0.016 0.023 0.076 0.011 0.121 0.187 0.027 0.03 0.075 0.017 0.039 0.052 0.007 0.025 0.122
114 F 0.062 0.021 0.017 0.018 0.014 0.014 0.021 0.027 0.012 0.115 0.186 0.024 0.03 0.198 0.014 0.043 0.034 0.01 0.045 0.095
115 I 0.045 0.019 0.036 0.02 0.015 0.014 0.019 0.022 0.01 0.266 0.179 0.024 0.034 0.04 0.014 0.026 0.037 0.006 0.019 0.156
116 I 0.069 0.02 0.017 0.018 0.015 0.015 0.02 0.073 0.009 0.195 0.179 0.025 0.032 0.047 0.015 0.03 0.037 0.006 0.02 0.159
117 L 0.063 0.022 0.017 0.018 0.015 0.016 0.022 0.027 0.011 0.143 0.241 0.026 0.046 0.106 0.015 0.043 0.036 0.008 0.03 0.097
118 Q 0.072 0.045 0.034 0.043 0.01 0.12 0.113 0.07 0.021 0.035 0.075 0.058 0.019 0.085 0.02 0.066 0.038 0.007 0.028 0.041
119 I 0.048 0.019 0.014 0.016 0.016 0.014 0.018 0.02 0.009 0.224 0.213 0.023 0.036 0.05 0.014 0.025 0.037 0.006 0.021 0.179
120 L 0.049 0.02 0.014 0.016 0.047 0.014 0.019 0.022 0.009 0.158 0.224 0.023 0.035 0.077 0.014 0.026 0.036 0.007 0.025 0.167
121 V 0.079 0.026 0.046 0.027 0.048 0.02 0.029 0.035 0.012 0.102 0.127 0.033 0.025 0.03 0.019 0.064 0.108 0.005 0.018 0.149
122 I 0.047 0.021 0.016 0.018 0.015 0.029 0.022 0.021 0.009 0.255 0.178 0.026 0.034 0.04 0.014 0.026 0.037 0.006 0.019 0.166
123 F 0.039 0.021 0.016 0.016 0.012 0.015 0.021 0.022 0.022 0.103 0.171 0.023 0.028 0.175 0.013 0.025 0.029 0.015 0.145 0.088
124 F 0.053 0.022 0.019 0.019 0.012 0.015 0.022 0.028 0.017 0.082 0.174 0.025 0.028 0.221 0.014 0.048 0.032 0.013 0.09 0.066
125 F 0.04 0.045 0.047 0.028 0.009 0.04 0.039 0.032 0.042 0.046 0.081 0.104 0.032 0.225 0.016 0.036 0.03 0.011 0.052 0.044
126 Y 0.059 0.023 0.018 0.018 0.012 0.018 0.023 0.025 0.028 0.142 0.097 0.027 0.024 0.085 0.015 0.03 0.032 0.017 0.214 0.094
127 K 0.049 0.188 0.057 0.038 0.008 0.059 0.065 0.037 0.021 0.032 0.046 0.196 0.015 0.016 0.022 0.047 0.037 0.005 0.016 0.048
128 Y 0.037 0.049 0.023 0.019 0.009 0.021 0.028 0.024 0.061 0.04 0.066 0.034 0.018 0.148 0.014 0.03 0.026 0.022 0.289 0.042
129 L 0.044 0.023 0.015 0.019 0.015 0.017 0.039 0.021 0.01 0.15 0.321 0.026 0.04 0.045 0.014 0.025 0.033 0.006 0.02 0.116
130 G 0.056 0.079 0.077 0.04 0.042 0.081 0.055 0.103 0.019 0.033 0.052 0.091 0.028 0.018 0.021 0.056 0.086 0.005 0.016 0.041
131 D 0.07 0.085 0.069 0.201 0.009 0.091 0.074 0.045 0.021 0.024 0.036 0.062 0.013 0.015 0.022 0.072 0.04 0.004 0.015 0.031
132 L 0.044 0.02 0.014 0.015 0.015 0.014 0.019 0.021 0.01 0.134 0.272 0.022 0.037 0.117 0.013 0.024 0.033 0.008 0.032 0.135
133 S 0.15 0.032 0.037 0.035 0.017 0.026 0.04 0.057 0.016 0.043 0.057 0.042 0.017 0.072 0.025 0.179 0.06 0.006 0.025 0.064
134 A 0.112 0.028 0.073 0.06 0.014 0.022 0.036 0.078 0.015 0.1 0.081 0.037 0.02 0.05 0.021 0.093 0.062 0.006 0.02 0.072
135 A 0.288 0.027 0.022 0.026 0.02 0.022 0.035 0.063 0.013 0.061 0.068 0.038 0.019 0.023 0.025 0.07 0.046 0.005 0.017 0.112
136 Y 0.051 0.026 0.024 0.022 0.011 0.02 0.028 0.06 0.034 0.057 0.09 0.03 0.02 0.105 0.016 0.06 0.035 0.017 0.213 0.079
137 G 0.061 0.028 0.084 0.118 0.01 0.029 0.042 0.277 0.016 0.032 0.046 0.038 0.012 0.023 0.019 0.063 0.036 0.005 0.013 0.046
138 A 0.29 0.031 0.026 0.03 0.022 0.026 0.04 0.078 0.015 0.043 0.059 0.045 0.018 0.022 0.03 0.085 0.05 0.005 0.018 0.069
139 N 0.043 0.045 0.317 0.083 0.009 0.034 0.049 0.065 0.032 0.022 0.032 0.054 0.011 0.018 0.02 0.07 0.049 0.004 0.016 0.027
140 Y 0.04 0.028 0.022 0.019 0.009 0.022 0.028 0.025 0.047 0.044 0.068 0.031 0.019 0.131 0.016 0.031 0.028 0.028 0.318 0.047
141 A 0.29 0.031 0.026 0.03 0.022 0.026 0.04 0.078 0.015 0.043 0.059 0.045 0.018 0.022 0.03 0.085 0.05 0.005 0.018 0.069
142 G 0.078 0.034 0.034 0.031 0.011 0.07 0.041 0.273 0.043 0.033 0.072 0.043 0.029 0.028 0.019 0.046 0.032 0.007 0.04 0.038
143 G 0.083 0.071 0.056 0.034 0.012 0.028 0.039 0.143 0.019 0.055 0.054 0.083 0.016 0.031 0.021 0.091 0.043 0.007 0.052 0.062
144 S 0.11 0.04 0.054 0.049 0.018 0.033 0.053 0.066 0.019 0.03 0.042 0.054 0.016 0.021 0.03 0.218 0.082 0.005 0.018 0.042
145 G 0.078 0.023 0.039 0.034 0.011 0.019 0.026 0.509 0.014 0.019 0.028 0.034 0.009 0.016 0.019 0.051 0.03 0.005 0.011 0.024
146 E 0.055 0.05 0.041 0.09 0.007 0.065 0.295 0.035 0.026 0.022 0.037 0.076 0.013 0.017 0.026 0.055 0.037 0.006 0.017 0.031
147 S 0.11 0.04 0.054 0.049 0.018 0.033 0.053 0.066 0.019 0.03 0.042 0.054 0.016 0.021 0.03 0.218 0.082 0.005 0.018 0.042
148 G 0.108 0.073 0.036 0.057 0.013 0.026 0.038 0.171 0.017 0.04 0.049 0.047 0.015 0.026 0.021 0.091 0.067 0.006 0.036 0.064
149 G 0.115 0.094 0.032 0.029 0.013 0.025 0.034 0.201 0.017 0.05 0.072 0.049 0.016 0.027 0.02 0.076 0.039 0.007 0.037 0.048
150 S 0.085 0.032 0.051 0.04 0.014 0.026 0.041 0.146 0.016 0.028 0.038 0.044 0.013 0.018 0.088 0.174 0.089 0.005 0.015 0.038
151 L 0.04 0.021 0.014 0.015 0.014 0.014 0.018 0.02 0.01 0.128 0.347 0.023 0.042 0.097 0.013 0.023 0.031 0.008 0.028 0.094
152 S 0.086 0.036 0.04 0.037 0.014 0.027 0.041 0.1 0.016 0.033 0.049 0.06 0.015 0.07 0.055 0.163 0.087 0.006 0.024 0.042
153 E 0.066 0.047 0.044 0.161 0.008 0.075 0.212 0.039 0.022 0.023 0.035 0.079 0.012 0.015 0.023 0.052 0.035 0.005 0.015 0.03
154 K 0.048 0.075 0.026 0.026 0.043 0.032 0.04 0.031 0.015 0.086 0.116 0.145 0.07 0.031 0.018 0.038 0.035 0.038 0.021 0.066
155 I 0.062 0.018 0.014 0.017 0.015 0.013 0.018 0.023 0.009 0.291 0.166 0.023 0.034 0.04 0.015 0.027 0.037 0.006 0.019 0.153
156 S 0.116 0.04 0.084 0.048 0.014 0.032 0.065 0.09 0.019 0.027 0.039 0.067 0.014 0.018 0.026 0.182 0.061 0.005 0.016 0.038
157 L 0.04 0.029 0.059 0.024 0.013 0.019 0.025 0.027 0.015 0.081 0.285 0.046 0.035 0.096 0.014 0.03 0.032 0.009 0.049 0.07
158 Y 0.036 0.023 0.019 0.017 0.009 0.017 0.023 0.023 0.035 0.046 0.077 0.025 0.019 0.218 0.013 0.027 0.025 0.023 0.277 0.046
159 D 0.038 0.03 0.091 0.38 0.007 0.029 0.079 0.044 0.042 0.021 0.027 0.043 0.009 0.015 0.02 0.049 0.034 0.004 0.013 0.023
160 V 0.077 0.051 0.087 0.052 0.013 0.057 0.047 0.075 0.03 0.053 0.057 0.065 0.018 0.021 0.021 0.071 0.091 0.005 0.018 0.092
161 L 0.043 0.023 0.015 0.016 0.015 0.017 0.02 0.022 0.011 0.154 0.267 0.026 0.09 0.07 0.014 0.026 0.034 0.007 0.025 0.105
162 T 0.074 0.028 0.03 0.028 0.016 0.021 0.031 0.035 0.012 0.094 0.103 0.035 0.023 0.053 0.021 0.069 0.183 0.006 0.022 0.115
163 K 0.052 0.095 0.037 0.037 0.008 0.048 0.063 0.039 0.019 0.031 0.064 0.309 0.016 0.017 0.025 0.048 0.037 0.005 0.016 0.034
164 F 0.031 0.018 0.016 0.016 0.01 0.01 0.018 0.024 0.016 0.059 0.106 0.018 0.024 0.43 0.01 0.024 0.024 0.016 0.083 0.051
165 W 0.036 0.057 0.133 0.077 0.008 0.026 0.04 0.04 0.034 0.027 0.044 0.058 0.013 0.061 0.015 0.042 0.032 0.17 0.057 0.029
166 T 0.075 0.032 0.034 0.033 0.014 0.039 0.04 0.041 0.018 0.054 0.056 0.043 0.017 0.033 0.118 0.105 0.126 0.007 0.06 0.054
167 D 0.049 0.083 0.063 0.164 0.009 0.049 0.1 0.039 0.019 0.049 0.047 0.074 0.014 0.018 0.053 0.06 0.038 0.004 0.015 0.054
168 I 0.065 0.073 0.051 0.054 0.012 0.025 0.036 0.034 0.066 0.107 0.078 0.044 0.021 0.039 0.018 0.044 0.068 0.008 0.065 0.093
169 F 0.038 0.022 0.019 0.017 0.01 0.016 0.022 0.058 0.028 0.049 0.098 0.025 0.021 0.208 0.013 0.028 0.025 0.053 0.203 0.047
170 R 0.071 0.145 0.077 0.037 0.011 0.05 0.048 0.04 0.032 0.062 0.059 0.101 0.018 0.021 0.02 0.065 0.042 0.005 0.018 0.079
171 E 0.098 0.042 0.043 0.112 0.012 0.052 0.125 0.08 0.019 0.029 0.041 0.071 0.014 0.017 0.024 0.088 0.076 0.005 0.015 0.039
172 L 0.043 0.028 0.015 0.016 0.015 0.018 0.022 0.022 0.01 0.116 0.358 0.044 0.055 0.048 0.014 0.025 0.032 0.006 0.021 0.091
173 G 0.118 0.03 0.12 0.081 0.011 0.026 0.058 0.241 0.018 0.024 0.034 0.042 0.011 0.017 0.021 0.059 0.037 0.005 0.013 0.033
174 V 0.056 0.02 0.015 0.016 0.017 0.014 0.02 0.022 0.008 0.194 0.168 0.024 0.033 0.038 0.015 0.028 0.042 0.005 0.019 0.248
175 P 0.062 0.075 0.054 0.034 0.012 0.026 0.038 0.041 0.04 0.047 0.055 0.048 0.016 0.071 0.135 0.105 0.053 0.006 0.026 0.057
176 L 0.073 0.049 0.022 0.024 0.014 0.035 0.032 0.031 0.012 0.116 0.133 0.039 0.037 0.029 0.113 0.051 0.04 0.005 0.018 0.127
177 P 0.08 0.027 0.038 0.033 0.011 0.022 0.037 0.042 0.014 0.026 0.036 0.041 0.011 0.014 0.388 0.088 0.043 0.003 0.013 0.033
178 F 0.069 0.08 0.027 0.026 0.012 0.026 0.034 0.067 0.016 0.053 0.122 0.077 0.046 0.128 0.018 0.067 0.037 0.008 0.034 0.052
179 L 0.042 0.021 0.016 0.017 0.013 0.015 0.021 0.022 0.018 0.149 0.166 0.025 0.029 0.109 0.046 0.026 0.032 0.012 0.114 0.107
180 Y 0.043 0.027 0.022 0.019 0.011 0.021 0.027 0.025 0.057 0.058 0.091 0.03 0.021 0.094 0.015 0.033 0.046 0.02 0.259 0.081
181 R 0.059 0.195 0.08 0.039 0.01 0.037 0.047 0.043 0.022 0.026 0.043 0.093 0.014 0.024 0.021 0.105 0.062 0.006 0.038 0.034
182 I 0.063 0.024 0.061 0.026 0.014 0.018 0.026 0.03 0.04 0.178 0.127 0.029 0.027 0.046 0.016 0.035 0.037 0.008 0.064 0.131
183 L 0.051 0.022 0.023 0.021 0.012 0.015 0.021 0.186 0.012 0.065 0.205 0.026 0.028 0.121 0.015 0.035 0.045 0.008 0.031 0.059
184 N 0.051 0.047 0.203 0.088 0.009 0.036 0.087 0.051 0.024 0.041 0.04 0.085 0.013 0.018 0.021 0.084 0.046 0.004 0.015 0.037
185 P 0.072 0.024 0.022 0.024 0.014 0.019 0.028 0.032 0.013 0.11 0.114 0.033 0.028 0.033 0.177 0.053 0.055 0.006 0.038 0.104
186 L 0.042 0.021 0.016 0.017 0.013 0.014 0.02 0.023 0.011 0.138 0.225 0.024 0.033 0.116 0.045 0.028 0.047 0.04 0.034 0.092
187 T 0.117 0.026 0.027 0.026 0.08 0.02 0.03 0.041 0.011 0.099 0.082 0.034 0.021 0.026 0.021 0.072 0.124 0.005 0.017 0.122
188 L 0.057 0.081 0.034 0.059 0.044 0.073 0.067 0.036 0.017 0.05 0.11 0.055 0.022 0.036 0.02 0.075 0.073 0.006 0.019 0.065
189 A 0.209 0.028 0.028 0.029 0.049 0.023 0.035 0.089 0.013 0.05 0.058 0.039 0.017 0.021 0.056 0.103 0.049 0.005 0.016 0.086
190 F 0.085 0.023 0.023 0.022 0.012 0.016 0.024 0.129 0.017 0.067 0.118 0.028 0.022 0.165 0.016 0.051 0.033 0.011 0.08 0.058
191 G 0.161 0.029 0.035 0.036 0.047 0.025 0.054 0.196 0.015 0.03 0.042 0.041 0.013 0.018 0.024 0.115 0.055 0.005 0.014 0.043
192 Y 0.038 0.026 0.02 0.017 0.009 0.02 0.026 0.023 0.043 0.041 0.064 0.029 0.017 0.122 0.015 0.029 0.026 0.026 0.365 0.043
193 L 0.045 0.021 0.014 0.015 0.015 0.015 0.019 0.021 0.01 0.156 0.29 0.024 0.051 0.07 0.013 0.024 0.034 0.007 0.024 0.132
194 L 0.09 0.026 0.024 0.023 0.016 0.02 0.027 0.033 0.011 0.119 0.178 0.032 0.041 0.035 0.019 0.051 0.119 0.006 0.019 0.111
195 L 0.103 0.024 0.019 0.02 0.016 0.017 0.024 0.032 0.01 0.139 0.221 0.029 0.033 0.038 0.018 0.042 0.07 0.006 0.019 0.12
196 Y 0.037 0.025 0.02 0.017 0.009 0.019 0.025 0.023 0.04 0.043 0.069 0.028 0.018 0.16 0.014 0.028 0.026 0.025 0.33 0.044
197 I 0.057 0.026 0.02 0.021 0.015 0.018 0.025 0.027 0.01 0.212 0.142 0.045 0.03 0.035 0.017 0.058 0.044 0.005 0.019 0.174
198 L 0.083 0.023 0.017 0.018 0.028 0.018 0.023 0.029 0.011 0.127 0.241 0.028 0.058 0.055 0.016 0.036 0.052 0.006 0.022 0.108
199 V 0.059 0.019 0.015 0.016 0.048 0.014 0.02 0.022 0.008 0.195 0.127 0.023 0.03 0.035 0.015 0.029 0.043 0.005 0.019 0.259
200 N 0.047 0.045 0.203 0.056 0.009 0.047 0.049 0.081 0.097 0.023 0.035 0.066 0.013 0.025 0.019 0.068 0.04 0.006 0.044 0.027
201 N 0.041 0.045 0.344 0.075 0.008 0.032 0.047 0.059 0.029 0.021 0.03 0.068 0.011 0.017 0.019 0.064 0.045 0.004 0.015 0.025
202 F 0.033 0.021 0.017 0.016 0.009 0.014 0.021 0.024 0.023 0.053 0.106 0.022 0.022 0.271 0.011 0.025 0.024 0.082 0.158 0.048
203 V 0.072 0.02 0.017 0.018 0.017 0.015 0.021 0.025 0.009 0.204 0.146 0.025 0.031 0.036 0.016 0.034 0.057 0.005 0.019 0.211
204 V 0.123 0.023 0.019 0.021 0.017 0.018 0.026 0.036 0.012 0.135 0.102 0.03 0.025 0.036 0.019 0.055 0.046 0.006 0.04 0.21
205 N 0.055 0.044 0.172 0.077 0.043 0.031 0.047 0.05 0.022 0.03 0.041 0.08 0.013 0.021 0.022 0.083 0.101 0.005 0.026 0.038
206 K 0.05 0.172 0.038 0.036 0.008 0.049 0.062 0.038 0.02 0.025 0.041 0.274 0.014 0.015 0.024 0.048 0.036 0.005 0.016 0.03
207 K 0.056 0.136 0.038 0.036 0.01 0.044 0.057 0.039 0.018 0.035 0.047 0.238 0.016 0.017 0.024 0.063 0.056 0.005 0.016 0.051
208 I 0.046 0.019 0.014 0.016 0.015 0.014 0.018 0.02 0.011 0.235 0.175 0.023 0.033 0.07 0.014 0.025 0.036 0.007 0.045 0.165
209 N 0.048 0.049 0.146 0.145 0.008 0.079 0.085 0.047 0.047 0.022 0.034 0.082 0.013 0.016 0.021 0.068 0.041 0.005 0.017 0.027
210 L 0.043 0.08 0.022 0.022 0.011 0.024 0.031 0.027 0.014 0.098 0.148 0.085 0.037 0.07 0.047 0.031 0.032 0.072 0.029 0.076
211 L 0.05 0.028 0.023 0.026 0.013 0.035 0.049 0.029 0.014 0.087 0.234 0.033 0.032 0.089 0.016 0.066 0.038 0.04 0.03 0.07
212 Q 0.046 0.052 0.062 0.065 0.008 0.15 0.071 0.037 0.12 0.03 0.064 0.062 0.018 0.027 0.02 0.046 0.034 0.007 0.049 0.033
213 L 0.063 0.021 0.015 0.016 0.015 0.015 0.02 0.024 0.01 0.149 0.255 0.024 0.042 0.092 0.014 0.028 0.034 0.007 0.028 0.128
214 L 0.049 0.021 0.018 0.018 0.047 0.015 0.021 0.024 0.01 0.186 0.239 0.025 0.035 0.041 0.015 0.044 0.053 0.006 0.019 0.114
215 I 0.079 0.027 0.028 0.026 0.015 0.021 0.03 0.036 0.018 0.124 0.088 0.034 0.023 0.046 0.02 0.088 0.093 0.009 0.083 0.113
216 V 0.06 0.02 0.015 0.017 0.016 0.015 0.021 0.024 0.009 0.168 0.187 0.025 0.032 0.062 0.047 0.029 0.038 0.006 0.023 0.188
217 L 0.062 0.02 0.017 0.017 0.045 0.014 0.02 0.058 0.011 0.129 0.19 0.024 0.042 0.136 0.014 0.03 0.032 0.008 0.034 0.095
218 L 0.042 0.023 0.035 0.018 0.015 0.016 0.02 0.022 0.01 0.129 0.362 0.025 0.042 0.048 0.014 0.025 0.033 0.006 0.02 0.095
219 L 0.04 0.027 0.02 0.019 0.012 0.034 0.028 0.024 0.043 0.073 0.217 0.03 0.054 0.131 0.014 0.028 0.03 0.012 0.099 0.065
220 C 0.093 0.023 0.02 0.021 0.142 0.018 0.024 0.034 0.011 0.096 0.118 0.028 0.047 0.055 0.018 0.056 0.057 0.006 0.021 0.113
221 I 0.05 0.019 0.016 0.017 0.046 0.013 0.019 0.055 0.01 0.175 0.151 0.022 0.03 0.098 0.014 0.028 0.036 0.007 0.028 0.167
222 L 0.067 0.059 0.071 0.06 0.012 0.056 0.053 0.084 0.017 0.058 0.123 0.063 0.022 0.05 0.018 0.044 0.037 0.006 0.021 0.079
223 I 0.049 0.024 0.018 0.02 0.015 0.033 0.025 0.057 0.011 0.209 0.161 0.029 0.068 0.039 0.015 0.029 0.037 0.006 0.019 0.136
224 L 0.049 0.024 0.019 0.018 0.013 0.018 0.024 0.025 0.023 0.089 0.154 0.028 0.039 0.095 0.015 0.043 0.035 0.014 0.153 0.12
225 L 0.04 0.023 0.014 0.015 0.014 0.015 0.019 0.021 0.011 0.096 0.327 0.024 0.063 0.126 0.013 0.024 0.03 0.009 0.033 0.081
226 G 0.071 0.035 0.14 0.048 0.012 0.041 0.041 0.175 0.02 0.031 0.046 0.045 0.026 0.019 0.021 0.088 0.084 0.005 0.015 0.038
227 G 0.073 0.021 0.036 0.031 0.01 0.018 0.024 0.544 0.013 0.018 0.026 0.031 0.009 0.015 0.018 0.048 0.028 0.005 0.01 0.023
228 S 0.099 0.035 0.049 0.044 0.016 0.029 0.046 0.122 0.017 0.026 0.037 0.048 0.014 0.019 0.026 0.246 0.07 0.005 0.016 0.037
229 R 0.041 0.391 0.036 0.029 0.007 0.045 0.049 0.031 0.022 0.022 0.043 0.112 0.014 0.016 0.018 0.041 0.032 0.005 0.016 0.029
230 S 0.094 0.036 0.048 0.043 0.016 0.029 0.045 0.088 0.017 0.031 0.042 0.048 0.015 0.02 0.027 0.225 0.115 0.005 0.016 0.043
231 P 0.077 0.027 0.028 0.034 0.011 0.023 0.053 0.102 0.013 0.026 0.036 0.041 0.011 0.014 0.339 0.062 0.053 0.003 0.013 0.033
232 L 0.061 0.02 0.014 0.016 0.015 0.014 0.019 0.023 0.009 0.21 0.265 0.024 0.038 0.044 0.014 0.026 0.035 0.006 0.02 0.125
233 F 0.033 0.019 0.015 0.015 0.011 0.011 0.018 0.023 0.015 0.068 0.165 0.019 0.028 0.359 0.01 0.023 0.025 0.014 0.071 0.058
234 R 0.042 0.373 0.036 0.029 0.007 0.045 0.05 0.031 0.022 0.022 0.043 0.125 0.014 0.016 0.019 0.042 0.033 0.005 0.016 0.029
235 L 0.05 0.021 0.015 0.016 0.016 0.016 0.02 0.021 0.009 0.193 0.216 0.024 0.059 0.042 0.014 0.026 0.038 0.006 0.02 0.179
236 I 0.048 0.019 0.015 0.016 0.015 0.014 0.019 0.021 0.009 0.205 0.173 0.023 0.039 0.089 0.014 0.026 0.037 0.007 0.027 0.184
237 T 0.065 0.032 0.038 0.033 0.016 0.025 0.035 0.038 0.012 0.062 0.086 0.04 0.021 0.024 0.025 0.08 0.274 0.006 0.017 0.071
238 F 0.08 0.024 0.02 0.02 0.013 0.018 0.025 0.033 0.015 0.065 0.12 0.028 0.083 0.233 0.015 0.049 0.034 0.011 0.051 0.063
239 I 0.105 0.023 0.019 0.021 0.017 0.018 0.024 0.033 0.01 0.189 0.126 0.029 0.052 0.035 0.018 0.042 0.065 0.006 0.019 0.151
240 L 0.109 0.023 0.017 0.018 0.016 0.017 0.023 0.033 0.011 0.13 0.203 0.027 0.048 0.087 0.016 0.037 0.037 0.007 0.027 0.114
241 I 0.048 0.018 0.015 0.016 0.077 0.013 0.018 0.023 0.01 0.171 0.126 0.022 0.04 0.134 0.013 0.027 0.035 0.008 0.034 0.15
242 L 0.045 0.021 0.015 0.016 0.015 0.015 0.019 0.021 0.009 0.163 0.312 0.024 0.041 0.046 0.014 0.026 0.044 0.006 0.02 0.129
243 Y 0.038 0.023 0.018 0.017 0.01 0.016 0.022 0.024 0.024 0.07 0.123 0.025 0.023 0.17 0.013 0.029 0.043 0.081 0.17 0.058
244 Y 0.039 0.026 0.02 0.017 0.009 0.02 0.026 0.023 0.041 0.048 0.067 0.029 0.018 0.116 0.015 0.029 0.027 0.025 0.344 0.061
245 I 0.055 0.018 0.015 0.017 0.015 0.014 0.019 0.022 0.011 0.245 0.145 0.023 0.031 0.069 0.014 0.027 0.037 0.007 0.045 0.171
246 L 0.04 0.029 0.015 0.015 0.035 0.015 0.019 0.022 0.011 0.091 0.313 0.025 0.05 0.131 0.013 0.025 0.03 0.009 0.034 0.078
247 L 0.064 0.032 0.045 0.029 0.012 0.024 0.05 0.033 0.023 0.053 0.131 0.051 0.023 0.127 0.017 0.054 0.05 0.013 0.117 0.053
248 L 0.045 0.029 0.062 0.026 0.012 0.02 0.026 0.06 0.017 0.122 0.177 0.047 0.04 0.072 0.015 0.033 0.034 0.009 0.066 0.089
249 R 0.045 0.221 0.055 0.034 0.008 0.042 0.051 0.035 0.022 0.03 0.066 0.173 0.016 0.024 0.02 0.044 0.034 0.006 0.038 0.034
250 N 0.053 0.072 0.161 0.053 0.01 0.054 0.055 0.049 0.023 0.042 0.044 0.145 0.015 0.018 0.022 0.082 0.045 0.005 0.016 0.038
251 G 0.057 0.062 0.065 0.06 0.009 0.028 0.04 0.26 0.021 0.024 0.036 0.094 0.012 0.031 0.019 0.047 0.035 0.008 0.065 0.028
252 G 0.097 0.098 0.059 0.059 0.011 0.042 0.043 0.151 0.019 0.031 0.063 0.054 0.015 0.025 0.052 0.064 0.037 0.006 0.036 0.038
253 L 0.049 0.067 0.081 0.065 0.011 0.061 0.05 0.038 0.045 0.047 0.108 0.07 0.021 0.027 0.019 0.055 0.064 0.042 0.023 0.055
254 R 0.057 0.153 0.045 0.034 0.01 0.036 0.046 0.039 0.033 0.048 0.055 0.118 0.017 0.053 0.021 0.087 0.051 0.007 0.045 0.044
255 K 0.062 0.12 0.055 0.038 0.01 0.038 0.066 0.054 0.018 0.051 0.074 0.154 0.018 0.033 0.022 0.062 0.055 0.005 0.018 0.046
256 G 0.103 0.03 0.048 0.032 0.014 0.044 0.044 0.167 0.015 0.077 0.125 0.039 0.022 0.026 0.019 0.06 0.039 0.005 0.016 0.076
257 N 0.047 0.062 0.19 0.077 0.01 0.03 0.044 0.047 0.023 0.039 0.08 0.065 0.04 0.048 0.019 0.071 0.043 0.006 0.02 0.04
258 R 0.049 0.144 0.05 0.03 0.011 0.037 0.038 0.064 0.019 0.075 0.094 0.068 0.032 0.056 0.018 0.055 0.053 0.007 0.043 0.058
259 K 0.053 0.118 0.036 0.035 0.009 0.057 0.058 0.037 0.021 0.047 0.059 0.223 0.017 0.024 0.023 0.059 0.038 0.006 0.038 0.042
260 L 0.046 0.023 0.04 0.022 0.013 0.016 0.023 0.027 0.013 0.123 0.191 0.026 0.03 0.151 0.014 0.046 0.051 0.009 0.037 0.098
261 L 0.062 0.024 0.016 0.018 0.014 0.031 0.025 0.025 0.011 0.135 0.258 0.028 0.042 0.091 0.015 0.029 0.034 0.007 0.028 0.108
262 G 0.049 0.083 0.025 0.024 0.011 0.029 0.029 0.124 0.016 0.102 0.092 0.051 0.033 0.108 0.016 0.042 0.033 0.009 0.051 0.074
263 K 0.05 0.164 0.036 0.035 0.008 0.046 0.059 0.037 0.019 0.043 0.048 0.257 0.016 0.017 0.023 0.046 0.036 0.005 0.016 0.038
264 L 0.047 0.021 0.016 0.017 0.015 0.016 0.02 0.023 0.011 0.175 0.21 0.025 0.058 0.091 0.014 0.035 0.036 0.007 0.028 0.136
265 I 0.083 0.02 0.017 0.018 0.015 0.015 0.021 0.06 0.01 0.199 0.174 0.025 0.037 0.062 0.015 0.032 0.036 0.006 0.023 0.131
266 L 0.104 0.049 0.042 0.025 0.046 0.035 0.031 0.068 0.013 0.104 0.129 0.038 0.025 0.054 0.018 0.043 0.038 0.006 0.021 0.111
267 L 0.074 0.024 0.022 0.022 0.015 0.019 0.026 0.033 0.012 0.132 0.16 0.03 0.04 0.038 0.017 0.075 0.043 0.071 0.024 0.123
268 G 0.117 0.024 0.026 0.026 0.015 0.019 0.028 0.167 0.012 0.113 0.094 0.033 0.033 0.027 0.019 0.073 0.042 0.005 0.016 0.109
269 L 0.049 0.02 0.016 0.018 0.014 0.014 0.02 0.054 0.01 0.169 0.182 0.024 0.031 0.087 0.046 0.027 0.035 0.007 0.026 0.151
270 V 0.094 0.022 0.02 0.021 0.016 0.017 0.024 0.063 0.01 0.143 0.125 0.028 0.027 0.057 0.017 0.047 0.058 0.006 0.022 0.184
271 L 0.058 0.023 0.021 0.021 0.016 0.018 0.024 0.027 0.01 0.158 0.194 0.028 0.044 0.038 0.017 0.061 0.059 0.006 0.019 0.158
272 V 0.093 0.022 0.019 0.02 0.048 0.017 0.024 0.063 0.01 0.126 0.158 0.028 0.028 0.033 0.017 0.041 0.064 0.005 0.018 0.166
273 L 0.076 0.022 0.018 0.021 0.015 0.016 0.024 0.029 0.01 0.145 0.159 0.029 0.028 0.058 0.112 0.037 0.056 0.006 0.022 0.118
274 L 0.051 0.022 0.017 0.017 0.015 0.016 0.021 0.067 0.01 0.107 0.306 0.025 0.038 0.048 0.014 0.033 0.035 0.006 0.02 0.132
275 L 0.044 0.024 0.014 0.015 0.016 0.016 0.02 0.021 0.01 0.115 0.38 0.025 0.049 0.054 0.014 0.024 0.033 0.007 0.022 0.096
276 I 0.047 0.018 0.015 0.018 0.016 0.013 0.018 0.02 0.009 0.276 0.167 0.023 0.037 0.044 0.015 0.025 0.04 0.006 0.02 0.176
277 G 0.078 0.023 0.039 0.033 0.011 0.019 0.025 0.513 0.013 0.019 0.028 0.033 0.009 0.016 0.019 0.051 0.03 0.005 0.011 0.024
278 F 0.04 0.02 0.019 0.019 0.011 0.013 0.021 0.027 0.015 0.075 0.108 0.022 0.036 0.343 0.012 0.048 0.03 0.014 0.069 0.059
279 L 0.049 0.023 0.04 0.023 0.015 0.017 0.023 0.027 0.012 0.169 0.196 0.028 0.044 0.063 0.015 0.047 0.055 0.006 0.023 0.125
280 L 0.097 0.025 0.024 0.024 0.015 0.019 0.028 0.069 0.013 0.091 0.157 0.031 0.038 0.069 0.018 0.081 0.042 0.039 0.027 0.093
281 L 0.058 0.028 0.026 0.025 0.015 0.022 0.029 0.032 0.015 0.089 0.161 0.033 0.063 0.065 0.018 0.073 0.105 0.008 0.045 0.09
282 L 0.044 0.047 0.017 0.017 0.015 0.019 0.022 0.022 0.011 0.104 0.343 0.031 0.058 0.046 0.014 0.029 0.049 0.007 0.02 0.086
283 G 0.059 0.031 0.106 0.069 0.011 0.026 0.058 0.107 0.028 0.039 0.053 0.04 0.015 0.096 0.019 0.094 0.059 0.007 0.028 0.053
284 L 0.081 0.045 0.016 0.017 0.015 0.018 0.023 0.027 0.01 0.13 0.29 0.031 0.038 0.042 0.016 0.031 0.035 0.006 0.02 0.109
285 F 0.046 0.026 0.022 0.021 0.013 0.021 0.026 0.027 0.018 0.071 0.141 0.03 0.097 0.147 0.016 0.04 0.081 0.011 0.079 0.068
286 G 0.073 0.021 0.036 0.031 0.01 0.018 0.024 0.544 0.013 0.018 0.026 0.031 0.009 0.015 0.018 0.048 0.028 0.005 0.01 0.023
287 R 0.042 0.369 0.036 0.032 0.007 0.046 0.067 0.031 0.022 0.022 0.043 0.109 0.014 0.016 0.018 0.042 0.033 0.005 0.016 0.029
288 S 0.106 0.035 0.104 0.074 0.014 0.03 0.064 0.087 0.019 0.03 0.041 0.047 0.014 0.019 0.024 0.139 0.093 0.005 0.015 0.041
289 G 0.08 0.031 0.091 0.09 0.013 0.025 0.042 0.11 0.017 0.041 0.05 0.041 0.015 0.045 0.022 0.095 0.109 0.005 0.019 0.059
290 D 0.041 0.03 0.069 0.396 0.008 0.03 0.092 0.047 0.019 0.022 0.028 0.045 0.009 0.015 0.022 0.052 0.035 0.004 0.011 0.024
291 G 0.078 0.023 0.039 0.034 0.011 0.019 0.026 0.509 0.014 0.019 0.028 0.034 0.009 0.016 0.019 0.051 0.03 0.005 0.011 0.024
292 G 0.078 0.023 0.039 0.034 0.011 0.019 0.026 0.509 0.014 0.019 0.028 0.034 0.009 0.016 0.019 0.051 0.03 0.005 0.011 0.024
293 D 0.061 0.045 0.056 0.139 0.011 0.049 0.079 0.078 0.031 0.029 0.039 0.086 0.014 0.017 0.024 0.094 0.094 0.005 0.016 0.036
294 G 0.078 0.023 0.039 0.034 0.011 0.019 0.026 0.509 0.014 0.019 0.028 0.034 0.009 0.016 0.019 0.051 0.03 0.005 0.011 0.024
295 L 0.052 0.026 0.025 0.023 0.013 0.019 0.026 0.061 0.02 0.079 0.126 0.03 0.036 0.104 0.017 0.055 0.083 0.012 0.113 0.08
296 G 0.078 0.023 0.039 0.034 0.011 0.019 0.026 0.51 0.014 0.019 0.028 0.034 0.009 0.016 0.019 0.051 0.03 0.005 0.011 0.024
297 Q 0.056 0.074 0.044 0.047 0.009 0.215 0.103 0.041 0.029 0.026 0.047 0.091 0.021 0.015 0.024 0.056 0.041 0.006 0.021 0.035
298 D 0.041 0.03 0.069 0.397 0.008 0.03 0.091 0.047 0.019 0.022 0.028 0.045 0.009 0.015 0.022 0.052 0.035 0.004 0.011 0.024
299 G 0.078 0.023 0.039 0.034 0.011 0.019 0.026 0.51 0.014 0.019 0.028 0.034 0.009 0.016 0.019 0.051 0.03 0.005 0.011 0.024
300 I 0.047 0.018 0.015 0.018 0.016 0.013 0.018 0.021 0.009 0.271 0.168 0.024 0.037 0.044 0.015 0.025 0.04 0.006 0.021 0.177
301 I 0.047 0.018 0.015 0.018 0.016 0.013 0.018 0.021 0.009 0.271 0.168 0.024 0.037 0.044 0.015 0.025 0.04 0.006 0.021 0.177
302 G 0.07 0.032 0.04 0.048 0.012 0.032 0.098 0.277 0.016 0.028 0.039 0.047 0.013 0.018 0.023 0.062 0.087 0.005 0.014 0.037
303 D 0.073 0.035 0.161 0.183 0.011 0.029 0.058 0.068 0.021 0.024 0.033 0.046 0.011 0.017 0.022 0.106 0.054 0.004 0.014 0.031
304 L 0.041 0.022 0.037 0.02 0.013 0.015 0.021 0.024 0.012 0.121 0.23 0.025 0.035 0.138 0.045 0.027 0.032 0.008 0.035 0.098
305 I 0.047 0.018 0.015 0.018 0.016 0.013 0.018 0.02 0.009 0.276 0.167 0.023 0.037 0.044 0.015 0.025 0.04 0.006 0.02 0.176
306 F 0.044 0.023 0.042 0.024 0.012 0.015 0.024 0.03 0.015 0.074 0.139 0.026 0.025 0.245 0.046 0.058 0.034 0.011 0.052 0.059
307 H 0.049 0.09 0.044 0.042 0.008 0.054 0.089 0.068 0.211 0.022 0.037 0.075 0.014 0.022 0.02 0.058 0.032 0.006 0.034 0.026
308 Y 0.048 0.028 0.025 0.025 0.01 0.024 0.049 0.029 0.037 0.045 0.062 0.034 0.017 0.097 0.017 0.061 0.034 0.021 0.278 0.059
309 L 0.045 0.021 0.014 0.015 0.015 0.014 0.019 0.02 0.009 0.168 0.303 0.023 0.04 0.058 0.013 0.024 0.034 0.006 0.022 0.137
310 F 0.033 0.02 0.017 0.016 0.01 0.012 0.02 0.024 0.023 0.054 0.096 0.021 0.022 0.353 0.011 0.025 0.024 0.018 0.153 0.049
311 I 0.05 0.025 0.04 0.024 0.014 0.018 0.024 0.058 0.011 0.214 0.139 0.045 0.029 0.035 0.016 0.034 0.054 0.005 0.018 0.147
312 Y 0.038 0.026 0.02 0.017 0.009 0.02 0.026 0.023 0.043 0.041 0.064 0.029 0.017 0.122 0.015 0.029 0.026 0.026 0.365 0.043
313 I 0.06 0.021 0.018 0.019 0.016 0.016 0.022 0.025 0.009 0.197 0.169 0.026 0.032 0.05 0.016 0.036 0.079 0.006 0.021 0.161
314 G 0.073 0.021 0.036 0.031 0.01 0.018 0.024 0.544 0.013 0.018 0.026 0.031 0.009 0.015 0.018 0.048 0.028 0.005 0.01 0.023
315 A 0.323 0.028 0.025 0.028 0.019 0.023 0.037 0.102 0.014 0.039 0.053 0.041 0.016 0.02 0.027 0.077 0.045 0.005 0.016 0.061
316 P 0.053 0.024 0.022 0.029 0.01 0.019 0.034 0.034 0.012 0.024 0.034 0.038 0.01 0.012 0.529 0.041 0.034 0.002 0.012 0.029
317 L 0.043 0.022 0.014 0.015 0.015 0.015 0.019 0.02 0.009 0.146 0.352 0.024 0.047 0.048 0.013 0.023 0.033 0.006 0.02 0.116
318 Y 0.046 0.031 0.02 0.019 0.012 0.035 0.03 0.025 0.024 0.079 0.141 0.049 0.026 0.069 0.015 0.03 0.033 0.046 0.152 0.119
319 N 0.04 0.042 0.365 0.077 0.008 0.031 0.046 0.061 0.029 0.021 0.029 0.05 0.01 0.017 0.019 0.065 0.046 0.004 0.015 0.025
320 L 0.04 0.022 0.014 0.014 0.014 0.014 0.019 0.02 0.01 0.101 0.376 0.023 0.043 0.103 0.013 0.023 0.03 0.008 0.029 0.084
