#Seq2Logo.py -f /work3/idamei/ssn-clusterings/clustering/2205181126/clusters/0026_36/sequences.afa -o /work3/idamei/ssn-clusterings/clustering/2205181126/clusters/0026_36/sequences.logo
#Position Specific Frequency Matrix
A R N D C Q E G H I L K M F P S T W Y V
0 M 0.049 0.03 0.019 0.019 0.015 0.026 0.026 0.026 0.015 0.094 0.185 0.034 0.21 0.045 0.015 0.034 0.038 0.008 0.023 0.087
1 R 0.046 0.183 0.027 0.024 0.012 0.031 0.035 0.027 0.016 0.149 0.106 0.071 0.026 0.031 0.017 0.035 0.037 0.006 0.019 0.103
2 N 0.043 0.045 0.317 0.083 0.009 0.034 0.049 0.065 0.032 0.022 0.032 0.054 0.011 0.018 0.02 0.07 0.049 0.004 0.016 0.027
3 I 0.047 0.018 0.015 0.018 0.016 0.013 0.018 0.021 0.009 0.271 0.168 0.024 0.037 0.044 0.015 0.025 0.04 0.006 0.021 0.177
4 N 0.07 0.049 0.184 0.119 0.009 0.036 0.081 0.052 0.024 0.033 0.038 0.098 0.012 0.017 0.022 0.059 0.042 0.004 0.015 0.034
5 L 0.052 0.07 0.041 0.029 0.013 0.027 0.037 0.033 0.049 0.07 0.129 0.075 0.024 0.064 0.02 0.051 0.11 0.007 0.027 0.072
6 K 0.06 0.115 0.084 0.045 0.01 0.05 0.06 0.046 0.021 0.025 0.04 0.201 0.014 0.016 0.024 0.09 0.046 0.005 0.016 0.032
7 I 0.047 0.138 0.026 0.026 0.012 0.049 0.04 0.028 0.016 0.14 0.097 0.064 0.024 0.028 0.071 0.036 0.037 0.005 0.018 0.094
8 I 0.057 0.038 0.028 0.028 0.015 0.024 0.033 0.031 0.012 0.163 0.111 0.075 0.027 0.032 0.021 0.052 0.112 0.006 0.019 0.116
9 G 0.098 0.034 0.049 0.043 0.015 0.028 0.043 0.215 0.017 0.026 0.037 0.047 0.013 0.019 0.026 0.169 0.064 0.005 0.015 0.036
10 V 0.06 0.029 0.121 0.039 0.015 0.022 0.031 0.037 0.016 0.115 0.095 0.035 0.024 0.029 0.017 0.044 0.048 0.005 0.019 0.198
11 I 0.059 0.022 0.047 0.023 0.013 0.016 0.023 0.03 0.013 0.149 0.106 0.026 0.025 0.109 0.014 0.033 0.042 0.101 0.039 0.112
12 L 0.048 0.025 0.023 0.066 0.014 0.02 0.03 0.027 0.013 0.096 0.219 0.03 0.097 0.062 0.015 0.044 0.037 0.007 0.023 0.104
13 L 0.067 0.048 0.024 0.023 0.042 0.021 0.028 0.045 0.015 0.118 0.124 0.05 0.024 0.062 0.018 0.049 0.08 0.008 0.06 0.094
14 N 0.039 0.04 0.352 0.073 0.009 0.03 0.044 0.058 0.028 0.025 0.051 0.048 0.012 0.018 0.018 0.062 0.045 0.004 0.015 0.028
15 P 0.052 0.024 0.021 0.029 0.009 0.019 0.033 0.033 0.012 0.024 0.033 0.038 0.009 0.012 0.534 0.04 0.033 0.002 0.012 0.029
16 F 0.036 0.021 0.018 0.017 0.028 0.014 0.021 0.024 0.026 0.05 0.086 0.022 0.02 0.29 0.012 0.031 0.026 0.019 0.191 0.047
17 F 0.036 0.021 0.017 0.016 0.038 0.014 0.021 0.023 0.025 0.053 0.104 0.022 0.022 0.269 0.012 0.026 0.025 0.018 0.188 0.05
18 L 0.05 0.02 0.016 0.017 0.072 0.015 0.02 0.023 0.009 0.18 0.193 0.024 0.047 0.038 0.015 0.031 0.057 0.006 0.018 0.148
19 Y 0.037 0.027 0.022 0.018 0.008 0.021 0.027 0.024 0.063 0.039 0.061 0.029 0.017 0.115 0.015 0.029 0.026 0.025 0.355 0.042
20 V 0.1 0.024 0.04 0.025 0.045 0.018 0.027 0.036 0.011 0.148 0.123 0.03 0.026 0.031 0.018 0.072 0.046 0.005 0.018 0.158
21 L 0.044 0.02 0.014 0.015 0.014 0.014 0.018 0.021 0.01 0.158 0.255 0.022 0.042 0.11 0.013 0.024 0.033 0.008 0.03 0.135
22 S 0.12 0.031 0.042 0.038 0.043 0.026 0.04 0.169 0.015 0.027 0.039 0.043 0.013 0.018 0.024 0.194 0.059 0.005 0.014 0.038
23 F 0.032 0.018 0.015 0.015 0.01 0.01 0.018 0.023 0.015 0.061 0.123 0.018 0.025 0.415 0.01 0.023 0.024 0.015 0.078 0.053
24 L 0.082 0.027 0.032 0.029 0.015 0.021 0.031 0.135 0.013 0.075 0.14 0.035 0.023 0.028 0.02 0.12 0.063 0.005 0.016 0.088
25 L 0.105 0.023 0.019 0.02 0.016 0.017 0.025 0.034 0.011 0.101 0.223 0.028 0.031 0.093 0.017 0.058 0.039 0.007 0.027 0.106
26 V 0.111 0.023 0.02 0.022 0.045 0.018 0.026 0.036 0.01 0.135 0.098 0.03 0.024 0.029 0.047 0.066 0.046 0.005 0.017 0.192
27 L 0.04 0.02 0.014 0.015 0.014 0.013 0.018 0.02 0.01 0.148 0.312 0.022 0.039 0.112 0.013 0.023 0.031 0.008 0.03 0.099
28 L 0.048 0.019 0.014 0.016 0.043 0.013 0.018 0.022 0.01 0.179 0.228 0.022 0.034 0.108 0.013 0.025 0.033 0.007 0.029 0.12
29 V 0.104 0.022 0.017 0.019 0.017 0.017 0.024 0.031 0.009 0.149 0.162 0.027 0.03 0.034 0.017 0.039 0.056 0.005 0.019 0.202
30 Y 0.038 0.025 0.02 0.017 0.037 0.019 0.025 0.023 0.039 0.041 0.065 0.028 0.017 0.132 0.014 0.029 0.026 0.024 0.336 0.044
31 L 0.052 0.04 0.088 0.038 0.012 0.076 0.046 0.038 0.04 0.054 0.169 0.052 0.025 0.029 0.019 0.073 0.07 0.006 0.02 0.054
32 L 0.037 0.021 0.014 0.014 0.012 0.014 0.019 0.022 0.011 0.092 0.276 0.022 0.035 0.136 0.011 0.022 0.028 0.096 0.041 0.077
33 G 0.061 0.077 0.041 0.079 0.009 0.041 0.044 0.295 0.038 0.02 0.032 0.079 0.011 0.016 0.019 0.06 0.033 0.005 0.015 0.025
34 W 0.028 0.021 0.014 0.014 0.007 0.014 0.021 0.028 0.014 0.028 0.049 0.021 0.014 0.056 0.007 0.021 0.021 0.533 0.063 0.028
35 S 0.101 0.037 0.05 0.045 0.016 0.031 0.048 0.061 0.018 0.027 0.039 0.05 0.014 0.019 0.027 0.283 0.075 0.005 0.016 0.039
36 D 0.046 0.033 0.132 0.139 0.009 0.03 0.082 0.071 0.027 0.026 0.039 0.043 0.012 0.042 0.019 0.062 0.044 0.01 0.103 0.031
37 L 0.076 0.027 0.016 0.017 0.015 0.018 0.023 0.027 0.01 0.108 0.324 0.042 0.049 0.043 0.015 0.031 0.034 0.006 0.02 0.099
38 Y 0.035 0.022 0.018 0.016 0.009 0.016 0.022 0.023 0.032 0.047 0.08 0.024 0.02 0.248 0.012 0.026 0.025 0.022 0.256 0.046
39 P 0.052 0.024 0.021 0.028 0.009 0.019 0.033 0.033 0.012 0.024 0.033 0.038 0.009 0.012 0.535 0.04 0.033 0.002 0.012 0.028
40 K 0.067 0.052 0.056 0.109 0.009 0.037 0.102 0.041 0.018 0.027 0.04 0.133 0.013 0.037 0.086 0.063 0.052 0.005 0.018 0.033
41 L 0.041 0.021 0.013 0.014 0.015 0.014 0.018 0.019 0.009 0.143 0.382 0.023 0.044 0.049 0.013 0.022 0.032 0.006 0.02 0.101
42 S 0.078 0.043 0.056 0.06 0.013 0.031 0.055 0.131 0.017 0.027 0.038 0.091 0.013 0.018 0.024 0.163 0.084 0.005 0.015 0.036
43 L 0.114 0.023 0.021 0.021 0.015 0.017 0.025 0.09 0.011 0.11 0.141 0.029 0.025 0.054 0.018 0.044 0.065 0.043 0.024 0.111
44 S 0.069 0.033 0.106 0.047 0.011 0.028 0.071 0.1 0.019 0.032 0.042 0.044 0.013 0.036 0.084 0.114 0.047 0.033 0.026 0.047
45 L 0.052 0.024 0.02 0.019 0.016 0.017 0.023 0.025 0.01 0.105 0.296 0.028 0.037 0.041 0.016 0.047 0.079 0.006 0.019 0.12
46 L 0.047 0.02 0.017 0.017 0.014 0.015 0.02 0.05 0.01 0.184 0.203 0.024 0.047 0.051 0.014 0.029 0.049 0.034 0.023 0.133
47 L 0.057 0.021 0.017 0.017 0.015 0.015 0.02 0.051 0.011 0.155 0.253 0.025 0.035 0.051 0.015 0.03 0.048 0.007 0.032 0.125
48 F 0.031 0.017 0.016 0.016 0.01 0.01 0.017 0.023 0.016 0.058 0.105 0.017 0.023 0.438 0.01 0.023 0.023 0.016 0.081 0.05
49 L 0.038 0.02 0.014 0.015 0.013 0.013 0.018 0.021 0.011 0.103 0.311 0.021 0.038 0.172 0.012 0.023 0.029 0.009 0.04 0.08
50 V 0.053 0.02 0.019 0.019 0.041 0.014 0.02 0.079 0.01 0.149 0.146 0.024 0.028 0.09 0.015 0.038 0.048 0.007 0.026 0.153
51 L 0.079 0.023 0.024 0.023 0.068 0.017 0.026 0.044 0.012 0.094 0.146 0.029 0.025 0.116 0.017 0.091 0.042 0.007 0.031 0.084
52 T 0.075 0.034 0.042 0.037 0.016 0.027 0.039 0.045 0.014 0.044 0.055 0.044 0.017 0.021 0.026 0.132 0.253 0.005 0.016 0.059
53 F 0.037 0.018 0.015 0.016 0.012 0.012 0.018 0.022 0.013 0.162 0.131 0.021 0.049 0.25 0.012 0.024 0.03 0.011 0.052 0.095
54 L 0.081 0.021 0.017 0.018 0.016 0.016 0.022 0.037 0.01 0.166 0.227 0.026 0.034 0.046 0.016 0.044 0.038 0.006 0.02 0.139
55 I 0.05 0.019 0.017 0.018 0.015 0.014 0.019 0.05 0.009 0.231 0.189 0.024 0.033 0.039 0.015 0.039 0.038 0.006 0.019 0.156
56 S 0.174 0.034 0.058 0.04 0.017 0.028 0.044 0.063 0.017 0.032 0.044 0.046 0.015 0.019 0.027 0.197 0.077 0.005 0.016 0.047
57 L 0.06 0.02 0.018 0.018 0.013 0.014 0.02 0.08 0.011 0.126 0.193 0.024 0.03 0.146 0.014 0.032 0.045 0.008 0.035 0.09
58 F 0.077 0.021 0.016 0.017 0.013 0.015 0.021 0.037 0.015 0.103 0.168 0.024 0.028 0.172 0.014 0.031 0.032 0.011 0.076 0.108
59 L 0.042 0.021 0.014 0.015 0.015 0.015 0.019 0.02 0.01 0.157 0.317 0.024 0.061 0.068 0.013 0.024 0.032 0.007 0.023 0.104
60 G 0.092 0.022 0.035 0.031 0.011 0.018 0.025 0.5 0.013 0.019 0.028 0.032 0.009 0.015 0.018 0.058 0.03 0.005 0.011 0.026
61 L 0.061 0.115 0.023 0.022 0.012 0.024 0.03 0.029 0.016 0.106 0.133 0.062 0.025 0.106 0.016 0.046 0.035 0.008 0.048 0.084
62 I 0.043 0.066 0.02 0.022 0.012 0.022 0.043 0.024 0.018 0.122 0.115 0.052 0.035 0.097 0.015 0.03 0.033 0.038 0.085 0.108
63 F 0.048 0.023 0.02 0.02 0.013 0.028 0.026 0.026 0.014 0.1 0.134 0.027 0.026 0.187 0.014 0.044 0.049 0.01 0.061 0.13
64 D 0.078 0.059 0.077 0.103 0.01 0.056 0.068 0.04 0.055 0.046 0.053 0.069 0.016 0.034 0.02 0.048 0.037 0.006 0.045 0.079
65 K 0.049 0.178 0.073 0.039 0.008 0.044 0.056 0.066 0.02 0.023 0.039 0.223 0.014 0.015 0.022 0.048 0.036 0.005 0.015 0.029
66 K 0.052 0.116 0.036 0.037 0.009 0.058 0.072 0.037 0.02 0.034 0.048 0.201 0.016 0.044 0.022 0.06 0.056 0.007 0.038 0.037
67 I 0.047 0.018 0.015 0.018 0.016 0.013 0.018 0.021 0.009 0.271 0.168 0.024 0.037 0.044 0.015 0.025 0.04 0.006 0.021 0.177
68 K 0.05 0.088 0.074 0.038 0.009 0.037 0.049 0.091 0.019 0.04 0.079 0.191 0.021 0.045 0.021 0.046 0.036 0.006 0.02 0.039
69 I 0.068 0.048 0.027 0.025 0.014 0.026 0.046 0.028 0.012 0.183 0.115 0.042 0.038 0.032 0.049 0.035 0.039 0.005 0.018 0.148
70 I 0.045 0.023 0.037 0.043 0.014 0.029 0.027 0.025 0.012 0.178 0.175 0.028 0.031 0.07 0.014 0.029 0.036 0.007 0.033 0.144
71 K 0.056 0.11 0.036 0.043 0.011 0.041 0.112 0.036 0.018 0.042 0.06 0.137 0.017 0.019 0.023 0.065 0.088 0.005 0.016 0.067
72 F 0.037 0.031 0.02 0.019 0.01 0.019 0.027 0.025 0.025 0.055 0.098 0.062 0.021 0.234 0.014 0.029 0.031 0.017 0.176 0.049
73 K 0.071 0.068 0.099 0.046 0.011 0.048 0.08 0.044 0.023 0.036 0.052 0.105 0.026 0.03 0.021 0.084 0.043 0.007 0.054 0.052
74 K 0.048 0.069 0.093 0.126 0.009 0.037 0.092 0.067 0.019 0.04 0.041 0.126 0.013 0.016 0.049 0.051 0.05 0.004 0.014 0.036
75 I 0.048 0.024 0.018 0.019 0.015 0.017 0.022 0.023 0.011 0.214 0.173 0.041 0.032 0.048 0.015 0.032 0.065 0.006 0.032 0.146
76 K 0.058 0.067 0.064 0.077 0.01 0.036 0.101 0.065 0.018 0.037 0.048 0.115 0.015 0.04 0.022 0.056 0.093 0.005 0.019 0.053
77 Y 0.046 0.033 0.076 0.029 0.011 0.022 0.031 0.031 0.023 0.087 0.094 0.063 0.021 0.083 0.044 0.043 0.036 0.011 0.116 0.099
78 K 0.059 0.075 0.106 0.113 0.01 0.036 0.072 0.048 0.02 0.024 0.035 0.119 0.012 0.016 0.05 0.111 0.047 0.004 0.015 0.03
79 K 0.087 0.07 0.061 0.057 0.011 0.032 0.047 0.07 0.017 0.038 0.1 0.137 0.018 0.021 0.049 0.079 0.041 0.005 0.016 0.042
80 N 0.048 0.07 0.166 0.071 0.009 0.033 0.049 0.045 0.023 0.056 0.048 0.124 0.015 0.024 0.029 0.067 0.042 0.006 0.034 0.043
81 N 0.043 0.045 0.315 0.083 0.009 0.034 0.05 0.065 0.032 0.023 0.032 0.054 0.011 0.018 0.02 0.07 0.05 0.005 0.016 0.027
82 F 0.034 0.019 0.017 0.017 0.011 0.011 0.019 0.025 0.017 0.064 0.114 0.019 0.025 0.385 0.011 0.025 0.025 0.017 0.089 0.055
83 L 0.043 0.05 0.093 0.031 0.012 0.022 0.03 0.031 0.019 0.101 0.154 0.051 0.036 0.062 0.043 0.036 0.035 0.008 0.058 0.084
84 L 0.054 0.021 0.015 0.017 0.017 0.015 0.02 0.022 0.009 0.184 0.225 0.025 0.039 0.045 0.015 0.027 0.041 0.006 0.021 0.181
85 K 0.054 0.069 0.043 0.033 0.011 0.032 0.057 0.061 0.017 0.075 0.093 0.134 0.024 0.039 0.02 0.057 0.066 0.007 0.037 0.07
86 L 0.05 0.064 0.045 0.023 0.012 0.021 0.027 0.028 0.036 0.105 0.178 0.036 0.027 0.055 0.015 0.04 0.034 0.063 0.055 0.085
87 I 0.059 0.02 0.017 0.018 0.015 0.015 0.021 0.024 0.011 0.193 0.152 0.025 0.03 0.064 0.015 0.034 0.051 0.035 0.043 0.16
88 T 0.061 0.027 0.029 0.027 0.042 0.02 0.029 0.034 0.012 0.084 0.123 0.033 0.031 0.072 0.02 0.078 0.154 0.006 0.024 0.094
89 L 0.054 0.021 0.018 0.018 0.014 0.015 0.022 0.025 0.015 0.155 0.182 0.025 0.03 0.114 0.014 0.046 0.035 0.01 0.079 0.107
90 L 0.11 0.024 0.021 0.021 0.015 0.018 0.025 0.09 0.012 0.079 0.181 0.029 0.038 0.108 0.017 0.044 0.062 0.008 0.029 0.07
91 I 0.048 0.018 0.016 0.018 0.015 0.014 0.019 0.022 0.009 0.28 0.163 0.023 0.033 0.039 0.014 0.037 0.039 0.005 0.019 0.168
92 L 0.046 0.023 0.019 0.019 0.014 0.016 0.022 0.034 0.014 0.127 0.217 0.026 0.031 0.07 0.015 0.039 0.069 0.036 0.062 0.1
93 L 0.093 0.021 0.017 0.018 0.042 0.015 0.021 0.057 0.011 0.134 0.187 0.025 0.03 0.099 0.015 0.034 0.035 0.007 0.028 0.112
94 G 0.078 0.022 0.033 0.029 0.038 0.018 0.025 0.416 0.012 0.029 0.072 0.031 0.013 0.019 0.018 0.063 0.032 0.005 0.012 0.033
95 Y 0.037 0.027 0.057 0.023 0.008 0.02 0.027 0.027 0.038 0.038 0.061 0.03 0.017 0.122 0.014 0.032 0.027 0.05 0.304 0.041
96 L 0.073 0.022 0.022 0.022 0.015 0.017 0.024 0.085 0.011 0.146 0.169 0.028 0.032 0.056 0.017 0.066 0.041 0.006 0.021 0.128
97 L 0.06 0.021 0.014 0.016 0.029 0.015 0.02 0.023 0.009 0.151 0.299 0.024 0.052 0.044 0.014 0.027 0.034 0.006 0.02 0.12
98 E 0.049 0.045 0.073 0.082 0.007 0.056 0.322 0.035 0.024 0.02 0.033 0.067 0.012 0.015 0.023 0.052 0.035 0.005 0.015 0.028
99 F 0.033 0.018 0.017 0.016 0.01 0.01 0.018 0.051 0.015 0.056 0.101 0.018 0.023 0.415 0.01 0.025 0.024 0.015 0.078 0.049
100 I 0.066 0.019 0.015 0.017 0.015 0.014 0.019 0.024 0.009 0.221 0.2 0.024 0.044 0.062 0.014 0.028 0.036 0.006 0.022 0.144
101 Y 0.037 0.025 0.022 0.04 0.009 0.02 0.028 0.024 0.04 0.054 0.066 0.029 0.018 0.11 0.015 0.029 0.027 0.023 0.336 0.048
102 N 0.083 0.04 0.145 0.058 0.011 0.036 0.109 0.049 0.083 0.026 0.038 0.051 0.013 0.019 0.022 0.084 0.071 0.005 0.021 0.035
103 G 0.06 0.149 0.037 0.032 0.009 0.032 0.039 0.284 0.016 0.02 0.034 0.112 0.012 0.015 0.019 0.054 0.032 0.005 0.013 0.026
104 G 0.081 0.037 0.091 0.04 0.011 0.037 0.036 0.315 0.03 0.022 0.033 0.041 0.011 0.017 0.02 0.078 0.051 0.005 0.014 0.029
105 I 0.057 0.017 0.015 0.017 0.014 0.012 0.018 0.023 0.01 0.235 0.134 0.022 0.03 0.144 0.013 0.026 0.034 0.008 0.035 0.136
106 P 0.052 0.024 0.021 0.028 0.009 0.019 0.033 0.033 0.012 0.024 0.033 0.038 0.009 0.012 0.535 0.04 0.033 0.002 0.012 0.028
107 L 0.04 0.021 0.013 0.015 0.014 0.014 0.018 0.02 0.01 0.131 0.345 0.022 0.044 0.096 0.013 0.023 0.031 0.007 0.028 0.094
108 L 0.045 0.021 0.014 0.015 0.015 0.014 0.019 0.021 0.01 0.126 0.282 0.022 0.037 0.11 0.013 0.024 0.033 0.008 0.03 0.143
109 L 0.131 0.03 0.047 0.033 0.016 0.025 0.051 0.046 0.015 0.06 0.185 0.039 0.032 0.031 0.021 0.107 0.047 0.006 0.018 0.063
110 L 0.064 0.022 0.018 0.019 0.015 0.017 0.022 0.025 0.01 0.184 0.215 0.027 0.056 0.04 0.016 0.034 0.066 0.006 0.019 0.126
111 A 0.288 0.031 0.026 0.03 0.022 0.026 0.041 0.078 0.015 0.043 0.06 0.045 0.018 0.022 0.03 0.085 0.05 0.005 0.018 0.069
112 L 0.041 0.019 0.014 0.015 0.013 0.012 0.018 0.021 0.011 0.165 0.205 0.021 0.033 0.174 0.012 0.024 0.031 0.009 0.04 0.121
113 L 0.055 0.042 0.061 0.032 0.013 0.034 0.038 0.036 0.015 0.077 0.161 0.092 0.026 0.029 0.02 0.068 0.1 0.005 0.018 0.078
114 N 0.054 0.044 0.157 0.07 0.01 0.03 0.044 0.155 0.041 0.027 0.053 0.088 0.013 0.018 0.02 0.07 0.054 0.005 0.016 0.031
115 D 0.041 0.03 0.069 0.397 0.008 0.03 0.091 0.047 0.019 0.022 0.028 0.045 0.009 0.015 0.022 0.052 0.035 0.004 0.011 0.024
116 A 0.093 0.03 0.068 0.056 0.014 0.03 0.052 0.053 0.015 0.079 0.069 0.041 0.029 0.023 0.088 0.092 0.061 0.005 0.016 0.087
117 D 0.085 0.035 0.059 0.144 0.011 0.04 0.053 0.072 0.018 0.03 0.04 0.058 0.013 0.024 0.076 0.077 0.082 0.006 0.039 0.038
118 L 0.046 0.024 0.039 0.022 0.012 0.018 0.025 0.053 0.033 0.118 0.156 0.028 0.026 0.065 0.015 0.043 0.034 0.012 0.141 0.09
119 E 0.055 0.05 0.04 0.09 0.007 0.064 0.296 0.035 0.026 0.022 0.037 0.076 0.013 0.017 0.026 0.055 0.037 0.006 0.017 0.031
120 S 0.067 0.036 0.119 0.103 0.012 0.028 0.048 0.059 0.019 0.063 0.051 0.059 0.015 0.02 0.022 0.143 0.054 0.005 0.015 0.061
121 Y 0.037 0.027 0.022 0.018 0.008 0.021 0.027 0.023 0.062 0.039 0.061 0.029 0.017 0.115 0.014 0.029 0.026 0.025 0.357 0.042
122 G 0.051 0.04 0.032 0.036 0.011 0.057 0.042 0.096 0.058 0.061 0.094 0.071 0.052 0.053 0.019 0.046 0.076 0.007 0.043 0.054
123 E 0.05 0.057 0.044 0.165 0.008 0.043 0.201 0.036 0.04 0.029 0.038 0.058 0.013 0.017 0.022 0.062 0.05 0.005 0.016 0.045
124 F 0.031 0.018 0.016 0.016 0.01 0.01 0.018 0.023 0.017 0.057 0.103 0.018 0.023 0.421 0.01 0.024 0.023 0.016 0.097 0.05
125 A 0.115 0.039 0.08 0.079 0.014 0.036 0.1 0.056 0.02 0.034 0.046 0.053 0.015 0.02 0.026 0.105 0.093 0.005 0.016 0.047
126 G 0.072 0.021 0.036 0.031 0.01 0.017 0.023 0.551 0.012 0.017 0.026 0.031 0.009 0.015 0.017 0.047 0.027 0.005 0.01 0.022
127 I 0.044 0.017 0.014 0.016 0.015 0.012 0.017 0.019 0.008 0.31 0.167 0.022 0.034 0.041 0.014 0.023 0.037 0.005 0.019 0.167
128 P 0.052 0.024 0.021 0.028 0.009 0.019 0.033 0.033 0.012 0.024 0.033 0.038 0.009 0.012 0.535 0.04 0.033 0.002 0.012 0.028
129 T 0.065 0.029 0.032 0.029 0.017 0.023 0.032 0.035 0.011 0.078 0.082 0.037 0.032 0.026 0.022 0.068 0.225 0.005 0.017 0.136
130 F 0.032 0.018 0.015 0.015 0.01 0.01 0.017 0.023 0.015 0.061 0.122 0.018 0.024 0.417 0.01 0.023 0.024 0.015 0.078 0.052
131 H 0.04 0.04 0.047 0.034 0.007 0.033 0.046 0.062 0.368 0.022 0.036 0.041 0.014 0.032 0.017 0.038 0.025 0.008 0.067 0.022
132 V 0.062 0.02 0.015 0.017 0.017 0.015 0.022 0.023 0.008 0.154 0.117 0.025 0.028 0.032 0.042 0.03 0.044 0.005 0.019 0.305
133 F 0.039 0.018 0.014 0.015 0.013 0.012 0.017 0.021 0.011 0.159 0.189 0.02 0.032 0.209 0.012 0.023 0.03 0.01 0.046 0.108
134 L 0.044 0.021 0.013 0.014 0.015 0.015 0.019 0.02 0.009 0.134 0.366 0.023 0.043 0.047 0.013 0.023 0.033 0.006 0.02 0.121
135 V 0.116 0.027 0.025 0.024 0.015 0.033 0.032 0.083 0.033 0.081 0.098 0.033 0.022 0.07 0.019 0.064 0.042 0.006 0.026 0.152
136 T 0.071 0.033 0.041 0.036 0.016 0.026 0.037 0.042 0.013 0.047 0.057 0.042 0.018 0.021 0.026 0.106 0.284 0.005 0.016 0.062
137 F 0.034 0.019 0.016 0.016 0.01 0.011 0.018 0.023 0.017 0.083 0.122 0.019 0.025 0.342 0.011 0.024 0.026 0.015 0.102 0.068
138 N 0.065 0.035 0.198 0.054 0.012 0.027 0.039 0.132 0.021 0.029 0.038 0.044 0.013 0.018 0.021 0.085 0.114 0.005 0.014 0.037
139 S 0.094 0.029 0.036 0.035 0.042 0.024 0.037 0.048 0.014 0.092 0.064 0.04 0.018 0.023 0.077 0.18 0.059 0.005 0.016 0.065
140 F 0.031 0.018 0.016 0.016 0.01 0.01 0.018 0.023 0.017 0.057 0.103 0.018 0.023 0.421 0.01 0.024 0.023 0.016 0.097 0.05
141 Y 0.036 0.023 0.017 0.016 0.01 0.016 0.022 0.023 0.027 0.059 0.14 0.024 0.035 0.205 0.013 0.026 0.026 0.018 0.207 0.055
142 A 0.165 0.032 0.037 0.035 0.017 0.026 0.039 0.082 0.014 0.039 0.051 0.043 0.016 0.02 0.026 0.133 0.149 0.005 0.016 0.055
143 I 0.056 0.021 0.019 0.019 0.016 0.016 0.022 0.025 0.009 0.2 0.155 0.026 0.031 0.036 0.016 0.046 0.07 0.005 0.019 0.195
144 Y 0.039 0.026 0.021 0.018 0.009 0.02 0.026 0.023 0.058 0.048 0.084 0.029 0.019 0.107 0.014 0.029 0.027 0.023 0.32 0.059
145 L 0.042 0.022 0.015 0.016 0.014 0.015 0.019 0.021 0.01 0.133 0.318 0.024 0.05 0.088 0.013 0.026 0.046 0.007 0.027 0.095
146 F 0.032 0.018 0.016 0.016 0.01 0.011 0.018 0.023 0.018 0.056 0.1 0.019 0.023 0.404 0.01 0.024 0.024 0.017 0.112 0.05
147 H 0.046 0.05 0.056 0.038 0.008 0.099 0.06 0.038 0.227 0.024 0.039 0.068 0.015 0.027 0.02 0.057 0.037 0.007 0.055 0.027
148 V 0.051 0.053 0.024 0.024 0.04 0.087 0.042 0.027 0.024 0.104 0.126 0.045 0.036 0.042 0.016 0.035 0.037 0.007 0.045 0.134
149 Y 0.039 0.022 0.017 0.016 0.038 0.016 0.021 0.022 0.025 0.067 0.17 0.024 0.026 0.159 0.013 0.026 0.028 0.016 0.182 0.072
150 L 0.043 0.041 0.015 0.015 0.015 0.016 0.02 0.02 0.01 0.138 0.338 0.028 0.044 0.045 0.014 0.024 0.033 0.006 0.02 0.115
151 S 0.104 0.032 0.04 0.037 0.057 0.026 0.04 0.052 0.015 0.049 0.055 0.042 0.017 0.021 0.024 0.207 0.074 0.005 0.016 0.088
152 N 0.056 0.038 0.141 0.064 0.011 0.034 0.107 0.072 0.02 0.045 0.045 0.054 0.014 0.019 0.022 0.081 0.113 0.005 0.015 0.044
153 K 0.071 0.122 0.037 0.04 0.009 0.042 0.085 0.094 0.018 0.025 0.04 0.195 0.014 0.016 0.023 0.064 0.051 0.005 0.015 0.033
154 K 0.05 0.054 0.12 0.076 0.009 0.04 0.115 0.042 0.023 0.03 0.058 0.126 0.015 0.023 0.022 0.065 0.058 0.006 0.034 0.035
155 K 0.049 0.126 0.036 0.036 0.008 0.07 0.063 0.037 0.02 0.028 0.051 0.261 0.016 0.037 0.023 0.046 0.035 0.006 0.02 0.032
156 R 0.108 0.196 0.107 0.043 0.011 0.038 0.048 0.052 0.023 0.028 0.045 0.083 0.015 0.018 0.022 0.06 0.042 0.005 0.017 0.039
157 R 0.045 0.343 0.039 0.031 0.008 0.049 0.052 0.033 0.023 0.023 0.047 0.121 0.016 0.017 0.019 0.045 0.035 0.006 0.017 0.031
158 K 0.056 0.105 0.041 0.041 0.008 0.052 0.069 0.042 0.02 0.027 0.042 0.294 0.015 0.015 0.027 0.052 0.039 0.005 0.017 0.032
159 G 0.078 0.023 0.039 0.034 0.011 0.019 0.026 0.51 0.014 0.019 0.028 0.034 0.009 0.016 0.019 0.051 0.03 0.005 0.011 0.024
160 K 0.048 0.089 0.039 0.03 0.01 0.035 0.045 0.033 0.017 0.098 0.097 0.184 0.021 0.029 0.021 0.043 0.054 0.006 0.036 0.065
161 L 0.064 0.03 0.027 0.024 0.013 0.022 0.044 0.029 0.02 0.109 0.155 0.052 0.026 0.062 0.017 0.047 0.041 0.011 0.107 0.101
162 A 0.288 0.031 0.026 0.03 0.022 0.026 0.041 0.079 0.015 0.043 0.06 0.045 0.018 0.022 0.03 0.085 0.05 0.005 0.018 0.069
163 L 0.042 0.021 0.014 0.015 0.014 0.014 0.018 0.048 0.01 0.14 0.339 0.023 0.04 0.067 0.013 0.024 0.031 0.007 0.023 0.096
164 F 0.043 0.019 0.016 0.017 0.013 0.013 0.019 0.022 0.012 0.151 0.167 0.022 0.03 0.178 0.013 0.028 0.046 0.01 0.05 0.13
165 L 0.058 0.027 0.038 0.025 0.021 0.03 0.044 0.028 0.026 0.081 0.214 0.033 0.04 0.055 0.043 0.033 0.032 0.01 0.094 0.068
166 F 0.044 0.022 0.02 0.019 0.039 0.015 0.023 0.028 0.017 0.062 0.156 0.025 0.026 0.235 0.014 0.055 0.046 0.012 0.085 0.057
167 L 0.045 0.02 0.014 0.015 0.015 0.014 0.018 0.02 0.009 0.187 0.268 0.022 0.038 0.068 0.013 0.024 0.034 0.006 0.023 0.147
168 L 0.044 0.022 0.016 0.017 0.014 0.016 0.021 0.022 0.015 0.154 0.268 0.025 0.039 0.057 0.014 0.037 0.034 0.009 0.076 0.099
169 L 0.047 0.029 0.114 0.035 0.013 0.021 0.03 0.036 0.016 0.068 0.227 0.034 0.029 0.056 0.017 0.057 0.08 0.006 0.021 0.063
170 L 0.045 0.022 0.016 0.016 0.014 0.015 0.021 0.023 0.012 0.095 0.299 0.024 0.037 0.118 0.013 0.037 0.033 0.009 0.049 0.102
171 L 0.071 0.022 0.02 0.021 0.015 0.016 0.024 0.03 0.011 0.156 0.168 0.027 0.03 0.085 0.016 0.068 0.042 0.007 0.026 0.144
172 P 0.047 0.022 0.019 0.023 0.011 0.017 0.027 0.028 0.012 0.077 0.113 0.031 0.02 0.088 0.288 0.035 0.046 0.006 0.025 0.064
173 P 0.082 0.032 0.069 0.039 0.012 0.038 0.042 0.074 0.018 0.026 0.037 0.045 0.012 0.021 0.212 0.122 0.048 0.005 0.033 0.034
174 L 0.045 0.019 0.014 0.015 0.015 0.014 0.018 0.02 0.008 0.221 0.249 0.023 0.037 0.043 0.014 0.024 0.036 0.006 0.019 0.16
175 L 0.04 0.022 0.013 0.014 0.015 0.015 0.019 0.02 0.009 0.104 0.417 0.023 0.045 0.05 0.013 0.022 0.03 0.02 0.022 0.087
176 I 0.049 0.019 0.016 0.017 0.016 0.014 0.019 0.021 0.008 0.247 0.168 0.024 0.033 0.038 0.015 0.029 0.057 0.005 0.019 0.186
177 V 0.048 0.02 0.015 0.016 0.014 0.015 0.02 0.022 0.012 0.129 0.155 0.023 0.05 0.148 0.013 0.027 0.035 0.009 0.055 0.172
178 N 0.052 0.04 0.305 0.07 0.01 0.031 0.046 0.06 0.027 0.022 0.031 0.049 0.011 0.017 0.02 0.11 0.052 0.004 0.015 0.028
179 R 0.041 0.399 0.036 0.028 0.007 0.044 0.048 0.03 0.021 0.021 0.043 0.11 0.014 0.016 0.018 0.041 0.032 0.005 0.016 0.028
180 G 0.086 0.021 0.035 0.031 0.01 0.018 0.024 0.525 0.012 0.019 0.027 0.031 0.009 0.015 0.018 0.049 0.028 0.005 0.01 0.024
181 A 0.147 0.029 0.024 0.024 0.017 0.025 0.031 0.043 0.014 0.068 0.134 0.037 0.119 0.033 0.02 0.065 0.07 0.006 0.019 0.074
182 L 0.046 0.021 0.017 0.017 0.014 0.015 0.02 0.023 0.01 0.133 0.229 0.024 0.033 0.124 0.014 0.03 0.062 0.008 0.032 0.128
183 L 0.046 0.023 0.015 0.016 0.015 0.017 0.02 0.022 0.011 0.146 0.249 0.025 0.088 0.065 0.014 0.027 0.035 0.007 0.024 0.136
184 I 0.044 0.023 0.035 0.021 0.014 0.017 0.022 0.024 0.012 0.189 0.168 0.027 0.083 0.082 0.014 0.031 0.049 0.007 0.026 0.111
185 I 0.046 0.024 0.092 0.031 0.014 0.018 0.025 0.03 0.013 0.215 0.13 0.03 0.028 0.034 0.016 0.038 0.067 0.005 0.018 0.128
186 L 0.061 0.023 0.016 0.017 0.015 0.017 0.021 0.025 0.011 0.098 0.296 0.026 0.058 0.085 0.014 0.031 0.048 0.007 0.026 0.107
187 L 0.061 0.027 0.026 0.025 0.016 0.022 0.029 0.032 0.012 0.118 0.148 0.034 0.08 0.034 0.019 0.081 0.1 0.006 0.019 0.112
188 S 0.148 0.033 0.042 0.039 0.016 0.027 0.043 0.114 0.016 0.03 0.042 0.045 0.014 0.019 0.026 0.205 0.076 0.005 0.015 0.043
189 C 0.06 0.02 0.019 0.019 0.338 0.016 0.02 0.031 0.01 0.074 0.087 0.025 0.054 0.025 0.016 0.061 0.039 0.005 0.014 0.066
190 L 0.044 0.021 0.015 0.016 0.014 0.014 0.019 0.022 0.01 0.137 0.257 0.023 0.036 0.116 0.013 0.027 0.047 0.008 0.031 0.13
191 F 0.046 0.021 0.021 0.02 0.012 0.014 0.022 0.029 0.014 0.089 0.117 0.024 0.024 0.288 0.013 0.065 0.034 0.012 0.058 0.077
192 I 0.05 0.018 0.014 0.016 0.016 0.014 0.018 0.02 0.008 0.236 0.18 0.023 0.034 0.039 0.014 0.025 0.039 0.005 0.019 0.21
193 Y 0.036 0.024 0.019 0.017 0.009 0.017 0.024 0.023 0.036 0.045 0.074 0.026 0.019 0.204 0.013 0.027 0.025 0.023 0.297 0.045
194 L 0.043 0.022 0.015 0.015 0.028 0.015 0.02 0.022 0.012 0.096 0.338 0.024 0.039 0.092 0.013 0.03 0.032 0.008 0.045 0.092
195 L 0.046 0.028 0.02 0.022 0.04 0.057 0.032 0.026 0.014 0.136 0.178 0.034 0.051 0.099 0.015 0.043 0.035 0.007 0.029 0.088
196 K 0.075 0.093 0.055 0.04 0.011 0.052 0.07 0.044 0.019 0.031 0.051 0.166 0.026 0.04 0.023 0.098 0.044 0.006 0.02 0.037
197 I 0.045 0.057 0.022 0.022 0.011 0.025 0.032 0.026 0.021 0.14 0.11 0.096 0.038 0.055 0.017 0.032 0.034 0.011 0.112 0.097
198 G 0.078 0.023 0.039 0.034 0.011 0.019 0.026 0.509 0.014 0.019 0.028 0.034 0.009 0.016 0.019 0.051 0.03 0.005 0.011 0.024
199 I 0.047 0.018 0.015 0.018 0.016 0.013 0.018 0.021 0.009 0.269 0.168 0.024 0.037 0.044 0.015 0.025 0.04 0.006 0.021 0.177
200 K 0.057 0.114 0.055 0.061 0.008 0.087 0.075 0.092 0.02 0.026 0.049 0.141 0.015 0.018 0.021 0.047 0.034 0.033 0.018 0.031
201 K 0.057 0.107 0.042 0.042 0.009 0.054 0.071 0.043 0.021 0.028 0.043 0.276 0.016 0.016 0.028 0.054 0.04 0.005 0.017 0.033
202 K 0.06 0.141 0.044 0.084 0.009 0.041 0.059 0.103 0.019 0.024 0.039 0.157 0.014 0.016 0.023 0.073 0.041 0.005 0.015 0.031
203 K 0.051 0.112 0.032 0.032 0.01 0.036 0.061 0.061 0.018 0.049 0.092 0.158 0.019 0.056 0.02 0.052 0.054 0.007 0.031 0.052
204 I 0.047 0.021 0.046 0.022 0.015 0.016 0.021 0.024 0.01 0.216 0.194 0.026 0.038 0.039 0.014 0.032 0.038 0.006 0.019 0.157
205 T 0.06 0.102 0.097 0.042 0.012 0.033 0.044 0.071 0.018 0.045 0.048 0.1 0.015 0.019 0.022 0.097 0.108 0.005 0.016 0.045
206 L 0.042 0.029 0.017 0.018 0.013 0.018 0.024 0.023 0.014 0.101 0.218 0.056 0.042 0.149 0.014 0.027 0.031 0.01 0.054 0.1
207 K 0.051 0.126 0.072 0.04 0.008 0.043 0.057 0.04 0.021 0.027 0.041 0.239 0.014 0.021 0.023 0.06 0.038 0.006 0.035 0.036
208 K 0.076 0.066 0.046 0.03 0.013 0.029 0.039 0.036 0.014 0.097 0.11 0.122 0.023 0.026 0.021 0.049 0.083 0.005 0.017 0.1
209 L 0.045 0.025 0.016 0.017 0.014 0.017 0.022 0.022 0.013 0.165 0.203 0.04 0.043 0.077 0.014 0.026 0.034 0.009 0.061 0.138
210 L 0.135 0.023 0.018 0.019 0.043 0.018 0.025 0.037 0.011 0.122 0.202 0.029 0.041 0.042 0.018 0.047 0.039 0.006 0.019 0.107
211 G 0.066 0.064 0.047 0.029 0.011 0.023 0.032 0.144 0.017 0.045 0.084 0.067 0.018 0.114 0.018 0.059 0.049 0.008 0.048 0.057
212 L 0.061 0.021 0.016 0.017 0.015 0.015 0.021 0.051 0.01 0.119 0.288 0.025 0.036 0.062 0.042 0.028 0.033 0.006 0.022 0.111
213 L 0.074 0.025 0.024 0.023 0.015 0.019 0.026 0.086 0.011 0.107 0.17 0.031 0.049 0.04 0.018 0.066 0.076 0.006 0.019 0.113
214 L 0.072 0.022 0.02 0.02 0.016 0.017 0.023 0.064 0.01 0.149 0.184 0.027 0.03 0.035 0.016 0.048 0.059 0.005 0.018 0.165
215 L 0.06 0.022 0.022 0.022 0.014 0.016 0.024 0.057 0.012 0.125 0.159 0.027 0.028 0.141 0.016 0.069 0.043 0.008 0.035 0.103
216 L 0.096 0.023 0.018 0.019 0.015 0.017 0.024 0.059 0.011 0.117 0.237 0.028 0.043 0.059 0.016 0.048 0.037 0.006 0.022 0.105
217 L 0.059 0.02 0.015 0.016 0.014 0.014 0.019 0.033 0.011 0.154 0.201 0.023 0.043 0.135 0.014 0.028 0.033 0.008 0.034 0.126
218 L 0.07 0.021 0.019 0.02 0.015 0.016 0.022 0.041 0.01 0.166 0.179 0.026 0.03 0.079 0.016 0.042 0.065 0.007 0.025 0.131
219 L 0.096 0.021 0.017 0.018 0.015 0.015 0.022 0.058 0.011 0.107 0.151 0.025 0.027 0.14 0.015 0.035 0.036 0.008 0.035 0.148
220 L 0.059 0.022 0.016 0.017 0.014 0.015 0.021 0.025 0.011 0.103 0.322 0.025 0.038 0.108 0.014 0.039 0.033 0.008 0.03 0.082
221 Y 0.037 0.024 0.018 0.017 0.01 0.018 0.024 0.023 0.033 0.064 0.1 0.026 0.032 0.158 0.014 0.027 0.027 0.021 0.272 0.055
222 L 0.06 0.023 0.019 0.019 0.014 0.017 0.022 0.09 0.011 0.108 0.239 0.026 0.053 0.081 0.015 0.043 0.034 0.007 0.025 0.093
223 F 0.031 0.017 0.016 0.016 0.01 0.01 0.017 0.023 0.016 0.058 0.105 0.017 0.023 0.438 0.01 0.023 0.023 0.016 0.081 0.05
224 G 0.072 0.021 0.036 0.031 0.01 0.017 0.023 0.551 0.012 0.017 0.026 0.031 0.009 0.015 0.017 0.047 0.027 0.005 0.01 0.022
225 V 0.05 0.02 0.015 0.016 0.014 0.015 0.02 0.022 0.014 0.153 0.153 0.023 0.029 0.093 0.014 0.027 0.036 0.01 0.082 0.193
226 L 0.065 0.023 0.018 0.019 0.015 0.017 0.023 0.027 0.011 0.138 0.262 0.027 0.046 0.062 0.015 0.054 0.038 0.006 0.023 0.111
227 G 0.072 0.021 0.036 0.031 0.01 0.017 0.023 0.551 0.012 0.017 0.026 0.031 0.009 0.015 0.017 0.047 0.027 0.005 0.01 0.022
228 N 0.038 0.039 0.336 0.07 0.008 0.029 0.042 0.056 0.027 0.025 0.037 0.046 0.012 0.061 0.018 0.06 0.043 0.005 0.021 0.027
229 L 0.079 0.025 0.017 0.019 0.015 0.031 0.026 0.028 0.014 0.137 0.191 0.03 0.052 0.054 0.016 0.033 0.036 0.008 0.058 0.133
230 R 0.041 0.399 0.036 0.028 0.007 0.044 0.048 0.03 0.021 0.021 0.043 0.11 0.014 0.016 0.018 0.041 0.032 0.005 0.016 0.028
231 V 0.072 0.03 0.03 0.028 0.016 0.035 0.035 0.037 0.014 0.084 0.113 0.037 0.024 0.033 0.02 0.116 0.08 0.006 0.037 0.154
232 N 0.065 0.038 0.193 0.054 0.011 0.028 0.056 0.049 0.022 0.037 0.05 0.058 0.015 0.084 0.019 0.079 0.058 0.006 0.026 0.051
233 N 0.06 0.049 0.221 0.057 0.009 0.045 0.048 0.051 0.046 0.028 0.056 0.093 0.014 0.024 0.02 0.062 0.041 0.006 0.036 0.032
234 S 0.08 0.038 0.064 0.086 0.013 0.055 0.053 0.079 0.018 0.03 0.045 0.05 0.025 0.019 0.024 0.187 0.073 0.005 0.016 0.038
235 Y 0.044 0.058 0.027 0.049 0.01 0.026 0.037 0.028 0.052 0.062 0.07 0.073 0.03 0.067 0.049 0.035 0.031 0.014 0.171 0.065
236 Q 0.062 0.055 0.049 0.108 0.01 0.126 0.077 0.046 0.053 0.025 0.039 0.086 0.016 0.017 0.024 0.103 0.047 0.005 0.02 0.032
237 T 0.06 0.074 0.067 0.039 0.013 0.033 0.044 0.083 0.048 0.037 0.049 0.094 0.016 0.02 0.024 0.069 0.16 0.005 0.019 0.047
238 I 0.047 0.018 0.015 0.018 0.016 0.013 0.018 0.021 0.009 0.271 0.168 0.024 0.037 0.044 0.015 0.025 0.04 0.006 0.021 0.177
239 V 0.07 0.022 0.016 0.018 0.019 0.016 0.023 0.025 0.008 0.165 0.13 0.026 0.032 0.036 0.016 0.033 0.049 0.006 0.021 0.269
240 N 0.049 0.051 0.137 0.137 0.008 0.04 0.113 0.096 0.023 0.022 0.032 0.104 0.011 0.016 0.022 0.055 0.038 0.005 0.014 0.027
241 K 0.059 0.046 0.037 0.068 0.012 0.029 0.045 0.097 0.017 0.044 0.053 0.104 0.016 0.028 0.068 0.056 0.103 0.007 0.046 0.065
242 D 0.07 0.034 0.078 0.15 0.013 0.029 0.056 0.051 0.018 0.029 0.039 0.046 0.013 0.018 0.07 0.133 0.097 0.004 0.014 0.038
243 L 0.054 0.043 0.026 0.027 0.013 0.046 0.04 0.032 0.015 0.07 0.167 0.087 0.043 0.066 0.064 0.056 0.039 0.007 0.025 0.08
244 F 0.043 0.029 0.048 0.055 0.01 0.026 0.097 0.03 0.019 0.052 0.094 0.036 0.02 0.166 0.016 0.039 0.048 0.045 0.065 0.063
245 D 0.063 0.034 0.069 0.259 0.009 0.044 0.099 0.044 0.039 0.027 0.052 0.047 0.013 0.018 0.021 0.074 0.038 0.004 0.015 0.031
246 N 0.062 0.064 0.128 0.056 0.011 0.037 0.095 0.049 0.021 0.026 0.038 0.085 0.013 0.017 0.05 0.118 0.077 0.005 0.015 0.034
247 E 0.071 0.044 0.077 0.119 0.01 0.043 0.144 0.043 0.02 0.033 0.042 0.082 0.014 0.017 0.023 0.08 0.07 0.005 0.015 0.05
248 Y 0.059 0.027 0.018 0.018 0.012 0.019 0.025 0.025 0.024 0.098 0.16 0.043 0.037 0.078 0.015 0.031 0.032 0.014 0.164 0.098
249 F 0.038 0.019 0.015 0.016 0.013 0.013 0.018 0.022 0.012 0.167 0.165 0.021 0.051 0.209 0.012 0.024 0.03 0.01 0.046 0.099
250 L 0.04 0.022 0.014 0.014 0.014 0.015 0.019 0.02 0.01 0.1 0.38 0.023 0.053 0.091 0.013 0.023 0.03 0.008 0.027 0.084
251 E 0.067 0.094 0.061 0.138 0.009 0.079 0.143 0.042 0.022 0.023 0.036 0.071 0.013 0.015 0.022 0.076 0.04 0.005 0.015 0.031
252 I 0.047 0.02 0.014 0.016 0.015 0.014 0.019 0.02 0.008 0.244 0.203 0.028 0.035 0.041 0.014 0.025 0.037 0.006 0.019 0.177
253 G 0.099 0.025 0.037 0.032 0.012 0.02 0.029 0.403 0.013 0.024 0.033 0.035 0.011 0.016 0.02 0.079 0.064 0.005 0.012 0.032
254 G 0.065 0.036 0.037 0.044 0.009 0.056 0.103 0.348 0.017 0.019 0.03 0.061 0.011 0.015 0.02 0.055 0.031 0.005 0.012 0.026
255 A 0.334 0.028 0.023 0.027 0.02 0.023 0.036 0.069 0.013 0.045 0.058 0.04 0.017 0.02 0.027 0.075 0.046 0.005 0.016 0.077
256 S 0.069 0.048 0.08 0.086 0.013 0.033 0.052 0.049 0.018 0.031 0.042 0.107 0.014 0.018 0.025 0.134 0.121 0.005 0.015 0.041
257 D 0.068 0.033 0.062 0.189 0.009 0.034 0.129 0.043 0.018 0.024 0.034 0.049 0.011 0.015 0.104 0.077 0.053 0.004 0.013 0.031
258 E 0.081 0.051 0.061 0.097 0.011 0.04 0.141 0.047 0.02 0.026 0.038 0.085 0.013 0.017 0.025 0.126 0.067 0.005 0.015 0.035
259 F 0.031 0.017 0.016 0.016 0.01 0.01 0.017 0.023 0.016 0.058 0.105 0.017 0.023 0.438 0.01 0.023 0.023 0.016 0.081 0.05
260 K 0.049 0.145 0.029 0.027 0.011 0.034 0.042 0.03 0.015 0.092 0.114 0.146 0.023 0.025 0.019 0.04 0.05 0.005 0.017 0.089
261 N 0.046 0.046 0.208 0.138 0.008 0.036 0.096 0.05 0.024 0.022 0.031 0.086 0.011 0.016 0.021 0.069 0.047 0.004 0.014 0.027
262 S 0.095 0.037 0.072 0.047 0.016 0.03 0.047 0.06 0.018 0.028 0.039 0.049 0.014 0.019 0.027 0.258 0.085 0.005 0.016 0.039
263 K 0.057 0.107 0.042 0.042 0.009 0.054 0.071 0.043 0.021 0.028 0.043 0.276 0.016 0.016 0.028 0.054 0.04 0.005 0.017 0.033
264 I 0.073 0.025 0.078 0.038 0.013 0.019 0.029 0.082 0.016 0.112 0.107 0.032 0.022 0.065 0.044 0.061 0.04 0.007 0.04 0.098
265 I 0.047 0.017 0.014 0.016 0.015 0.013 0.017 0.019 0.008 0.303 0.149 0.022 0.033 0.039 0.014 0.024 0.038 0.005 0.019 0.189
266 P 0.052 0.024 0.021 0.028 0.009 0.019 0.033 0.033 0.012 0.024 0.033 0.038 0.009 0.012 0.535 0.04 0.033 0.002 0.012 0.028
267 K 0.053 0.072 0.039 0.082 0.008 0.041 0.075 0.084 0.018 0.024 0.036 0.229 0.013 0.014 0.078 0.052 0.035 0.004 0.014 0.028
268 E 0.067 0.04 0.033 0.068 0.008 0.049 0.27 0.034 0.021 0.022 0.035 0.061 0.012 0.015 0.132 0.05 0.034 0.004 0.015 0.03
269 F 0.035 0.022 0.017 0.016 0.01 0.015 0.021 0.023 0.026 0.055 0.109 0.023 0.033 0.271 0.012 0.026 0.025 0.019 0.191 0.051
270 F 0.033 0.02 0.017 0.016 0.01 0.013 0.02 0.023 0.021 0.056 0.1 0.021 0.033 0.35 0.011 0.025 0.025 0.017 0.14 0.051
271 W 0.028 0.021 0.014 0.014 0.007 0.014 0.021 0.028 0.014 0.028 0.049 0.021 0.014 0.056 0.007 0.021 0.021 0.534 0.063 0.028
272 S 0.077 0.029 0.038 0.034 0.014 0.023 0.035 0.153 0.015 0.038 0.051 0.038 0.015 0.085 0.048 0.156 0.065 0.006 0.025 0.053
273 Y 0.037 0.026 0.02 0.017 0.009 0.02 0.026 0.023 0.043 0.04 0.063 0.029 0.017 0.12 0.014 0.029 0.026 0.026 0.374 0.043
274 I 0.042 0.018 0.013 0.016 0.015 0.013 0.017 0.019 0.008 0.26 0.24 0.022 0.037 0.044 0.013 0.023 0.035 0.006 0.019 0.139
275 Y 0.037 0.026 0.02 0.017 0.009 0.02 0.026 0.023 0.043 0.04 0.063 0.029 0.017 0.12 0.014 0.029 0.026 0.026 0.374 0.043
276 L 0.095 0.023 0.018 0.019 0.016 0.017 0.023 0.057 0.01 0.148 0.214 0.028 0.053 0.038 0.017 0.037 0.05 0.006 0.019 0.111
277 A 0.169 0.032 0.037 0.035 0.017 0.026 0.04 0.085 0.015 0.05 0.052 0.043 0.016 0.021 0.026 0.161 0.098 0.005 0.016 0.056
278 S 0.099 0.037 0.049 0.044 0.016 0.03 0.047 0.06 0.017 0.028 0.04 0.049 0.015 0.019 0.027 0.274 0.088 0.005 0.016 0.04
279 P 0.052 0.024 0.021 0.028 0.009 0.019 0.033 0.033 0.012 0.024 0.033 0.038 0.009 0.012 0.535 0.04 0.033 0.002 0.012 0.028
280 L 0.041 0.021 0.014 0.015 0.015 0.015 0.019 0.02 0.01 0.156 0.324 0.023 0.058 0.068 0.013 0.023 0.032 0.007 0.023 0.103
281 A 0.29 0.027 0.026 0.028 0.018 0.022 0.034 0.173 0.013 0.035 0.048 0.039 0.014 0.019 0.025 0.071 0.042 0.005 0.015 0.055
282 N 0.039 0.041 0.373 0.076 0.008 0.031 0.045 0.06 0.029 0.021 0.029 0.049 0.01 0.017 0.019 0.064 0.045 0.004 0.014 0.025
283 L 0.038 0.021 0.014 0.015 0.013 0.014 0.019 0.021 0.012 0.09 0.308 0.022 0.051 0.172 0.012 0.023 0.029 0.009 0.04 0.076
284 Q 0.051 0.066 0.04 0.045 0.008 0.268 0.108 0.037 0.027 0.024 0.043 0.083 0.019 0.014 0.022 0.051 0.038 0.005 0.019 0.032
285 N 0.047 0.048 0.143 0.054 0.009 0.049 0.097 0.043 0.085 0.034 0.061 0.085 0.019 0.026 0.02 0.062 0.038 0.006 0.041 0.034
286 T 0.072 0.032 0.139 0.044 0.014 0.025 0.036 0.045 0.017 0.071 0.074 0.041 0.019 0.023 0.021 0.076 0.143 0.005 0.016 0.086
287 I 0.052 0.02 0.017 0.018 0.016 0.015 0.02 0.023 0.009 0.231 0.147 0.025 0.031 0.036 0.015 0.033 0.072 0.005 0.019 0.196
288 N 0.039 0.054 0.231 0.171 0.009 0.029 0.053 0.049 0.023 0.03 0.071 0.048 0.014 0.019 0.018 0.054 0.039 0.004 0.014 0.031
289 N 0.067 0.044 0.11 0.091 0.01 0.048 0.102 0.053 0.029 0.03 0.047 0.08 0.014 0.023 0.022 0.07 0.082 0.006 0.035 0.037
290 A 0.101 0.064 0.065 0.032 0.012 0.029 0.036 0.07 0.02 0.056 0.063 0.058 0.017 0.097 0.019 0.083 0.041 0.009 0.064 0.063
291 E 0.053 0.066 0.096 0.064 0.009 0.053 0.141 0.041 0.042 0.029 0.04 0.088 0.013 0.017 0.058 0.07 0.054 0.005 0.017 0.044
292 F 0.054 0.032 0.067 0.035 0.012 0.025 0.037 0.039 0.096 0.05 0.066 0.038 0.018 0.109 0.073 0.067 0.065 0.008 0.041 0.068
293 D 0.053 0.046 0.104 0.132 0.01 0.076 0.117 0.046 0.024 0.029 0.041 0.061 0.015 0.017 0.024 0.064 0.083 0.005 0.016 0.037
294 E 0.056 0.071 0.034 0.065 0.011 0.041 0.143 0.033 0.017 0.067 0.063 0.108 0.018 0.021 0.022 0.052 0.056 0.005 0.017 0.102
295 D 0.052 0.037 0.069 0.191 0.009 0.04 0.112 0.069 0.019 0.028 0.034 0.063 0.011 0.018 0.076 0.077 0.039 0.005 0.023 0.03
296 V 0.05 0.024 0.022 0.02 0.013 0.018 0.025 0.026 0.056 0.123 0.133 0.027 0.026 0.107 0.015 0.044 0.05 0.009 0.07 0.142
297 N 0.058 0.038 0.167 0.122 0.01 0.033 0.09 0.085 0.022 0.024 0.033 0.05 0.012 0.017 0.022 0.102 0.064 0.004 0.014 0.031
298 L 0.052 0.064 0.059 0.029 0.012 0.021 0.034 0.059 0.015 0.104 0.135 0.039 0.024 0.101 0.043 0.05 0.05 0.007 0.028 0.077
299 Y 0.049 0.046 0.08 0.058 0.01 0.032 0.075 0.037 0.026 0.038 0.052 0.103 0.016 0.067 0.02 0.059 0.058 0.011 0.113 0.052
300 N 0.051 0.04 0.204 0.146 0.01 0.032 0.071 0.053 0.023 0.023 0.032 0.064 0.011 0.016 0.021 0.095 0.06 0.004 0.014 0.029
301 I 0.071 0.023 0.022 0.022 0.015 0.017 0.025 0.03 0.011 0.162 0.14 0.029 0.028 0.076 0.017 0.064 0.083 0.006 0.025 0.133
302 F 0.052 0.027 0.043 0.048 0.011 0.019 0.031 0.06 0.015 0.065 0.13 0.045 0.022 0.167 0.07 0.059 0.035 0.008 0.038 0.054
303 D 0.053 0.076 0.07 0.078 0.011 0.033 0.049 0.046 0.02 0.073 0.067 0.077 0.028 0.033 0.02 0.07 0.061 0.007 0.054 0.074
304 F 0.033 0.02 0.017 0.016 0.01 0.013 0.02 0.023 0.021 0.056 0.1 0.021 0.033 0.35 0.011 0.025 0.025 0.017 0.14 0.051
305 V 0.093 0.022 0.018 0.02 0.016 0.017 0.023 0.031 0.01 0.154 0.147 0.027 0.037 0.077 0.017 0.042 0.06 0.007 0.025 0.158
306 V 0.079 0.033 0.101 0.038 0.014 0.024 0.034 0.069 0.015 0.099 0.073 0.053 0.02 0.024 0.02 0.072 0.105 0.005 0.016 0.108
307 T 0.072 0.071 0.106 0.04 0.012 0.028 0.038 0.072 0.019 0.036 0.053 0.049 0.026 0.027 0.021 0.085 0.127 0.034 0.037 0.045
308 E 0.053 0.049 0.055 0.066 0.035 0.112 0.236 0.036 0.024 0.023 0.038 0.068 0.014 0.015 0.023 0.063 0.038 0.005 0.016 0.031
309 L 0.045 0.021 0.015 0.016 0.015 0.015 0.019 0.021 0.009 0.158 0.283 0.024 0.037 0.044 0.014 0.027 0.048 0.034 0.022 0.133
310 L 0.038 0.022 0.052 0.021 0.013 0.015 0.021 0.025 0.013 0.108 0.272 0.024 0.035 0.148 0.013 0.027 0.031 0.009 0.036 0.079
311 P 0.048 0.022 0.02 0.026 0.01 0.017 0.03 0.031 0.012 0.045 0.051 0.034 0.013 0.081 0.425 0.037 0.032 0.005 0.023 0.039
312 D 0.038 0.027 0.063 0.447 0.007 0.027 0.084 0.043 0.017 0.021 0.026 0.041 0.009 0.014 0.021 0.048 0.032 0.003 0.01 0.022
313 F 0.039 0.019 0.019 0.019 0.011 0.012 0.021 0.027 0.015 0.069 0.1 0.021 0.023 0.373 0.012 0.051 0.029 0.014 0.071 0.055
314 I 0.046 0.018 0.014 0.016 0.015 0.013 0.017 0.02 0.008 0.28 0.179 0.022 0.038 0.041 0.014 0.024 0.037 0.006 0.019 0.175
315 S 0.117 0.033 0.061 0.042 0.015 0.027 0.042 0.138 0.017 0.028 0.039 0.045 0.014 0.019 0.025 0.203 0.075 0.005 0.015 0.039
316 K 0.052 0.114 0.038 0.038 0.008 0.049 0.064 0.039 0.019 0.025 0.04 0.326 0.014 0.014 0.025 0.049 0.036 0.005 0.016 0.03
317 R 0.041 0.399 0.036 0.028 0.007 0.044 0.048 0.03 0.021 0.021 0.043 0.11 0.014 0.016 0.018 0.041 0.032 0.005 0.016 0.028
318 I 0.043 0.018 0.013 0.016 0.015 0.013 0.017 0.019 0.009 0.254 0.228 0.022 0.037 0.05 0.013 0.023 0.035 0.006 0.02 0.148
319 V 0.086 0.026 0.077 0.033 0.015 0.021 0.045 0.064 0.014 0.121 0.088 0.034 0.022 0.041 0.018 0.061 0.044 0.005 0.019 0.164
320 P 0.077 0.039 0.04 0.108 0.011 0.033 0.098 0.079 0.017 0.025 0.036 0.077 0.012 0.015 0.132 0.096 0.056 0.004 0.014 0.033
