#Seq2Logo.py -f /work3/idamei/ssn-clusterings/clustering/2205111339/clusters/0005_704/sequences.afa -o /work3/idamei/ssn-clusterings/clustering/2205111339/clusters/0005_704/sequences.logo
#Position Specific Frequency Matrix
A R N D C Q E G H I L K M F P S T W Y V
0 L 0.052 0.032 0.02 0.02 0.016 0.028 0.028 0.028 0.016 0.101 0.197 0.036 0.158 0.048 0.016 0.036 0.04 0.008 0.024 0.093
1 S 0.11 0.04 0.054 0.049 0.018 0.033 0.053 0.066 0.019 0.03 0.042 0.054 0.016 0.021 0.03 0.218 0.082 0.005 0.018 0.042
2 G 0.078 0.023 0.039 0.034 0.011 0.019 0.026 0.509 0.014 0.019 0.028 0.034 0.009 0.016 0.019 0.051 0.03 0.005 0.011 0.024
3 Q 0.056 0.074 0.044 0.047 0.009 0.213 0.103 0.041 0.029 0.027 0.047 0.091 0.021 0.015 0.024 0.056 0.041 0.006 0.021 0.035
4 L 0.052 0.032 0.02 0.02 0.016 0.028 0.028 0.028 0.016 0.101 0.197 0.036 0.158 0.048 0.016 0.036 0.04 0.008 0.024 0.093
5 N 0.043 0.045 0.315 0.083 0.009 0.034 0.05 0.065 0.032 0.023 0.032 0.054 0.011 0.018 0.02 0.07 0.05 0.005 0.016 0.027
6 F 0.034 0.019 0.017 0.017 0.011 0.011 0.019 0.025 0.017 0.064 0.114 0.019 0.025 0.385 0.011 0.025 0.025 0.017 0.089 0.055
7 L 0.045 0.024 0.014 0.015 0.016 0.016 0.02 0.021 0.01 0.116 0.374 0.025 0.05 0.055 0.014 0.024 0.033 0.007 0.022 0.096
8 L 0.052 0.032 0.02 0.02 0.016 0.028 0.028 0.028 0.016 0.101 0.197 0.036 0.158 0.048 0.016 0.036 0.04 0.008 0.024 0.093
9 N 0.043 0.045 0.315 0.083 0.009 0.034 0.05 0.065 0.032 0.023 0.032 0.054 0.011 0.018 0.02 0.07 0.05 0.005 0.016 0.027
10 K 0.057 0.107 0.042 0.042 0.009 0.054 0.071 0.043 0.021 0.028 0.043 0.276 0.016 0.016 0.028 0.054 0.04 0.005 0.017 0.033
11 N 0.043 0.045 0.315 0.083 0.009 0.034 0.05 0.065 0.032 0.023 0.032 0.054 0.011 0.018 0.02 0.07 0.05 0.005 0.016 0.027
12 L 0.05 0.03 0.018 0.019 0.016 0.025 0.026 0.026 0.014 0.103 0.242 0.033 0.142 0.049 0.015 0.033 0.038 0.008 0.023 0.092
13 K 0.056 0.106 0.041 0.041 0.008 0.053 0.07 0.043 0.02 0.027 0.043 0.289 0.015 0.015 0.027 0.053 0.039 0.005 0.017 0.032
14 I 0.046 0.017 0.014 0.017 0.016 0.013 0.017 0.02 0.009 0.282 0.165 0.023 0.036 0.044 0.014 0.025 0.039 0.006 0.02 0.174
15 L 0.07 0.051 0.038 0.035 0.015 0.032 0.045 0.043 0.016 0.056 0.133 0.103 0.025 0.028 0.024 0.1 0.103 0.006 0.018 0.06
16 Y 0.046 0.025 0.02 0.018 0.13 0.019 0.025 0.026 0.037 0.043 0.067 0.028 0.018 0.102 0.016 0.033 0.03 0.022 0.249 0.049
17 L 0.067 0.026 0.025 0.025 0.017 0.02 0.028 0.033 0.011 0.147 0.18 0.032 0.033 0.038 0.018 0.078 0.05 0.006 0.02 0.147
18 D 0.053 0.054 0.12 0.142 0.011 0.036 0.062 0.049 0.021 0.031 0.041 0.108 0.014 0.018 0.024 0.066 0.095 0.005 0.015 0.038
19 L 0.051 0.022 0.015 0.016 0.017 0.015 0.02 0.022 0.009 0.168 0.266 0.025 0.041 0.047 0.015 0.026 0.038 0.006 0.021 0.161
20 Y 0.04 0.028 0.021 0.018 0.009 0.021 0.028 0.025 0.046 0.043 0.067 0.031 0.018 0.129 0.015 0.031 0.028 0.028 0.328 0.046
21 K 0.055 0.073 0.035 0.048 0.01 0.049 0.119 0.037 0.021 0.044 0.079 0.172 0.054 0.024 0.024 0.049 0.039 0.006 0.019 0.047
22 L 0.039 0.023 0.017 0.016 0.012 0.015 0.021 0.023 0.021 0.077 0.203 0.024 0.032 0.201 0.013 0.026 0.029 0.016 0.123 0.067
23 I 0.054 0.019 0.02 0.021 0.015 0.014 0.019 0.145 0.01 0.216 0.131 0.026 0.03 0.037 0.016 0.031 0.037 0.006 0.018 0.137
24 I 0.058 0.023 0.022 0.022 0.017 0.017 0.024 0.027 0.01 0.195 0.131 0.029 0.031 0.036 0.018 0.043 0.096 0.006 0.02 0.174
25 Y 0.041 0.027 0.02 0.018 0.011 0.02 0.026 0.024 0.037 0.061 0.147 0.029 0.026 0.11 0.015 0.029 0.029 0.022 0.251 0.058
26 L 0.045 0.021 0.014 0.016 0.016 0.015 0.019 0.021 0.009 0.198 0.275 0.024 0.043 0.049 0.014 0.024 0.036 0.006 0.021 0.134
27 V 0.058 0.02 0.015 0.017 0.017 0.015 0.02 0.022 0.008 0.222 0.147 0.024 0.034 0.039 0.015 0.029 0.044 0.006 0.02 0.227
28 I 0.053 0.022 0.016 0.018 0.017 0.018 0.021 0.023 0.01 0.206 0.163 0.027 0.069 0.042 0.015 0.029 0.042 0.006 0.021 0.18
29 F 0.039 0.02 0.015 0.016 0.013 0.012 0.019 0.023 0.013 0.13 0.194 0.021 0.034 0.222 0.012 0.025 0.031 0.012 0.054 0.094
30 L 0.044 0.024 0.014 0.015 0.016 0.016 0.02 0.021 0.01 0.114 0.385 0.025 0.049 0.054 0.014 0.024 0.033 0.007 0.022 0.095
31 N 0.042 0.044 0.258 0.071 0.009 0.034 0.05 0.058 0.114 0.022 0.033 0.051 0.012 0.021 0.02 0.062 0.043 0.005 0.026 0.026
32 L 0.044 0.024 0.014 0.015 0.016 0.016 0.02 0.021 0.01 0.114 0.385 0.025 0.049 0.054 0.014 0.024 0.033 0.007 0.022 0.095
33 G 0.077 0.023 0.039 0.033 0.011 0.019 0.025 0.517 0.013 0.019 0.028 0.033 0.009 0.016 0.019 0.051 0.029 0.005 0.011 0.024
34 F 0.039 0.02 0.015 0.016 0.013 0.012 0.019 0.023 0.013 0.13 0.194 0.021 0.034 0.222 0.012 0.025 0.031 0.012 0.054 0.094
35 L 0.044 0.022 0.014 0.016 0.016 0.015 0.019 0.021 0.01 0.156 0.33 0.025 0.046 0.051 0.014 0.024 0.034 0.007 0.022 0.115
36 N 0.042 0.044 0.327 0.082 0.009 0.033 0.049 0.064 0.031 0.022 0.031 0.053 0.011 0.018 0.02 0.069 0.049 0.004 0.015 0.027
37 I 0.046 0.019 0.014 0.017 0.016 0.014 0.018 0.02 0.009 0.24 0.22 0.024 0.039 0.046 0.014 0.024 0.038 0.006 0.021 0.154
38 F 0.035 0.025 0.094 0.033 0.01 0.016 0.026 0.035 0.02 0.052 0.092 0.027 0.022 0.301 0.013 0.036 0.031 0.014 0.069 0.047
39 G 0.069 0.03 0.033 0.03 0.013 0.025 0.033 0.159 0.024 0.047 0.083 0.038 0.054 0.053 0.02 0.087 0.044 0.011 0.095 0.051
40 P 0.065 0.04 0.111 0.062 0.011 0.037 0.111 0.05 0.022 0.025 0.036 0.055 0.012 0.017 0.144 0.099 0.05 0.004 0.015 0.032
41 F 0.041 0.047 0.1 0.039 0.01 0.027 0.039 0.039 0.021 0.044 0.075 0.095 0.019 0.206 0.017 0.043 0.034 0.011 0.052 0.042
42 D 0.065 0.048 0.051 0.147 0.01 0.088 0.137 0.047 0.023 0.025 0.038 0.065 0.014 0.017 0.025 0.098 0.048 0.005 0.016 0.033
43 T 0.058 0.029 0.03 0.027 0.015 0.022 0.031 0.033 0.02 0.107 0.09 0.036 0.023 0.055 0.021 0.06 0.146 0.011 0.096 0.09
44 T 0.064 0.05 0.037 0.036 0.013 0.032 0.046 0.041 0.015 0.039 0.052 0.105 0.016 0.019 0.146 0.07 0.148 0.005 0.016 0.051
45 S 0.137 0.033 0.037 0.035 0.016 0.026 0.041 0.059 0.017 0.033 0.048 0.043 0.016 0.031 0.024 0.142 0.058 0.129 0.03 0.045
46 L 0.054 0.027 0.017 0.018 0.017 0.022 0.025 0.025 0.012 0.118 0.225 0.03 0.107 0.046 0.015 0.032 0.04 0.007 0.022 0.139
47 L 0.047 0.023 0.017 0.017 0.014 0.016 0.022 0.024 0.02 0.095 0.173 0.025 0.031 0.153 0.014 0.028 0.034 0.014 0.114 0.119
48 L 0.051 0.02 0.015 0.017 0.017 0.015 0.019 0.021 0.009 0.21 0.211 0.024 0.038 0.044 0.015 0.026 0.04 0.006 0.021 0.181
49 S 0.108 0.04 0.053 0.048 0.017 0.033 0.052 0.065 0.019 0.029 0.041 0.053 0.015 0.021 0.029 0.231 0.081 0.005 0.017 0.041
50 A 0.132 0.031 0.034 0.033 0.018 0.025 0.037 0.051 0.014 0.102 0.082 0.041 0.022 0.027 0.025 0.108 0.107 0.006 0.018 0.088
51 I 0.052 0.018 0.015 0.017 0.017 0.014 0.019 0.021 0.009 0.252 0.156 0.024 0.035 0.041 0.015 0.027 0.042 0.006 0.02 0.2
52 L 0.052 0.025 0.021 0.021 0.016 0.018 0.024 0.026 0.011 0.14 0.25 0.029 0.038 0.044 0.017 0.041 0.091 0.006 0.02 0.108
53 S 0.156 0.037 0.046 0.043 0.018 0.031 0.049 0.068 0.018 0.033 0.046 0.051 0.016 0.021 0.029 0.195 0.073 0.005 0.017 0.048
54 I 0.046 0.017 0.014 0.017 0.016 0.013 0.017 0.02 0.009 0.282 0.165 0.023 0.036 0.044 0.014 0.025 0.039 0.006 0.02 0.174
55 L 0.125 0.028 0.027 0.027 0.018 0.022 0.032 0.046 0.013 0.117 0.162 0.036 0.029 0.035 0.022 0.091 0.051 0.006 0.019 0.094
56 L 0.062 0.024 0.022 0.021 0.136 0.018 0.024 0.03 0.01 0.093 0.16 0.029 0.029 0.033 0.018 0.047 0.094 0.006 0.018 0.125
57 F 0.033 0.019 0.017 0.017 0.01 0.01 0.019 0.025 0.017 0.062 0.113 0.019 0.025 0.396 0.01 0.025 0.025 0.017 0.087 0.054
58 L 0.039 0.021 0.015 0.016 0.013 0.013 0.019 0.023 0.013 0.088 0.249 0.022 0.037 0.225 0.012 0.024 0.029 0.012 0.055 0.074
59 L 0.051 0.02 0.015 0.017 0.017 0.015 0.019 0.021 0.009 0.21 0.211 0.024 0.038 0.044 0.015 0.026 0.04 0.006 0.021 0.181
60 Y 0.038 0.025 0.02 0.018 0.009 0.019 0.025 0.025 0.039 0.048 0.079 0.028 0.02 0.196 0.014 0.029 0.027 0.025 0.268 0.048
61 L 0.056 0.023 0.015 0.016 0.017 0.016 0.021 0.023 0.009 0.138 0.257 0.025 0.04 0.045 0.015 0.028 0.041 0.006 0.021 0.187
62 L 0.041 0.11 0.099 0.036 0.011 0.027 0.035 0.036 0.02 0.055 0.144 0.054 0.025 0.121 0.016 0.04 0.035 0.008 0.036 0.052
63 Q 0.052 0.065 0.114 0.055 0.009 0.178 0.088 0.047 0.029 0.025 0.043 0.081 0.018 0.015 0.022 0.058 0.043 0.005 0.019 0.033
64 P 0.056 0.045 0.027 0.033 0.01 0.028 0.044 0.037 0.015 0.026 0.037 0.103 0.011 0.013 0.383 0.046 0.037 0.003 0.014 0.031
65 L 0.042 0.035 0.104 0.038 0.01 0.027 0.037 0.037 0.113 0.05 0.13 0.038 0.023 0.058 0.017 0.041 0.034 0.012 0.105 0.047
66 K 0.052 0.09 0.044 0.04 0.008 0.049 0.065 0.041 0.106 0.026 0.041 0.228 0.015 0.019 0.025 0.05 0.036 0.006 0.027 0.03
67 I 0.047 0.032 0.099 0.051 0.012 0.031 0.098 0.035 0.018 0.152 0.1 0.043 0.024 0.03 0.019 0.043 0.041 0.005 0.018 0.101
68 K 0.056 0.091 0.041 0.053 0.008 0.055 0.129 0.041 0.022 0.026 0.041 0.235 0.015 0.016 0.027 0.053 0.038 0.005 0.017 0.032
69 I 0.048 0.021 0.016 0.018 0.016 0.017 0.02 0.022 0.01 0.236 0.173 0.026 0.07 0.045 0.015 0.027 0.039 0.006 0.021 0.153
70 K 0.053 0.07 0.108 0.049 0.009 0.04 0.056 0.046 0.021 0.025 0.038 0.168 0.013 0.015 0.144 0.054 0.041 0.004 0.016 0.03
71 S 0.108 0.04 0.053 0.048 0.017 0.033 0.052 0.065 0.019 0.029 0.041 0.053 0.015 0.021 0.029 0.231 0.081 0.005 0.017 0.041
72 E 0.066 0.053 0.037 0.049 0.012 0.041 0.111 0.041 0.018 0.09 0.071 0.11 0.02 0.024 0.024 0.091 0.049 0.005 0.018 0.07
73 W 0.032 0.024 0.017 0.016 0.008 0.017 0.024 0.029 0.023 0.033 0.056 0.024 0.016 0.077 0.009 0.024 0.024 0.382 0.132 0.034
74 L 0.058 0.021 0.016 0.017 0.076 0.015 0.021 0.025 0.01 0.123 0.182 0.024 0.033 0.083 0.015 0.03 0.04 0.007 0.028 0.177
75 K 0.053 0.065 0.033 0.035 0.011 0.096 0.063 0.035 0.019 0.111 0.085 0.133 0.024 0.025 0.022 0.044 0.04 0.006 0.019 0.081
76 L 0.042 0.021 0.015 0.016 0.015 0.014 0.019 0.022 0.011 0.143 0.262 0.023 0.04 0.137 0.013 0.024 0.033 0.009 0.038 0.104
77 Y 0.038 0.025 0.02 0.018 0.009 0.019 0.025 0.025 0.039 0.048 0.079 0.028 0.02 0.196 0.014 0.029 0.027 0.025 0.268 0.048
78 L 0.052 0.023 0.021 0.022 0.016 0.017 0.023 0.026 0.01 0.182 0.195 0.029 0.035 0.041 0.018 0.041 0.092 0.006 0.02 0.128
79 L 0.058 0.024 0.022 0.022 0.017 0.018 0.025 0.027 0.01 0.153 0.186 0.03 0.034 0.039 0.018 0.043 0.095 0.006 0.02 0.155
80 L 0.052 0.024 0.02 0.02 0.015 0.017 0.021 0.145 0.011 0.09 0.296 0.027 0.039 0.044 0.015 0.031 0.032 0.007 0.019 0.077
81 V 0.057 0.021 0.015 0.017 0.017 0.015 0.021 0.022 0.009 0.18 0.202 0.025 0.037 0.042 0.015 0.028 0.042 0.006 0.021 0.207
82 I 0.043 0.018 0.015 0.017 0.015 0.012 0.018 0.021 0.011 0.227 0.152 0.022 0.033 0.132 0.013 0.025 0.036 0.009 0.037 0.144
83 V 0.063 0.021 0.016 0.018 0.018 0.015 0.022 0.023 0.008 0.192 0.138 0.025 0.032 0.037 0.016 0.03 0.046 0.006 0.02 0.253
84 L 0.109 0.024 0.017 0.019 0.017 0.018 0.024 0.035 0.011 0.138 0.248 0.029 0.038 0.043 0.018 0.039 0.039 0.006 0.02 0.108
85 F 0.033 0.019 0.017 0.017 0.01 0.01 0.019 0.025 0.017 0.062 0.113 0.019 0.025 0.396 0.01 0.025 0.025 0.017 0.087 0.054
86 F 0.033 0.019 0.017 0.017 0.01 0.01 0.019 0.025 0.017 0.062 0.113 0.019 0.025 0.396 0.01 0.025 0.025 0.017 0.087 0.054
87 F 0.047 0.021 0.017 0.018 0.014 0.015 0.022 0.024 0.02 0.137 0.118 0.025 0.028 0.151 0.014 0.028 0.035 0.014 0.114 0.138
88 E 0.051 0.06 0.045 0.055 0.008 0.138 0.141 0.038 0.112 0.024 0.042 0.075 0.017 0.019 0.023 0.051 0.036 0.006 0.028 0.031
89 L 0.044 0.022 0.014 0.016 0.016 0.015 0.019 0.021 0.01 0.156 0.33 0.025 0.046 0.051 0.014 0.024 0.034 0.007 0.022 0.115
90 F 0.048 0.019 0.022 0.021 0.012 0.013 0.02 0.147 0.014 0.106 0.105 0.023 0.024 0.213 0.013 0.031 0.03 0.011 0.051 0.077
91 R 0.044 0.355 0.038 0.031 0.008 0.048 0.052 0.032 0.023 0.023 0.046 0.118 0.015 0.017 0.019 0.044 0.034 0.006 0.017 0.031
92 L 0.049 0.022 0.015 0.015 0.135 0.015 0.019 0.024 0.009 0.096 0.305 0.024 0.041 0.045 0.015 0.028 0.034 0.006 0.019 0.085
93 K 0.065 0.098 0.037 0.036 0.012 0.037 0.05 0.041 0.017 0.091 0.073 0.142 0.021 0.024 0.024 0.089 0.049 0.005 0.018 0.07
94 S 0.082 0.064 0.048 0.046 0.013 0.086 0.069 0.053 0.022 0.028 0.043 0.121 0.017 0.018 0.027 0.143 0.06 0.005 0.018 0.037
95 V 0.055 0.036 0.023 0.025 0.015 0.071 0.042 0.028 0.015 0.142 0.134 0.044 0.065 0.035 0.017 0.037 0.042 0.006 0.021 0.145
96 G 0.065 0.031 0.109 0.045 0.012 0.024 0.036 0.168 0.02 0.033 0.053 0.04 0.015 0.113 0.02 0.094 0.046 0.008 0.033 0.037
97 I 0.047 0.031 0.12 0.04 0.014 0.025 0.031 0.037 0.019 0.134 0.13 0.037 0.073 0.036 0.017 0.043 0.043 0.006 0.02 0.097
98 P 0.082 0.032 0.038 0.039 0.014 0.027 0.044 0.05 0.016 0.027 0.038 0.047 0.013 0.017 0.265 0.137 0.058 0.004 0.015 0.036
99 S 0.078 0.043 0.118 0.067 0.013 0.041 0.115 0.057 0.024 0.026 0.037 0.059 0.014 0.019 0.026 0.146 0.062 0.005 0.017 0.035
100 L 0.046 0.024 0.016 0.017 0.016 0.018 0.021 0.022 0.011 0.152 0.282 0.027 0.077 0.05 0.015 0.027 0.036 0.007 0.022 0.114
101 S 0.099 0.038 0.051 0.045 0.017 0.031 0.048 0.06 0.018 0.035 0.047 0.051 0.016 0.021 0.029 0.196 0.125 0.005 0.017 0.048
102 L 0.051 0.022 0.015 0.016 0.017 0.015 0.02 0.022 0.009 0.168 0.266 0.025 0.041 0.047 0.015 0.026 0.038 0.006 0.021 0.161
103 L 0.05 0.055 0.028 0.03 0.012 0.077 0.052 0.031 0.017 0.112 0.16 0.107 0.03 0.032 0.02 0.039 0.038 0.006 0.02 0.084
104 G 0.074 0.046 0.044 0.054 0.011 0.085 0.121 0.164 0.022 0.024 0.038 0.063 0.014 0.017 0.024 0.098 0.047 0.005 0.016 0.033
105 A 0.243 0.028 0.023 0.026 0.021 0.023 0.036 0.064 0.013 0.072 0.076 0.039 0.021 0.025 0.026 0.071 0.049 0.005 0.018 0.121
106 I 0.052 0.018 0.015 0.017 0.017 0.014 0.019 0.021 0.009 0.252 0.156 0.024 0.035 0.041 0.015 0.027 0.042 0.006 0.02 0.2
107 A 0.112 0.045 0.104 0.044 0.014 0.078 0.054 0.052 0.023 0.047 0.082 0.056 0.055 0.025 0.022 0.061 0.045 0.006 0.019 0.055
108 F 0.038 0.109 0.1 0.036 0.009 0.025 0.034 0.037 0.022 0.043 0.075 0.052 0.019 0.207 0.015 0.041 0.033 0.011 0.052 0.041
109 Y 0.04 0.028 0.021 0.018 0.009 0.021 0.028 0.025 0.046 0.043 0.067 0.031 0.018 0.129 0.015 0.031 0.028 0.028 0.328 0.046
110 G 0.053 0.036 0.118 0.153 0.009 0.036 0.118 0.165 0.022 0.021 0.031 0.051 0.011 0.016 0.022 0.056 0.037 0.005 0.013 0.026
111 G 0.066 0.022 0.033 0.029 0.011 0.017 0.024 0.394 0.014 0.03 0.049 0.03 0.013 0.111 0.017 0.044 0.028 0.008 0.03 0.032
112 I 0.049 0.019 0.015 0.017 0.015 0.013 0.019 0.022 0.011 0.197 0.143 0.023 0.032 0.13 0.014 0.027 0.038 0.008 0.037 0.171
113 F 0.033 0.019 0.017 0.017 0.01 0.01 0.019 0.025 0.017 0.062 0.113 0.019 0.025 0.396 0.01 0.025 0.025 0.017 0.087 0.054
114 L 0.044 0.024 0.014 0.015 0.016 0.016 0.02 0.021 0.01 0.114 0.385 0.025 0.049 0.054 0.014 0.024 0.033 0.007 0.022 0.095
115 L 0.066 0.027 0.024 0.024 0.017 0.02 0.029 0.033 0.012 0.105 0.235 0.032 0.036 0.041 0.018 0.078 0.049 0.006 0.02 0.128
116 L 0.044 0.024 0.014 0.015 0.016 0.016 0.02 0.021 0.01 0.114 0.385 0.025 0.049 0.054 0.014 0.024 0.033 0.007 0.022 0.095
117 L 0.044 0.024 0.014 0.015 0.016 0.016 0.02 0.021 0.01 0.114 0.385 0.025 0.049 0.054 0.014 0.024 0.033 0.007 0.022 0.095
118 I 0.12 0.027 0.028 0.028 0.018 0.021 0.031 0.043 0.012 0.136 0.101 0.036 0.025 0.03 0.023 0.064 0.124 0.006 0.018 0.108
119 F 0.035 0.021 0.018 0.017 0.01 0.013 0.021 0.025 0.024 0.058 0.101 0.022 0.023 0.329 0.012 0.026 0.026 0.019 0.148 0.052
120 P 0.056 0.025 0.023 0.031 0.01 0.02 0.036 0.036 0.013 0.025 0.036 0.041 0.01 0.013 0.501 0.043 0.036 0.003 0.013 0.031
121 I 0.046 0.019 0.014 0.017 0.016 0.014 0.018 0.02 0.009 0.24 0.22 0.024 0.039 0.046 0.014 0.024 0.038 0.006 0.021 0.154
122 Y 0.041 0.027 0.02 0.018 0.011 0.02 0.026 0.024 0.037 0.061 0.147 0.029 0.026 0.11 0.015 0.029 0.029 0.022 0.251 0.058
123 E 0.054 0.049 0.04 0.089 0.007 0.064 0.307 0.034 0.025 0.022 0.036 0.074 0.013 0.016 0.025 0.054 0.036 0.005 0.016 0.031
124 V 0.061 0.02 0.016 0.018 0.018 0.015 0.021 0.023 0.008 0.207 0.142 0.025 0.033 0.038 0.016 0.029 0.045 0.006 0.02 0.24
125 L 0.049 0.023 0.015 0.016 0.016 0.015 0.021 0.022 0.01 0.119 0.287 0.024 0.041 0.092 0.014 0.026 0.036 0.008 0.03 0.136
126 K 0.05 0.06 0.106 0.047 0.01 0.081 0.059 0.042 0.022 0.089 0.071 0.114 0.021 0.023 0.021 0.05 0.042 0.005 0.018 0.067
127 H 0.061 0.054 0.042 0.036 0.011 0.036 0.05 0.043 0.112 0.03 0.047 0.104 0.016 0.049 0.023 0.089 0.043 0.011 0.105 0.036
128 N 0.058 0.04 0.182 0.06 0.013 0.03 0.044 0.054 0.023 0.038 0.048 0.049 0.015 0.021 0.024 0.081 0.15 0.005 0.017 0.049
129 D 0.041 0.033 0.133 0.325 0.008 0.03 0.08 0.05 0.022 0.022 0.028 0.046 0.01 0.015 0.022 0.056 0.038 0.004 0.012 0.025
130 H 0.057 0.062 0.046 0.039 0.011 0.039 0.054 0.041 0.132 0.034 0.048 0.126 0.017 0.023 0.024 0.062 0.107 0.006 0.03 0.042
131 K 0.053 0.154 0.04 0.05 0.008 0.054 0.124 0.038 0.022 0.025 0.042 0.193 0.015 0.016 0.025 0.051 0.037 0.005 0.017 0.032
132 V 0.066 0.027 0.038 0.122 0.015 0.023 0.046 0.039 0.014 0.124 0.091 0.037 0.023 0.028 0.021 0.085 0.051 0.005 0.017 0.13
133 F 0.033 0.019 0.017 0.017 0.01 0.01 0.019 0.025 0.017 0.062 0.113 0.019 0.025 0.396 0.01 0.025 0.025 0.017 0.087 0.054
134 L 0.042 0.019 0.015 0.017 0.015 0.013 0.018 0.022 0.011 0.185 0.207 0.023 0.037 0.134 0.013 0.025 0.034 0.009 0.038 0.124
135 K 0.053 0.16 0.041 0.04 0.008 0.095 0.073 0.04 0.023 0.026 0.044 0.196 0.017 0.016 0.024 0.051 0.038 0.005 0.018 0.032
136 N 0.045 0.051 0.256 0.073 0.009 0.081 0.062 0.058 0.031 0.023 0.035 0.062 0.013 0.017 0.021 0.065 0.047 0.005 0.017 0.029
137 L 0.058 0.024 0.022 0.022 0.017 0.018 0.025 0.027 0.01 0.153 0.186 0.03 0.034 0.039 0.018 0.043 0.095 0.006 0.02 0.155
138 V 0.127 0.024 0.018 0.02 0.02 0.018 0.027 0.038 0.01 0.132 0.111 0.03 0.028 0.032 0.02 0.045 0.049 0.005 0.02 0.227
139 I 0.046 0.017 0.014 0.017 0.016 0.013 0.017 0.02 0.009 0.282 0.165 0.023 0.036 0.044 0.014 0.025 0.039 0.006 0.02 0.174
140 L 0.045 0.021 0.014 0.016 0.016 0.015 0.019 0.021 0.009 0.198 0.275 0.024 0.043 0.049 0.014 0.024 0.036 0.006 0.021 0.134
141 G 0.075 0.022 0.033 0.029 0.013 0.018 0.025 0.394 0.012 0.055 0.053 0.031 0.015 0.021 0.018 0.046 0.034 0.005 0.013 0.088
142 Y 0.038 0.025 0.02 0.018 0.009 0.019 0.025 0.025 0.039 0.048 0.079 0.028 0.02 0.196 0.014 0.029 0.027 0.025 0.268 0.048
143 L 0.051 0.022 0.015 0.016 0.017 0.015 0.02 0.022 0.009 0.168 0.266 0.025 0.041 0.047 0.015 0.026 0.038 0.006 0.021 0.161
144 A 0.169 0.027 0.022 0.023 0.016 0.021 0.032 0.051 0.023 0.048 0.074 0.034 0.019 0.142 0.021 0.056 0.038 0.014 0.112 0.059
145 L 0.044 0.024 0.014 0.015 0.016 0.016 0.02 0.021 0.01 0.114 0.385 0.025 0.049 0.054 0.014 0.024 0.033 0.007 0.022 0.095
146 F 0.039 0.02 0.015 0.016 0.013 0.012 0.019 0.023 0.013 0.13 0.194 0.021 0.034 0.222 0.012 0.025 0.031 0.012 0.054 0.094
147 F 0.046 0.024 0.018 0.018 0.013 0.019 0.024 0.025 0.022 0.107 0.13 0.027 0.063 0.153 0.014 0.03 0.034 0.014 0.115 0.105
148 R 0.047 0.292 0.039 0.033 0.008 0.049 0.056 0.035 0.022 0.024 0.045 0.161 0.015 0.017 0.021 0.046 0.036 0.006 0.017 0.031
149 F 0.039 0.02 0.015 0.016 0.013 0.012 0.019 0.023 0.013 0.13 0.194 0.021 0.034 0.222 0.012 0.025 0.031 0.012 0.054 0.094
150 I 0.06 0.02 0.021 0.021 0.015 0.015 0.021 0.146 0.01 0.186 0.122 0.026 0.028 0.035 0.016 0.033 0.039 0.006 0.018 0.163
151 V 0.121 0.023 0.018 0.02 0.019 0.018 0.026 0.037 0.01 0.162 0.12 0.03 0.029 0.034 0.019 0.043 0.046 0.005 0.02 0.2
152 W 0.03 0.022 0.015 0.015 0.007 0.015 0.022 0.03 0.015 0.03 0.052 0.022 0.015 0.06 0.007 0.022 0.022 0.5 0.067 0.03
153 G 0.119 0.022 0.024 0.024 0.133 0.017 0.025 0.163 0.013 0.042 0.066 0.029 0.017 0.113 0.019 0.05 0.035 0.008 0.032 0.05
154 L 0.112 0.029 0.02 0.021 0.017 0.024 0.029 0.038 0.014 0.089 0.208 0.035 0.103 0.043 0.019 0.045 0.04 0.007 0.022 0.086
155 F 0.037 0.023 0.019 0.018 0.01 0.016 0.023 0.025 0.031 0.053 0.09 0.025 0.022 0.262 0.013 0.028 0.026 0.022 0.208 0.05
156 N 0.042 0.044 0.327 0.082 0.009 0.033 0.049 0.064 0.031 0.022 0.031 0.053 0.011 0.018 0.02 0.069 0.049 0.004 0.015 0.027
157 F 0.033 0.019 0.017 0.017 0.01 0.01 0.019 0.025 0.017 0.062 0.113 0.019 0.025 0.396 0.01 0.025 0.025 0.017 0.087 0.054
158 V 0.064 0.047 0.032 0.031 0.015 0.029 0.04 0.035 0.013 0.102 0.087 0.098 0.023 0.027 0.023 0.059 0.123 0.006 0.018 0.126
159 G 0.067 0.031 0.043 0.035 0.012 0.026 0.035 0.279 0.101 0.028 0.039 0.039 0.013 0.021 0.021 0.058 0.086 0.006 0.024 0.035
160 I 0.054 0.019 0.02 0.021 0.015 0.014 0.019 0.145 0.01 0.216 0.131 0.026 0.03 0.037 0.016 0.031 0.037 0.006 0.018 0.137
161 D 0.042 0.116 0.158 0.191 0.008 0.035 0.065 0.049 0.024 0.022 0.033 0.066 0.011 0.016 0.021 0.056 0.04 0.004 0.014 0.027
162 I 0.046 0.02 0.017 0.021 0.013 0.014 0.022 0.025 0.012 0.163 0.12 0.026 0.027 0.124 0.135 0.029 0.035 0.008 0.035 0.108
163 A 0.236 0.034 0.101 0.042 0.018 0.027 0.042 0.074 0.019 0.037 0.052 0.046 0.016 0.02 0.027 0.08 0.049 0.005 0.017 0.057
164 P 0.052 0.03 0.099 0.043 0.01 0.024 0.039 0.043 0.017 0.025 0.035 0.044 0.01 0.014 0.381 0.05 0.039 0.003 0.013 0.03
165 G 0.059 0.025 0.03 0.026 0.01 0.02 0.026 0.271 0.03 0.031 0.048 0.032 0.014 0.072 0.017 0.041 0.028 0.016 0.169 0.035
166 L 0.043 0.023 0.016 0.016 0.014 0.017 0.021 0.022 0.019 0.138 0.251 0.026 0.038 0.07 0.014 0.026 0.033 0.012 0.098 0.102
167 L 0.042 0.021 0.015 0.016 0.015 0.014 0.019 0.022 0.011 0.143 0.262 0.023 0.04 0.137 0.013 0.024 0.033 0.009 0.038 0.104
168 H 0.123 0.04 0.046 0.038 0.013 0.033 0.049 0.054 0.191 0.029 0.044 0.047 0.016 0.025 0.024 0.099 0.046 0.006 0.037 0.039
169 G 0.132 0.028 0.036 0.033 0.015 0.022 0.032 0.289 0.014 0.033 0.045 0.039 0.014 0.019 0.023 0.069 0.091 0.005 0.014 0.046
170 Q 0.056 0.074 0.044 0.047 0.009 0.215 0.103 0.041 0.029 0.026 0.047 0.091 0.021 0.015 0.024 0.056 0.041 0.006 0.021 0.035
171 S 0.11 0.04 0.054 0.049 0.018 0.033 0.052 0.066 0.019 0.03 0.042 0.054 0.016 0.021 0.03 0.22 0.082 0.005 0.018 0.042
172 G 0.061 0.185 0.039 0.032 0.009 0.034 0.039 0.272 0.018 0.021 0.037 0.077 0.012 0.017 0.019 0.048 0.032 0.006 0.014 0.028
173 L 0.07 0.037 0.037 0.047 0.015 0.035 0.104 0.041 0.017 0.054 0.132 0.049 0.024 0.029 0.024 0.1 0.102 0.006 0.018 0.059
174 D 0.106 0.033 0.122 0.231 0.011 0.029 0.067 0.058 0.021 0.027 0.036 0.046 0.012 0.017 0.023 0.064 0.042 0.004 0.014 0.036
175 W 0.03 0.022 0.015 0.015 0.007 0.015 0.022 0.03 0.015 0.03 0.052 0.022 0.015 0.06 0.007 0.022 0.022 0.5 0.067 0.03
176 T 0.065 0.115 0.042 0.035 0.015 0.032 0.042 0.04 0.016 0.045 0.06 0.063 0.018 0.022 0.025 0.079 0.202 0.006 0.017 0.06
177 R 0.044 0.355 0.038 0.031 0.008 0.048 0.052 0.032 0.023 0.023 0.046 0.118 0.015 0.017 0.019 0.044 0.034 0.006 0.017 0.031
178 P 0.13 0.042 0.036 0.039 0.014 0.076 0.057 0.055 0.019 0.031 0.045 0.057 0.016 0.017 0.146 0.103 0.052 0.005 0.017 0.044
179 L 0.051 0.022 0.015 0.016 0.017 0.015 0.02 0.022 0.009 0.168 0.266 0.025 0.041 0.047 0.015 0.026 0.038 0.006 0.021 0.161
180 L 0.05 0.022 0.021 0.02 0.013 0.015 0.021 0.146 0.012 0.077 0.227 0.025 0.033 0.13 0.014 0.031 0.03 0.009 0.036 0.067
181 G 0.068 0.028 0.111 0.045 0.01 0.022 0.031 0.404 0.018 0.02 0.029 0.038 0.01 0.016 0.019 0.055 0.034 0.005 0.012 0.025
182 L 0.044 0.11 0.03 0.025 0.012 0.029 0.035 0.028 0.102 0.11 0.158 0.053 0.029 0.036 0.017 0.033 0.033 0.007 0.029 0.08
183 N 0.044 0.037 0.185 0.147 0.01 0.031 0.054 0.051 0.024 0.041 0.071 0.046 0.051 0.024 0.019 0.056 0.043 0.005 0.016 0.042
184 F 0.036 0.02 0.016 0.016 0.012 0.012 0.019 0.024 0.015 0.075 0.181 0.02 0.031 0.31 0.011 0.025 0.027 0.014 0.071 0.064
185 V 0.069 0.028 0.026 0.026 0.017 0.022 0.03 0.034 0.013 0.143 0.132 0.034 0.064 0.037 0.019 0.081 0.052 0.006 0.02 0.147
186 R 0.044 0.355 0.038 0.031 0.008 0.048 0.052 0.032 0.023 0.023 0.046 0.118 0.015 0.017 0.019 0.044 0.034 0.006 0.017 0.031
187 L 0.053 0.024 0.016 0.017 0.017 0.018 0.022 0.023 0.011 0.164 0.218 0.027 0.072 0.045 0.015 0.029 0.04 0.007 0.022 0.16
188 S 0.14 0.038 0.115 0.052 0.016 0.031 0.048 0.068 0.021 0.031 0.043 0.051 0.015 0.02 0.027 0.154 0.065 0.005 0.017 0.044
189 G 0.068 0.028 0.111 0.045 0.01 0.022 0.031 0.404 0.018 0.02 0.029 0.038 0.01 0.016 0.019 0.055 0.034 0.005 0.012 0.025
190 T 0.072 0.035 0.043 0.037 0.018 0.027 0.039 0.043 0.014 0.053 0.064 0.045 0.019 0.023 0.027 0.091 0.258 0.006 0.018 0.07
191 F 0.041 0.018 0.017 0.017 0.131 0.011 0.018 0.027 0.014 0.058 0.1 0.019 0.023 0.302 0.012 0.029 0.028 0.013 0.069 0.055
192 L 0.046 0.026 0.015 0.016 0.016 0.019 0.022 0.023 0.011 0.11 0.337 0.028 0.08 0.052 0.014 0.027 0.035 0.007 0.022 0.094
193 D 0.04 0.029 0.068 0.406 0.007 0.029 0.09 0.046 0.018 0.022 0.028 0.044 0.009 0.015 0.022 0.051 0.035 0.004 0.011 0.024
194 G 0.055 0.027 0.101 0.041 0.011 0.021 0.032 0.159 0.016 0.087 0.065 0.038 0.017 0.022 0.138 0.047 0.038 0.005 0.015 0.064
195 L 0.043 0.023 0.016 0.016 0.014 0.017 0.021 0.022 0.019 0.138 0.251 0.026 0.038 0.07 0.014 0.026 0.033 0.012 0.098 0.102
196 L 0.06 0.031 0.03 0.027 0.017 0.025 0.031 0.034 0.013 0.079 0.177 0.037 0.065 0.037 0.021 0.061 0.147 0.007 0.02 0.081
197 F 0.039 0.02 0.015 0.016 0.013 0.012 0.019 0.023 0.013 0.13 0.194 0.021 0.034 0.222 0.012 0.025 0.031 0.012 0.054 0.094
198 V 0.057 0.021 0.015 0.017 0.017 0.015 0.021 0.022 0.009 0.18 0.202 0.025 0.037 0.042 0.015 0.028 0.042 0.006 0.021 0.207
199 Y 0.04 0.028 0.021 0.018 0.009 0.021 0.028 0.025 0.046 0.043 0.067 0.031 0.018 0.129 0.015 0.031 0.028 0.028 0.328 0.046
200 S 0.092 0.036 0.043 0.04 0.017 0.029 0.044 0.054 0.017 0.05 0.127 0.046 0.024 0.029 0.025 0.18 0.069 0.006 0.018 0.055
201 L 0.112 0.027 0.025 0.024 0.016 0.02 0.029 0.041 0.014 0.068 0.155 0.033 0.028 0.124 0.02 0.056 0.091 0.009 0.036 0.072
202 K 0.055 0.065 0.03 0.029 0.011 0.036 0.048 0.033 0.024 0.065 0.07 0.158 0.02 0.049 0.022 0.042 0.039 0.011 0.096 0.098
203 N 0.049 0.075 0.184 0.061 0.009 0.043 0.059 0.053 0.026 0.025 0.037 0.171 0.013 0.017 0.024 0.061 0.044 0.005 0.016 0.029
204 F 0.045 0.021 0.016 0.016 0.014 0.013 0.02 0.024 0.013 0.1 0.185 0.022 0.033 0.22 0.013 0.027 0.033 0.011 0.054 0.121
205 L 0.041 0.023 0.015 0.015 0.015 0.015 0.02 0.022 0.012 0.101 0.317 0.023 0.043 0.139 0.013 0.024 0.031 0.009 0.038 0.085
206 N 0.043 0.033 0.172 0.05 0.011 0.025 0.036 0.043 0.029 0.092 0.074 0.04 0.019 0.052 0.017 0.048 0.041 0.011 0.095 0.068
207 G 0.075 0.031 0.053 0.162 0.012 0.027 0.056 0.209 0.017 0.023 0.032 0.044 0.011 0.017 0.023 0.111 0.048 0.005 0.013 0.03
208 D 0.048 0.034 0.137 0.169 0.011 0.028 0.055 0.045 0.021 0.058 0.073 0.043 0.04 0.025 0.019 0.051 0.043 0.005 0.016 0.078
209 R 0.044 0.348 0.039 0.031 0.008 0.048 0.052 0.033 0.023 0.023 0.046 0.12 0.015 0.017 0.019 0.044 0.035 0.006 0.017 0.031
210 L 0.042 0.03 0.026 0.022 0.012 0.023 0.03 0.026 0.107 0.074 0.217 0.032 0.033 0.067 0.016 0.03 0.03 0.012 0.106 0.065
211 H 0.049 0.076 0.047 0.039 0.008 0.045 0.061 0.04 0.191 0.025 0.04 0.165 0.015 0.023 0.023 0.047 0.033 0.006 0.037 0.028
212 K 0.055 0.066 0.112 0.062 0.009 0.046 0.118 0.105 0.023 0.024 0.036 0.144 0.013 0.016 0.024 0.057 0.04 0.005 0.016 0.029
213 H 0.047 0.06 0.052 0.132 0.008 0.063 0.072 0.041 0.15 0.024 0.037 0.111 0.014 0.021 0.022 0.048 0.033 0.006 0.031 0.027
214 K 0.056 0.106 0.041 0.041 0.008 0.053 0.07 0.043 0.02 0.027 0.043 0.289 0.015 0.015 0.027 0.053 0.039 0.005 0.017 0.032
215 V 0.055 0.023 0.023 0.022 0.016 0.017 0.024 0.028 0.012 0.14 0.118 0.028 0.028 0.125 0.017 0.043 0.093 0.008 0.036 0.144
216 L 0.065 0.027 0.025 0.025 0.017 0.021 0.029 0.033 0.012 0.139 0.188 0.033 0.051 0.04 0.018 0.078 0.049 0.006 0.02 0.124
217 P 0.11 0.032 0.099 0.04 0.012 0.025 0.038 0.05 0.026 0.033 0.048 0.042 0.014 0.045 0.141 0.057 0.04 0.01 0.093 0.043
218 L 0.053 0.025 0.022 0.021 0.014 0.019 0.023 0.147 0.013 0.08 0.214 0.029 0.067 0.086 0.015 0.034 0.033 0.008 0.028 0.071
219 L 0.042 0.02 0.015 0.016 0.015 0.014 0.019 0.022 0.011 0.164 0.234 0.023 0.038 0.136 0.013 0.024 0.033 0.009 0.038 0.114
220 G 0.066 0.022 0.033 0.029 0.011 0.017 0.024 0.394 0.014 0.03 0.049 0.03 0.013 0.111 0.017 0.044 0.028 0.008 0.03 0.032
221 L 0.112 0.025 0.021 0.022 0.017 0.019 0.026 0.037 0.011 0.151 0.181 0.032 0.033 0.038 0.02 0.048 0.067 0.006 0.02 0.115
222 L 0.051 0.022 0.015 0.016 0.017 0.015 0.02 0.022 0.009 0.168 0.266 0.025 0.041 0.047 0.015 0.026 0.038 0.006 0.021 0.161
223 F 0.036 0.02 0.016 0.016 0.012 0.012 0.019 0.024 0.015 0.075 0.181 0.02 0.031 0.31 0.011 0.025 0.027 0.014 0.071 0.064
224 L 0.043 0.023 0.016 0.017 0.014 0.018 0.022 0.025 0.012 0.152 0.172 0.026 0.067 0.05 0.013 0.027 0.034 0.13 0.033 0.107
225 F 0.037 0.023 0.019 0.018 0.01 0.016 0.023 0.025 0.031 0.053 0.09 0.025 0.022 0.262 0.013 0.028 0.026 0.022 0.208 0.05
226 L 0.11 0.028 0.018 0.02 0.017 0.021 0.027 0.037 0.013 0.092 0.255 0.032 0.072 0.044 0.018 0.042 0.039 0.007 0.021 0.087
227 Y 0.04 0.028 0.021 0.018 0.009 0.021 0.028 0.025 0.046 0.043 0.067 0.031 0.018 0.129 0.015 0.031 0.028 0.028 0.328 0.046
228 S 0.089 0.034 0.041 0.038 0.018 0.027 0.041 0.049 0.015 0.068 0.069 0.044 0.02 0.025 0.025 0.147 0.117 0.005 0.018 0.108
229 L 0.055 0.024 0.022 0.022 0.017 0.018 0.024 0.027 0.01 0.167 0.19 0.029 0.035 0.04 0.018 0.042 0.093 0.006 0.02 0.141
230 F 0.045 0.019 0.016 0.017 0.014 0.013 0.019 0.024 0.013 0.142 0.13 0.022 0.029 0.218 0.013 0.027 0.034 0.011 0.054 0.141
231 V 0.069 0.022 0.016 0.018 0.019 0.016 0.023 0.024 0.008 0.162 0.128 0.026 0.031 0.035 0.016 0.032 0.049 0.005 0.02 0.28
232 F 0.072 0.031 0.036 0.033 0.014 0.024 0.037 0.045 0.025 0.041 0.066 0.039 0.019 0.142 0.021 0.13 0.054 0.014 0.112 0.046
233 Q 0.055 0.072 0.043 0.046 0.009 0.226 0.101 0.041 0.029 0.026 0.046 0.09 0.02 0.014 0.023 0.055 0.041 0.006 0.02 0.035
234 F 0.072 0.031 0.036 0.033 0.014 0.024 0.037 0.045 0.025 0.041 0.066 0.039 0.019 0.142 0.021 0.13 0.054 0.014 0.112 0.046
235 R 0.044 0.355 0.038 0.031 0.008 0.048 0.052 0.032 0.023 0.023 0.046 0.118 0.015 0.017 0.019 0.044 0.034 0.006 0.017 0.031
236 L 0.066 0.034 0.028 0.027 0.016 0.029 0.034 0.037 0.017 0.082 0.156 0.04 0.134 0.041 0.019 0.085 0.05 0.007 0.022 0.079
237 Q 0.059 0.06 0.037 0.039 0.011 0.174 0.082 0.037 0.024 0.06 0.067 0.074 0.023 0.02 0.021 0.049 0.043 0.006 0.02 0.096
238 L 0.122 0.028 0.027 0.027 0.016 0.021 0.033 0.047 0.015 0.062 0.149 0.035 0.027 0.123 0.021 0.091 0.047 0.009 0.036 0.065
239 L 0.051 0.022 0.015 0.016 0.017 0.015 0.02 0.022 0.009 0.168 0.266 0.025 0.041 0.047 0.015 0.026 0.038 0.006 0.021 0.161
240 A 0.172 0.027 0.022 0.024 0.017 0.021 0.031 0.05 0.021 0.102 0.087 0.035 0.022 0.054 0.022 0.056 0.041 0.011 0.096 0.089
241 F 0.046 0.022 0.023 0.021 0.01 0.015 0.023 0.148 0.023 0.047 0.08 0.025 0.019 0.234 0.014 0.033 0.027 0.017 0.128 0.045
242 T 0.057 0.027 0.029 0.027 0.016 0.02 0.029 0.032 0.012 0.119 0.136 0.034 0.028 0.079 0.02 0.058 0.146 0.007 0.028 0.097
243 L 0.044 0.023 0.016 0.017 0.015 0.017 0.021 0.023 0.013 0.139 0.214 0.026 0.071 0.135 0.014 0.027 0.034 0.009 0.038 0.104
244 I 0.058 0.023 0.022 0.022 0.017 0.017 0.024 0.027 0.01 0.195 0.131 0.029 0.031 0.036 0.018 0.043 0.096 0.006 0.02 0.174
245 L 0.048 0.02 0.015 0.017 0.015 0.014 0.02 0.023 0.011 0.155 0.198 0.023 0.035 0.132 0.014 0.027 0.036 0.009 0.038 0.151
246 L 0.042 0.021 0.015 0.016 0.015 0.014 0.019 0.022 0.011 0.143 0.262 0.023 0.04 0.137 0.013 0.024 0.033 0.009 0.038 0.104
247 L 0.042 0.02 0.015 0.016 0.015 0.014 0.019 0.022 0.011 0.164 0.234 0.023 0.038 0.136 0.013 0.024 0.033 0.009 0.038 0.114
248 L 0.043 0.025 0.016 0.017 0.015 0.018 0.022 0.024 0.013 0.097 0.269 0.026 0.074 0.138 0.014 0.027 0.033 0.01 0.039 0.084
249 L 0.052 0.023 0.021 0.022 0.016 0.017 0.023 0.026 0.01 0.182 0.195 0.029 0.035 0.041 0.018 0.041 0.092 0.006 0.02 0.128
250 Y 0.039 0.024 0.018 0.017 0.011 0.017 0.023 0.024 0.03 0.066 0.158 0.026 0.028 0.177 0.014 0.028 0.028 0.02 0.191 0.06
251 K 0.056 0.064 0.028 0.029 0.013 0.034 0.046 0.033 0.015 0.083 0.15 0.157 0.028 0.03 0.021 0.04 0.04 0.006 0.019 0.11
252 K 0.069 0.075 0.044 0.055 0.01 0.05 0.125 0.046 0.021 0.026 0.041 0.176 0.015 0.017 0.027 0.098 0.049 0.005 0.017 0.034
253 S 0.083 0.04 0.119 0.054 0.015 0.031 0.048 0.059 0.021 0.033 0.044 0.051 0.015 0.021 0.026 0.156 0.117 0.005 0.017 0.045
254 L 0.11 0.047 0.025 0.026 0.014 0.029 0.039 0.041 0.023 0.057 0.138 0.097 0.025 0.055 0.021 0.048 0.037 0.011 0.096 0.06
255 F 0.067 0.05 0.038 0.036 0.013 0.031 0.045 0.044 0.017 0.043 0.065 0.101 0.019 0.114 0.024 0.1 0.101 0.008 0.035 0.049
256 S 0.156 0.037 0.046 0.043 0.018 0.031 0.049 0.068 0.018 0.033 0.046 0.051 0.016 0.021 0.029 0.195 0.073 0.005 0.017 0.048
257 D 0.046 0.133 0.119 0.14 0.008 0.041 0.065 0.046 0.023 0.024 0.037 0.126 0.013 0.016 0.022 0.054 0.039 0.005 0.015 0.028
258 N 0.046 0.06 0.255 0.072 0.009 0.038 0.054 0.059 0.028 0.023 0.034 0.112 0.012 0.017 0.022 0.065 0.046 0.005 0.016 0.028
259 K 0.053 0.168 0.04 0.038 0.008 0.051 0.065 0.04 0.021 0.026 0.043 0.246 0.015 0.016 0.025 0.051 0.038 0.005 0.017 0.032
260 V 0.062 0.023 0.018 0.018 0.016 0.018 0.024 0.024 0.018 0.132 0.113 0.027 0.028 0.059 0.016 0.032 0.043 0.011 0.097 0.221
261 L 0.052 0.025 0.021 0.021 0.016 0.018 0.024 0.026 0.011 0.14 0.25 0.029 0.038 0.044 0.017 0.041 0.091 0.006 0.02 0.108
262 N 0.075 0.042 0.19 0.065 0.013 0.033 0.05 0.065 0.025 0.026 0.036 0.053 0.013 0.019 0.025 0.15 0.065 0.005 0.016 0.034
263 I 0.05 0.021 0.017 0.018 0.015 0.016 0.021 0.022 0.018 0.192 0.132 0.026 0.031 0.063 0.015 0.028 0.039 0.011 0.097 0.168
264 L 0.043 0.022 0.014 0.016 0.015 0.015 0.019 0.021 0.01 0.149 0.296 0.024 0.043 0.094 0.014 0.024 0.033 0.008 0.03 0.11
265 L 0.042 0.021 0.015 0.016 0.015 0.014 0.019 0.022 0.011 0.143 0.262 0.023 0.04 0.137 0.013 0.024 0.033 0.009 0.038 0.104
266 L 0.057 0.027 0.024 0.024 0.015 0.019 0.028 0.033 0.014 0.08 0.231 0.03 0.035 0.131 0.017 0.076 0.043 0.009 0.037 0.071
267 L 0.047 0.023 0.014 0.016 0.016 0.016 0.02 0.021 0.01 0.141 0.325 0.025 0.045 0.05 0.014 0.025 0.036 0.007 0.022 0.128
268 G 0.075 0.027 0.031 0.028 0.016 0.021 0.03 0.157 0.013 0.081 0.146 0.034 0.026 0.031 0.02 0.085 0.048 0.006 0.018 0.11
269 L 0.042 0.021 0.015 0.016 0.015 0.014 0.019 0.022 0.011 0.143 0.262 0.023 0.04 0.137 0.013 0.024 0.033 0.009 0.038 0.104
270 L 0.051 0.022 0.015 0.016 0.017 0.015 0.02 0.022 0.009 0.168 0.266 0.025 0.041 0.047 0.015 0.026 0.038 0.006 0.021 0.161
271 G 0.055 0.019 0.021 0.021 0.132 0.014 0.019 0.149 0.012 0.102 0.092 0.024 0.022 0.119 0.015 0.035 0.032 0.008 0.033 0.077
272 V 0.118 0.022 0.018 0.02 0.018 0.017 0.025 0.036 0.01 0.177 0.125 0.029 0.03 0.035 0.019 0.042 0.045 0.006 0.02 0.187
273 G 0.114 0.022 0.024 0.024 0.015 0.017 0.025 0.16 0.013 0.101 0.091 0.03 0.022 0.119 0.018 0.046 0.036 0.008 0.034 0.08
274 L 0.042 0.019 0.015 0.017 0.015 0.013 0.018 0.022 0.011 0.185 0.207 0.023 0.037 0.134 0.013 0.025 0.034 0.009 0.038 0.124
275 L 0.047 0.023 0.016 0.017 0.016 0.017 0.021 0.022 0.011 0.194 0.227 0.027 0.074 0.047 0.015 0.027 0.038 0.007 0.022 0.133
276 I 0.059 0.023 0.025 0.025 0.015 0.017 0.026 0.033 0.013 0.164 0.121 0.03 0.028 0.126 0.017 0.076 0.046 0.008 0.036 0.111
277 F 0.068 0.031 0.035 0.031 0.014 0.024 0.036 0.042 0.024 0.044 0.068 0.038 0.019 0.142 0.021 0.112 0.076 0.014 0.113 0.049
278 F 0.056 0.11 0.032 0.028 0.011 0.028 0.037 0.037 0.026 0.039 0.067 0.055 0.019 0.141 0.019 0.083 0.042 0.014 0.112 0.043
279 N 0.042 0.118 0.19 0.15 0.008 0.036 0.06 0.052 0.026 0.022 0.034 0.067 0.012 0.017 0.02 0.058 0.042 0.005 0.015 0.027
280 L 0.049 0.056 0.105 0.057 0.01 0.041 0.111 0.041 0.022 0.046 0.124 0.11 0.022 0.026 0.022 0.05 0.039 0.005 0.018 0.046
281 I 0.043 0.018 0.015 0.017 0.015 0.012 0.018 0.021 0.011 0.227 0.152 0.022 0.033 0.132 0.013 0.025 0.036 0.009 0.037 0.144
282 G 0.069 0.046 0.035 0.032 0.014 0.029 0.039 0.157 0.014 0.065 0.066 0.098 0.019 0.022 0.022 0.057 0.094 0.005 0.016 0.101
283 G 0.132 0.031 0.046 0.129 0.014 0.027 0.052 0.176 0.016 0.028 0.039 0.044 0.013 0.018 0.025 0.104 0.049 0.005 0.014 0.039
284 F 0.036 0.02 0.016 0.016 0.012 0.012 0.019 0.024 0.015 0.075 0.181 0.02 0.031 0.31 0.011 0.025 0.027 0.014 0.071 0.064
285 F 0.039 0.02 0.015 0.016 0.013 0.012 0.019 0.023 0.013 0.13 0.194 0.021 0.034 0.222 0.012 0.025 0.031 0.012 0.054 0.094
286 N 0.062 0.05 0.188 0.065 0.011 0.081 0.063 0.059 0.027 0.025 0.037 0.062 0.014 0.018 0.023 0.106 0.055 0.005 0.017 0.032
287 T 0.09 0.037 0.048 0.043 0.017 0.03 0.045 0.054 0.016 0.041 0.053 0.049 0.017 0.022 0.028 0.161 0.169 0.005 0.017 0.056
288 F 0.033 0.019 0.017 0.017 0.01 0.01 0.019 0.025 0.017 0.062 0.113 0.019 0.025 0.396 0.01 0.025 0.025 0.017 0.087 0.054
289 S 0.09 0.034 0.044 0.04 0.016 0.027 0.043 0.055 0.018 0.038 0.059 0.045 0.018 0.114 0.025 0.18 0.067 0.008 0.035 0.045
290 T 0.1 0.031 0.034 0.031 0.018 0.024 0.035 0.042 0.012 0.079 0.079 0.04 0.022 0.026 0.025 0.076 0.179 0.006 0.018 0.122
291 T 0.064 0.037 0.114 0.048 0.015 0.029 0.041 0.048 0.018 0.045 0.056 0.047 0.017 0.022 0.025 0.086 0.205 0.005 0.017 0.059
292 D 0.122 0.032 0.054 0.223 0.013 0.029 0.068 0.059 0.018 0.029 0.039 0.046 0.013 0.018 0.026 0.105 0.05 0.004 0.014 0.039
293 L 0.149 0.032 0.031 0.031 0.018 0.025 0.038 0.055 0.015 0.062 0.16 0.041 0.027 0.032 0.024 0.111 0.055 0.006 0.019 0.069
294 L 0.049 0.036 0.1 0.052 0.012 0.034 0.1 0.037 0.02 0.106 0.107 0.047 0.058 0.031 0.019 0.046 0.041 0.006 0.019 0.081
295 Y 0.04 0.032 0.098 0.034 0.009 0.024 0.033 0.034 0.042 0.038 0.058 0.036 0.017 0.101 0.017 0.04 0.033 0.022 0.25 0.041
296 G 0.077 0.023 0.039 0.033 0.011 0.019 0.025 0.517 0.013 0.019 0.028 0.033 0.009 0.016 0.019 0.051 0.029 0.005 0.011 0.024
297 G 0.085 0.027 0.042 0.037 0.012 0.022 0.032 0.404 0.015 0.021 0.031 0.038 0.011 0.017 0.021 0.096 0.042 0.005 0.012 0.028
298 S 0.108 0.04 0.053 0.048 0.017 0.033 0.052 0.065 0.019 0.029 0.041 0.053 0.015 0.021 0.029 0.231 0.081 0.005 0.017 0.041
299 T 0.072 0.035 0.043 0.037 0.018 0.027 0.039 0.043 0.014 0.053 0.064 0.045 0.019 0.023 0.027 0.091 0.258 0.006 0.018 0.07
300 A 0.129 0.044 0.035 0.036 0.016 0.078 0.055 0.053 0.02 0.049 0.085 0.056 0.057 0.026 0.024 0.101 0.053 0.006 0.02 0.059
301 T 0.128 0.031 0.032 0.03 0.019 0.024 0.035 0.047 0.012 0.077 0.079 0.04 0.022 0.026 0.025 0.075 0.153 0.006 0.018 0.122
302 R 0.044 0.355 0.038 0.031 0.008 0.048 0.052 0.032 0.023 0.023 0.046 0.118 0.015 0.017 0.019 0.044 0.034 0.006 0.017 0.031
303 L 0.044 0.024 0.014 0.015 0.016 0.016 0.02 0.021 0.01 0.114 0.385 0.025 0.049 0.054 0.014 0.024 0.033 0.007 0.022 0.095
304 L 0.049 0.062 0.106 0.046 0.01 0.082 0.06 0.042 0.023 0.047 0.126 0.114 0.024 0.025 0.021 0.05 0.04 0.006 0.019 0.047
305 G 0.077 0.023 0.039 0.033 0.011 0.019 0.025 0.517 0.013 0.019 0.028 0.033 0.009 0.016 0.019 0.051 0.029 0.005 0.011 0.024
306 L 0.045 0.021 0.014 0.016 0.016 0.015 0.019 0.021 0.009 0.198 0.275 0.024 0.043 0.049 0.014 0.024 0.036 0.006 0.021 0.134
307 D 0.048 0.033 0.05 0.233 0.008 0.036 0.131 0.04 0.019 0.023 0.032 0.051 0.01 0.015 0.143 0.05 0.035 0.004 0.013 0.027
308 Y 0.038 0.025 0.02 0.018 0.009 0.019 0.025 0.025 0.039 0.048 0.079 0.028 0.02 0.196 0.014 0.029 0.027 0.025 0.268 0.048
309 L 0.041 0.023 0.015 0.015 0.015 0.015 0.02 0.022 0.012 0.101 0.317 0.023 0.043 0.139 0.013 0.024 0.031 0.009 0.038 0.085
310 F 0.046 0.042 0.03 0.043 0.009 0.08 0.114 0.031 0.029 0.038 0.066 0.053 0.019 0.139 0.019 0.041 0.032 0.014 0.113 0.041
311 G 0.119 0.042 0.109 0.048 0.012 0.076 0.054 0.175 0.022 0.027 0.041 0.055 0.014 0.017 0.023 0.065 0.042 0.005 0.016 0.038
312 L 0.048 0.115 0.028 0.039 0.012 0.039 0.102 0.029 0.019 0.064 0.165 0.063 0.062 0.034 0.019 0.039 0.036 0.007 0.02 0.062
313 W 0.03 0.022 0.015 0.015 0.007 0.015 0.022 0.03 0.015 0.03 0.052 0.022 0.015 0.06 0.007 0.022 0.022 0.5 0.067 0.03
314 K 0.05 0.152 0.112 0.049 0.008 0.047 0.06 0.045 0.024 0.025 0.04 0.187 0.014 0.016 0.023 0.055 0.04 0.005 0.017 0.03
315 N 0.057 0.04 0.185 0.059 0.013 0.03 0.044 0.053 0.022 0.037 0.048 0.049 0.015 0.021 0.024 0.08 0.153 0.005 0.017 0.048
316 I 0.068 0.027 0.031 0.03 0.017 0.022 0.031 0.037 0.012 0.161 0.109 0.036 0.027 0.033 0.021 0.093 0.104 0.006 0.019 0.115
317 N 0.042 0.044 0.327 0.082 0.009 0.033 0.049 0.064 0.031 0.022 0.031 0.053 0.011 0.018 0.02 0.069 0.049 0.004 0.015 0.027
318 P 0.057 0.042 0.024 0.027 0.013 0.026 0.036 0.031 0.012 0.124 0.093 0.095 0.023 0.027 0.14 0.038 0.041 0.005 0.018 0.129
319 W 0.034 0.022 0.015 0.015 0.01 0.014 0.021 0.026 0.014 0.059 0.15 0.022 0.026 0.142 0.01 0.023 0.026 0.256 0.061 0.052
320 L 0.047 0.026 0.021 0.02 0.014 0.019 0.025 0.029 0.012 0.077 0.221 0.029 0.033 0.048 0.016 0.04 0.086 0.13 0.032 0.072
