#Seq2Logo.py -f /work3/idamei/ssn-clusterings/clustering/2205111339/clusters/0007_90/sequences.afa -o /work3/idamei/ssn-clusterings/clustering/2205111339/clusters/0007_90/sequences.logo
#Position Specific Frequency Matrix
A R N D C Q E G H I L K M F P S T W Y V
0 L 0.051 0.032 0.02 0.02 0.016 0.028 0.028 0.028 0.016 0.099 0.194 0.036 0.173 0.047 0.016 0.036 0.04 0.008 0.024 0.091
1 K 0.048 0.094 0.146 0.053 0.009 0.041 0.055 0.048 0.028 0.027 0.042 0.154 0.014 0.031 0.022 0.055 0.041 0.008 0.055 0.032
2 K 0.05 0.152 0.112 0.049 0.008 0.047 0.06 0.045 0.024 0.025 0.04 0.187 0.014 0.016 0.023 0.055 0.04 0.005 0.017 0.03
3 L 0.063 0.034 0.03 0.042 0.014 0.032 0.1 0.035 0.016 0.07 0.212 0.044 0.031 0.036 0.021 0.083 0.046 0.006 0.019 0.065
4 E 0.136 0.043 0.035 0.069 0.012 0.051 0.217 0.049 0.022 0.029 0.044 0.064 0.014 0.018 0.027 0.064 0.041 0.005 0.017 0.043
5 A 0.144 0.056 0.033 0.034 0.015 0.034 0.049 0.054 0.016 0.047 0.105 0.124 0.022 0.025 0.026 0.088 0.048 0.006 0.018 0.056
6 F 0.087 0.03 0.121 0.041 0.013 0.021 0.033 0.047 0.02 0.062 0.079 0.036 0.02 0.147 0.018 0.051 0.041 0.009 0.041 0.085
7 K 0.072 0.062 0.109 0.052 0.013 0.039 0.056 0.055 0.022 0.03 0.042 0.13 0.015 0.019 0.026 0.12 0.079 0.005 0.017 0.038
8 V 0.058 0.02 0.015 0.018 0.017 0.015 0.02 0.022 0.008 0.221 0.147 0.025 0.034 0.039 0.015 0.029 0.044 0.006 0.02 0.226
9 W 0.038 0.02 0.015 0.016 0.012 0.014 0.02 0.025 0.012 0.155 0.109 0.023 0.026 0.052 0.011 0.024 0.031 0.252 0.044 0.102
10 F 0.039 0.186 0.028 0.024 0.009 0.029 0.035 0.029 0.02 0.043 0.079 0.069 0.02 0.206 0.015 0.035 0.03 0.011 0.052 0.043
11 K 0.051 0.08 0.045 0.041 0.008 0.076 0.07 0.041 0.136 0.026 0.042 0.173 0.016 0.02 0.024 0.049 0.035 0.006 0.031 0.03
12 I 0.057 0.019 0.023 0.023 0.014 0.015 0.02 0.186 0.01 0.193 0.12 0.027 0.027 0.034 0.016 0.033 0.036 0.006 0.017 0.124
13 G 0.13 0.026 0.029 0.028 0.076 0.021 0.03 0.167 0.013 0.07 0.075 0.035 0.031 0.025 0.022 0.075 0.045 0.005 0.016 0.081
14 L 0.066 0.032 0.103 0.041 0.015 0.025 0.036 0.044 0.017 0.082 0.146 0.039 0.027 0.032 0.02 0.089 0.053 0.005 0.019 0.111
15 L 0.046 0.02 0.015 0.017 0.015 0.014 0.019 0.022 0.011 0.165 0.201 0.023 0.036 0.133 0.014 0.026 0.036 0.009 0.038 0.142
16 L 0.043 0.021 0.015 0.016 0.015 0.014 0.019 0.021 0.011 0.147 0.285 0.023 0.042 0.108 0.014 0.024 0.033 0.008 0.032 0.108
17 L 0.042 0.021 0.015 0.016 0.015 0.014 0.019 0.022 0.011 0.143 0.262 0.023 0.04 0.137 0.013 0.024 0.033 0.009 0.038 0.104
18 Y 0.047 0.026 0.022 0.021 0.013 0.021 0.026 0.026 0.029 0.111 0.107 0.031 0.042 0.084 0.017 0.037 0.061 0.017 0.174 0.087
19 F 0.033 0.019 0.017 0.017 0.01 0.01 0.019 0.025 0.017 0.062 0.113 0.019 0.025 0.396 0.01 0.025 0.025 0.017 0.087 0.054
20 L 0.04 0.022 0.015 0.016 0.014 0.014 0.02 0.022 0.012 0.097 0.294 0.023 0.041 0.168 0.013 0.024 0.03 0.01 0.044 0.081
21 Y 0.038 0.025 0.02 0.018 0.009 0.019 0.025 0.025 0.039 0.048 0.079 0.028 0.02 0.196 0.014 0.029 0.027 0.025 0.268 0.048
22 I 0.05 0.02 0.015 0.017 0.016 0.014 0.019 0.021 0.009 0.22 0.214 0.024 0.039 0.045 0.015 0.026 0.039 0.006 0.021 0.172
23 F 0.037 0.023 0.019 0.018 0.01 0.016 0.023 0.025 0.031 0.053 0.09 0.025 0.022 0.262 0.013 0.028 0.026 0.022 0.208 0.05
24 N 0.042 0.044 0.258 0.071 0.009 0.034 0.05 0.058 0.114 0.022 0.033 0.051 0.012 0.021 0.02 0.062 0.043 0.005 0.026 0.026
25 I 0.056 0.018 0.015 0.017 0.136 0.014 0.018 0.024 0.008 0.192 0.131 0.023 0.03 0.036 0.015 0.03 0.041 0.005 0.018 0.171
26 S 0.108 0.04 0.053 0.048 0.017 0.033 0.052 0.065 0.019 0.029 0.041 0.053 0.015 0.021 0.029 0.231 0.081 0.005 0.017 0.041
27 F 0.033 0.019 0.017 0.017 0.01 0.01 0.019 0.025 0.017 0.062 0.113 0.019 0.025 0.396 0.01 0.025 0.025 0.017 0.087 0.054
28 V 0.053 0.047 0.1 0.039 0.013 0.029 0.04 0.038 0.017 0.123 0.092 0.098 0.023 0.028 0.019 0.045 0.044 0.005 0.018 0.128
29 P 0.046 0.024 0.021 0.024 0.01 0.018 0.029 0.03 0.022 0.039 0.063 0.033 0.016 0.138 0.257 0.036 0.031 0.012 0.11 0.04
30 L 0.043 0.022 0.014 0.016 0.015 0.015 0.019 0.021 0.01 0.149 0.296 0.024 0.043 0.094 0.014 0.024 0.033 0.008 0.03 0.11
31 P 0.056 0.025 0.023 0.031 0.01 0.02 0.036 0.036 0.013 0.025 0.036 0.041 0.01 0.013 0.501 0.043 0.036 0.003 0.013 0.031
32 Y 0.061 0.036 0.034 0.043 0.011 0.035 0.103 0.037 0.034 0.034 0.053 0.047 0.016 0.074 0.021 0.087 0.043 0.016 0.172 0.041
33 I 0.049 0.019 0.015 0.017 0.015 0.013 0.019 0.022 0.011 0.197 0.143 0.023 0.032 0.13 0.014 0.027 0.038 0.008 0.037 0.171
34 L 0.044 0.024 0.014 0.015 0.016 0.016 0.02 0.021 0.01 0.114 0.385 0.025 0.049 0.054 0.014 0.024 0.033 0.007 0.022 0.095
35 R 0.044 0.355 0.038 0.031 0.008 0.048 0.052 0.032 0.023 0.023 0.046 0.118 0.015 0.017 0.019 0.044 0.034 0.006 0.017 0.031
36 T 0.072 0.035 0.043 0.037 0.018 0.027 0.039 0.043 0.014 0.053 0.064 0.045 0.019 0.023 0.027 0.091 0.258 0.006 0.018 0.07
37 R 0.044 0.355 0.038 0.031 0.008 0.048 0.052 0.032 0.023 0.023 0.046 0.118 0.015 0.017 0.019 0.044 0.034 0.006 0.017 0.031
38 V 0.063 0.022 0.016 0.017 0.018 0.016 0.022 0.023 0.009 0.15 0.192 0.026 0.036 0.04 0.016 0.03 0.045 0.006 0.021 0.233
39 I 0.046 0.019 0.014 0.017 0.016 0.014 0.018 0.02 0.009 0.24 0.22 0.024 0.039 0.046 0.014 0.024 0.038 0.006 0.021 0.154
40 L 0.042 0.019 0.015 0.017 0.015 0.013 0.018 0.022 0.011 0.185 0.207 0.023 0.037 0.134 0.013 0.025 0.034 0.009 0.038 0.124
41 G 0.133 0.025 0.035 0.032 0.013 0.02 0.029 0.407 0.014 0.025 0.036 0.036 0.011 0.017 0.021 0.059 0.034 0.005 0.012 0.035
42 L 0.044 0.022 0.014 0.016 0.016 0.015 0.019 0.021 0.01 0.156 0.33 0.025 0.046 0.051 0.014 0.024 0.034 0.007 0.022 0.115
43 L 0.045 0.021 0.014 0.016 0.016 0.015 0.019 0.021 0.009 0.198 0.275 0.024 0.043 0.049 0.014 0.024 0.036 0.006 0.021 0.134
44 G 0.077 0.023 0.039 0.033 0.011 0.019 0.025 0.517 0.013 0.019 0.028 0.033 0.009 0.016 0.019 0.051 0.029 0.005 0.011 0.024
45 L 0.114 0.025 0.017 0.019 0.018 0.018 0.026 0.036 0.011 0.108 0.239 0.03 0.037 0.041 0.018 0.041 0.041 0.006 0.02 0.134
46 F 0.088 0.024 0.019 0.019 0.014 0.017 0.026 0.033 0.022 0.079 0.096 0.028 0.024 0.177 0.016 0.038 0.036 0.015 0.119 0.111
47 F 0.04 0.023 0.017 0.017 0.013 0.016 0.021 0.025 0.015 0.084 0.201 0.024 0.068 0.223 0.013 0.027 0.031 0.012 0.055 0.074
48 I 0.042 0.018 0.015 0.017 0.014 0.012 0.018 0.022 0.011 0.208 0.148 0.022 0.033 0.161 0.013 0.025 0.035 0.009 0.043 0.134
49 L 0.054 0.023 0.016 0.017 0.016 0.017 0.022 0.024 0.011 0.125 0.204 0.025 0.051 0.102 0.015 0.029 0.039 0.008 0.032 0.169
50 S 0.07 0.113 0.039 0.035 0.013 0.03 0.042 0.045 0.019 0.038 0.062 0.06 0.018 0.114 0.022 0.121 0.07 0.008 0.035 0.044
51 L 0.045 0.024 0.014 0.015 0.016 0.016 0.02 0.021 0.01 0.116 0.373 0.025 0.05 0.055 0.014 0.024 0.034 0.007 0.022 0.097
52 G 0.058 0.056 0.034 0.034 0.011 0.078 0.054 0.155 0.018 0.046 0.125 0.109 0.023 0.025 0.021 0.046 0.035 0.006 0.017 0.046
53 R 0.068 0.203 0.11 0.045 0.01 0.041 0.05 0.046 0.023 0.027 0.044 0.104 0.015 0.018 0.022 0.058 0.058 0.005 0.017 0.036
54 K 0.053 0.056 0.029 0.035 0.011 0.034 0.075 0.033 0.017 0.069 0.081 0.129 0.021 0.116 0.02 0.041 0.038 0.008 0.035 0.099
55 L 0.045 0.02 0.014 0.017 0.016 0.014 0.018 0.021 0.009 0.219 0.248 0.024 0.041 0.047 0.014 0.024 0.037 0.006 0.021 0.144
56 F 0.066 0.045 0.028 0.031 0.011 0.028 0.059 0.036 0.018 0.048 0.08 0.095 0.02 0.207 0.019 0.045 0.051 0.011 0.052 0.049
57 L 0.049 0.027 0.094 0.033 0.014 0.02 0.028 0.034 0.016 0.123 0.146 0.032 0.04 0.081 0.016 0.038 0.041 0.007 0.028 0.132
58 N 0.049 0.055 0.179 0.059 0.009 0.035 0.051 0.052 0.024 0.024 0.035 0.109 0.012 0.016 0.142 0.058 0.043 0.004 0.015 0.029
59 K 0.052 0.086 0.036 0.035 0.009 0.045 0.059 0.038 0.027 0.031 0.049 0.224 0.016 0.044 0.024 0.047 0.036 0.011 0.095 0.036
60 P 0.065 0.05 0.035 0.035 0.011 0.032 0.046 0.042 0.025 0.031 0.047 0.103 0.015 0.044 0.143 0.09 0.046 0.01 0.094 0.038
61 I 0.047 0.019 0.015 0.017 0.015 0.013 0.019 0.022 0.01 0.216 0.17 0.023 0.035 0.102 0.014 0.026 0.038 0.008 0.032 0.161
62 L 0.057 0.026 0.025 0.024 0.014 0.02 0.027 0.07 0.02 0.116 0.164 0.031 0.029 0.061 0.017 0.063 0.041 0.011 0.096 0.088
63 R 0.045 0.134 0.05 0.129 0.008 0.042 0.066 0.04 0.107 0.024 0.038 0.124 0.014 0.019 0.022 0.047 0.034 0.005 0.025 0.027
64 L 0.044 0.022 0.014 0.016 0.016 0.015 0.019 0.021 0.01 0.156 0.33 0.025 0.046 0.051 0.014 0.024 0.034 0.007 0.022 0.115
65 L 0.062 0.025 0.024 0.024 0.016 0.019 0.027 0.032 0.012 0.148 0.182 0.031 0.033 0.069 0.018 0.077 0.048 0.007 0.026 0.12
66 L 0.053 0.024 0.017 0.017 0.016 0.018 0.023 0.024 0.012 0.12 0.218 0.027 0.071 0.089 0.015 0.03 0.039 0.008 0.03 0.15
67 L 0.114 0.025 0.017 0.019 0.018 0.018 0.026 0.036 0.011 0.108 0.239 0.03 0.037 0.041 0.018 0.041 0.041 0.006 0.02 0.134
68 L 0.053 0.023 0.022 0.021 0.134 0.016 0.023 0.03 0.012 0.068 0.156 0.027 0.027 0.123 0.017 0.045 0.088 0.008 0.035 0.069
69 V 0.054 0.023 0.017 0.017 0.015 0.017 0.023 0.024 0.019 0.112 0.132 0.026 0.028 0.12 0.015 0.03 0.038 0.013 0.109 0.168
70 L 0.093 0.024 0.019 0.02 0.017 0.018 0.025 0.032 0.01 0.145 0.217 0.029 0.036 0.041 0.018 0.041 0.058 0.006 0.02 0.131
71 S 0.14 0.033 0.036 0.035 0.018 0.027 0.041 0.057 0.016 0.054 0.131 0.044 0.024 0.029 0.025 0.143 0.061 0.006 0.018 0.061
72 I 0.046 0.019 0.014 0.017 0.016 0.014 0.018 0.02 0.009 0.24 0.22 0.024 0.039 0.046 0.014 0.024 0.038 0.006 0.021 0.154
73 L 0.041 0.021 0.015 0.016 0.014 0.013 0.019 0.022 0.012 0.139 0.239 0.022 0.038 0.165 0.013 0.024 0.032 0.01 0.043 0.101
74 P 0.053 0.025 0.021 0.027 0.012 0.019 0.032 0.032 0.012 0.047 0.123 0.037 0.02 0.023 0.379 0.038 0.035 0.004 0.015 0.047
75 I 0.046 0.017 0.014 0.017 0.016 0.013 0.017 0.02 0.009 0.282 0.165 0.023 0.036 0.044 0.014 0.025 0.039 0.006 0.02 0.174
76 L 0.047 0.022 0.015 0.016 0.015 0.015 0.02 0.023 0.011 0.113 0.253 0.024 0.038 0.135 0.014 0.026 0.035 0.009 0.038 0.131
77 I 0.052 0.023 0.021 0.022 0.016 0.017 0.023 0.026 0.01 0.196 0.177 0.029 0.034 0.04 0.018 0.041 0.093 0.006 0.02 0.135
78 T 0.09 0.037 0.048 0.043 0.017 0.03 0.045 0.054 0.016 0.041 0.053 0.049 0.017 0.022 0.028 0.161 0.169 0.005 0.017 0.056
79 T 0.09 0.037 0.048 0.043 0.017 0.03 0.045 0.054 0.016 0.041 0.053 0.049 0.017 0.022 0.028 0.161 0.169 0.005 0.017 0.056
80 L 0.05 0.023 0.015 0.016 0.017 0.016 0.021 0.022 0.009 0.126 0.321 0.025 0.044 0.049 0.015 0.026 0.037 0.007 0.022 0.141
81 I 0.05 0.02 0.015 0.017 0.016 0.014 0.019 0.021 0.009 0.22 0.214 0.024 0.039 0.045 0.015 0.026 0.039 0.006 0.021 0.172
82 N 0.042 0.044 0.327 0.082 0.009 0.033 0.049 0.064 0.031 0.022 0.031 0.053 0.011 0.018 0.02 0.069 0.049 0.004 0.015 0.027
83 S 0.077 0.088 0.118 0.053 0.013 0.037 0.053 0.058 0.023 0.026 0.039 0.091 0.014 0.019 0.025 0.145 0.062 0.005 0.017 0.035
84 H 0.052 0.039 0.039 0.045 0.01 0.037 0.106 0.035 0.112 0.035 0.051 0.049 0.016 0.05 0.022 0.054 0.087 0.012 0.105 0.042
85 F 0.033 0.019 0.017 0.017 0.01 0.01 0.019 0.025 0.017 0.062 0.113 0.019 0.025 0.396 0.01 0.025 0.025 0.017 0.087 0.054
86 D 0.04 0.029 0.068 0.406 0.007 0.029 0.09 0.046 0.018 0.022 0.028 0.044 0.009 0.015 0.022 0.051 0.035 0.004 0.011 0.024
87 P 0.067 0.026 0.027 0.028 0.014 0.02 0.032 0.038 0.014 0.07 0.079 0.035 0.02 0.116 0.139 0.083 0.048 0.007 0.034 0.101
88 W 0.037 0.189 0.027 0.023 0.008 0.031 0.037 0.031 0.019 0.026 0.049 0.07 0.015 0.038 0.013 0.033 0.028 0.253 0.042 0.03
89 F 0.038 0.022 0.017 0.017 0.012 0.015 0.021 0.026 0.016 0.072 0.133 0.023 0.062 0.309 0.012 0.028 0.029 0.014 0.072 0.063
90 V 0.064 0.024 0.025 0.025 0.016 0.018 0.028 0.034 0.013 0.134 0.112 0.03 0.027 0.124 0.018 0.078 0.048 0.008 0.036 0.137
91 G 0.066 0.047 0.041 0.04 0.01 0.122 0.063 0.279 0.021 0.022 0.037 0.062 0.015 0.015 0.021 0.053 0.035 0.006 0.015 0.029
92 N 0.042 0.04 0.251 0.066 0.009 0.03 0.043 0.054 0.035 0.027 0.04 0.048 0.013 0.046 0.019 0.059 0.043 0.01 0.094 0.031
93 L 0.058 0.024 0.022 0.022 0.017 0.018 0.025 0.027 0.01 0.153 0.186 0.03 0.034 0.039 0.018 0.043 0.095 0.006 0.02 0.155
94 F 0.05 0.02 0.016 0.017 0.015 0.014 0.02 0.024 0.012 0.141 0.15 0.023 0.031 0.173 0.014 0.028 0.037 0.01 0.046 0.162
95 L 0.049 0.048 0.029 0.031 0.012 0.121 0.061 0.031 0.019 0.07 0.216 0.057 0.035 0.034 0.019 0.04 0.037 0.006 0.021 0.065
96 N 0.05 0.037 0.178 0.054 0.013 0.027 0.039 0.048 0.021 0.053 0.128 0.044 0.023 0.028 0.02 0.063 0.097 0.005 0.018 0.054
97 L 0.052 0.023 0.021 0.022 0.016 0.017 0.023 0.026 0.01 0.182 0.195 0.029 0.035 0.041 0.018 0.041 0.092 0.006 0.02 0.128
98 L 0.044 0.022 0.014 0.016 0.016 0.015 0.019 0.021 0.01 0.156 0.33 0.025 0.046 0.051 0.014 0.024 0.034 0.007 0.022 0.115
99 Y 0.039 0.031 0.029 0.023 0.009 0.024 0.033 0.028 0.122 0.04 0.066 0.033 0.018 0.138 0.016 0.033 0.027 0.021 0.23 0.041
100 L 0.041 0.023 0.015 0.015 0.015 0.015 0.02 0.022 0.012 0.101 0.317 0.023 0.043 0.139 0.013 0.024 0.031 0.009 0.038 0.085
101 F 0.046 0.024 0.023 0.021 0.014 0.016 0.024 0.028 0.014 0.073 0.168 0.027 0.03 0.217 0.016 0.041 0.085 0.012 0.054 0.068
102 G 0.085 0.027 0.042 0.037 0.012 0.022 0.032 0.404 0.015 0.021 0.031 0.038 0.011 0.017 0.021 0.096 0.042 0.005 0.012 0.028
103 A 0.253 0.033 0.032 0.034 0.02 0.027 0.043 0.074 0.016 0.039 0.054 0.046 0.017 0.021 0.029 0.121 0.057 0.005 0.017 0.061
104 Y 0.038 0.025 0.02 0.018 0.009 0.019 0.025 0.025 0.039 0.048 0.079 0.028 0.02 0.196 0.014 0.029 0.027 0.025 0.268 0.048
105 F 0.049 0.023 0.023 0.021 0.012 0.017 0.023 0.147 0.021 0.059 0.148 0.027 0.025 0.149 0.015 0.033 0.029 0.014 0.112 0.055
106 V 0.056 0.024 0.017 0.018 0.017 0.019 0.023 0.024 0.011 0.17 0.178 0.028 0.075 0.042 0.016 0.031 0.042 0.006 0.021 0.183
107 V 0.078 0.022 0.017 0.019 0.018 0.017 0.023 0.028 0.01 0.189 0.145 0.028 0.05 0.039 0.017 0.034 0.044 0.006 0.02 0.199
108 W 0.047 0.049 0.028 0.041 0.01 0.036 0.104 0.032 0.017 0.09 0.074 0.102 0.02 0.034 0.019 0.039 0.034 0.129 0.03 0.067
109 L 0.045 0.105 0.02 0.019 0.014 0.023 0.027 0.024 0.013 0.133 0.245 0.048 0.037 0.042 0.015 0.029 0.035 0.006 0.02 0.099
110 L 0.067 0.027 0.027 0.027 0.016 0.021 0.03 0.036 0.013 0.14 0.196 0.034 0.034 0.04 0.019 0.092 0.051 0.006 0.02 0.104
111 R 0.045 0.158 0.032 0.03 0.009 0.037 0.047 0.034 0.02 0.038 0.067 0.141 0.019 0.142 0.019 0.041 0.033 0.009 0.041 0.039
112 R 0.047 0.164 0.084 0.041 0.008 0.043 0.053 0.04 0.027 0.028 0.046 0.148 0.015 0.035 0.021 0.049 0.037 0.009 0.068 0.033
113 C 0.054 0.05 0.026 0.025 0.169 0.029 0.038 0.033 0.025 0.038 0.058 0.112 0.017 0.055 0.02 0.041 0.034 0.012 0.118 0.045
114 W 0.051 0.029 0.029 0.026 0.013 0.021 0.031 0.037 0.014 0.042 0.059 0.034 0.017 0.042 0.018 0.057 0.136 0.25 0.043 0.05
115 H 0.049 0.036 0.038 0.039 0.009 0.034 0.082 0.112 0.142 0.029 0.046 0.044 0.015 0.059 0.019 0.042 0.029 0.014 0.131 0.032
116 P 0.063 0.031 0.03 0.043 0.013 0.031 0.099 0.094 0.015 0.061 0.062 0.045 0.017 0.021 0.141 0.05 0.066 0.005 0.016 0.097
117 N 0.052 0.037 0.147 0.096 0.013 0.03 0.046 0.047 0.021 0.049 0.08 0.046 0.053 0.026 0.021 0.064 0.097 0.006 0.017 0.053
118 L 0.047 0.021 0.016 0.017 0.015 0.015 0.021 0.024 0.012 0.119 0.184 0.024 0.045 0.176 0.013 0.027 0.035 0.01 0.046 0.132
119 S 0.083 0.04 0.119 0.054 0.015 0.031 0.048 0.059 0.021 0.033 0.044 0.051 0.015 0.021 0.026 0.156 0.117 0.005 0.017 0.045
120 L 0.051 0.104 0.021 0.02 0.015 0.023 0.028 0.025 0.012 0.145 0.181 0.048 0.033 0.037 0.016 0.031 0.039 0.006 0.02 0.145
121 L 0.046 0.03 0.027 0.083 0.013 0.029 0.1 0.027 0.015 0.1 0.226 0.039 0.033 0.038 0.018 0.035 0.035 0.006 0.019 0.08
122 L 0.045 0.047 0.036 0.12 0.01 0.03 0.052 0.033 0.024 0.051 0.131 0.097 0.023 0.053 0.02 0.04 0.034 0.011 0.094 0.049
123 L 0.111 0.024 0.017 0.019 0.018 0.018 0.025 0.035 0.011 0.123 0.244 0.03 0.037 0.042 0.018 0.04 0.04 0.006 0.02 0.121
124 L 0.046 0.021 0.015 0.016 0.133 0.014 0.019 0.025 0.011 0.083 0.237 0.022 0.035 0.131 0.014 0.028 0.032 0.009 0.036 0.075
125 K 0.056 0.106 0.041 0.041 0.008 0.053 0.07 0.043 0.02 0.027 0.043 0.289 0.015 0.015 0.027 0.053 0.039 0.005 0.017 0.032
126 L 0.042 0.025 0.018 0.017 0.013 0.018 0.023 0.023 0.028 0.099 0.199 0.028 0.032 0.09 0.015 0.027 0.031 0.017 0.175 0.08
127 I 0.046 0.017 0.014 0.017 0.016 0.013 0.017 0.02 0.009 0.282 0.165 0.023 0.036 0.044 0.014 0.025 0.039 0.006 0.02 0.174
128 V 0.061 0.024 0.023 0.022 0.016 0.018 0.026 0.029 0.012 0.11 0.108 0.029 0.027 0.122 0.018 0.045 0.095 0.008 0.036 0.171
129 L 0.108 0.024 0.019 0.02 0.016 0.019 0.026 0.036 0.02 0.134 0.151 0.031 0.029 0.061 0.018 0.041 0.038 0.011 0.097 0.102
130 A 0.223 0.03 0.027 0.031 0.018 0.025 0.04 0.066 0.014 0.037 0.051 0.044 0.015 0.019 0.147 0.086 0.048 0.005 0.016 0.056
131 I 0.046 0.017 0.014 0.017 0.016 0.013 0.017 0.02 0.009 0.282 0.165 0.023 0.036 0.044 0.014 0.025 0.039 0.006 0.02 0.174
132 L 0.106 0.023 0.018 0.02 0.016 0.016 0.024 0.036 0.012 0.125 0.18 0.028 0.032 0.129 0.017 0.039 0.037 0.009 0.037 0.098
133 L 0.104 0.024 0.018 0.019 0.015 0.016 0.024 0.037 0.014 0.077 0.201 0.027 0.032 0.174 0.016 0.039 0.034 0.01 0.045 0.073
134 H 0.042 0.045 0.121 0.049 0.008 0.037 0.052 0.044 0.281 0.022 0.036 0.047 0.014 0.027 0.019 0.048 0.032 0.007 0.046 0.024
135 N 0.059 0.043 0.259 0.073 0.011 0.033 0.049 0.065 0.028 0.024 0.034 0.053 0.012 0.018 0.022 0.109 0.057 0.005 0.016 0.03
136 L 0.054 0.021 0.016 0.017 0.016 0.015 0.021 0.024 0.011 0.125 0.188 0.024 0.034 0.13 0.014 0.028 0.039 0.009 0.038 0.177
137 L 0.042 0.021 0.015 0.016 0.015 0.014 0.019 0.022 0.011 0.143 0.262 0.023 0.04 0.137 0.013 0.024 0.033 0.009 0.038 0.104
138 A 0.243 0.032 0.03 0.031 0.02 0.026 0.04 0.069 0.014 0.045 0.06 0.044 0.018 0.022 0.029 0.086 0.101 0.005 0.017 0.068
139 L 0.114 0.025 0.017 0.019 0.018 0.018 0.026 0.036 0.011 0.108 0.239 0.03 0.037 0.041 0.018 0.041 0.041 0.006 0.02 0.134
140 L 0.108 0.026 0.017 0.019 0.017 0.018 0.025 0.035 0.011 0.096 0.303 0.03 0.041 0.046 0.018 0.039 0.037 0.007 0.021 0.088
141 L 0.058 0.029 0.024 0.023 0.015 0.025 0.027 0.15 0.015 0.079 0.152 0.035 0.132 0.04 0.017 0.039 0.037 0.007 0.02 0.074
142 F 0.035 0.021 0.018 0.017 0.01 0.013 0.021 0.025 0.024 0.058 0.101 0.022 0.023 0.329 0.012 0.026 0.026 0.019 0.148 0.052
143 L 0.047 0.023 0.014 0.016 0.016 0.016 0.02 0.021 0.01 0.141 0.325 0.025 0.045 0.05 0.014 0.025 0.036 0.007 0.022 0.128
144 F 0.04 0.028 0.095 0.034 0.011 0.02 0.028 0.035 0.02 0.062 0.112 0.032 0.059 0.214 0.014 0.039 0.035 0.011 0.054 0.057
145 P 0.056 0.025 0.023 0.031 0.01 0.02 0.036 0.036 0.013 0.025 0.036 0.041 0.01 0.013 0.501 0.043 0.036 0.003 0.013 0.031
146 N 0.08 0.039 0.154 0.059 0.013 0.031 0.047 0.121 0.023 0.025 0.036 0.051 0.013 0.019 0.024 0.148 0.062 0.005 0.016 0.034
147 L 0.047 0.024 0.014 0.015 0.016 0.016 0.02 0.021 0.01 0.12 0.353 0.025 0.047 0.052 0.014 0.025 0.035 0.007 0.022 0.118
148 G 0.049 0.027 0.099 0.037 0.011 0.02 0.028 0.157 0.018 0.054 0.139 0.032 0.024 0.121 0.016 0.042 0.034 0.008 0.034 0.05
149 A 0.138 0.039 0.042 0.052 0.016 0.038 0.111 0.058 0.019 0.034 0.047 0.055 0.016 0.02 0.028 0.133 0.084 0.005 0.017 0.049
150 F 0.044 0.018 0.016 0.017 0.014 0.012 0.019 0.023 0.012 0.175 0.139 0.022 0.031 0.189 0.013 0.026 0.034 0.01 0.048 0.137
151 I 0.056 0.019 0.015 0.017 0.017 0.014 0.02 0.022 0.008 0.232 0.15 0.024 0.034 0.04 0.015 0.028 0.043 0.006 0.02 0.218
152 F 0.048 0.029 0.1 0.038 0.013 0.021 0.031 0.038 0.017 0.105 0.093 0.035 0.023 0.12 0.018 0.052 0.093 0.008 0.035 0.081
153 S 0.101 0.039 0.049 0.045 0.017 0.032 0.049 0.061 0.019 0.038 0.06 0.051 0.035 0.024 0.028 0.207 0.076 0.005 0.018 0.048
154 L 0.046 0.02 0.014 0.017 0.016 0.014 0.018 0.021 0.009 0.226 0.239 0.024 0.04 0.047 0.014 0.024 0.037 0.006 0.021 0.148
155 Q 0.055 0.072 0.043 0.046 0.009 0.226 0.101 0.041 0.029 0.026 0.046 0.09 0.02 0.014 0.023 0.055 0.041 0.006 0.02 0.035
156 N 0.062 0.038 0.183 0.061 0.011 0.03 0.046 0.057 0.023 0.025 0.035 0.05 0.012 0.017 0.143 0.103 0.053 0.004 0.015 0.031
157 F 0.057 0.037 0.03 0.029 0.014 0.07 0.045 0.033 0.017 0.076 0.088 0.045 0.024 0.117 0.019 0.051 0.093 0.008 0.036 0.11
158 D 0.05 0.028 0.061 0.313 0.008 0.027 0.074 0.164 0.017 0.021 0.028 0.041 0.009 0.015 0.021 0.051 0.033 0.004 0.011 0.024
159 D 0.047 0.039 0.054 0.248 0.007 0.047 0.198 0.04 0.022 0.022 0.032 0.059 0.011 0.016 0.024 0.053 0.036 0.005 0.014 0.027
160 N 0.049 0.067 0.185 0.063 0.009 0.086 0.067 0.053 0.028 0.024 0.038 0.121 0.014 0.016 0.023 0.061 0.044 0.005 0.017 0.03
161 L 0.112 0.027 0.025 0.024 0.016 0.02 0.029 0.041 0.014 0.068 0.155 0.033 0.028 0.124 0.02 0.056 0.091 0.009 0.036 0.072
162 D 0.048 0.044 0.041 0.139 0.01 0.084 0.13 0.035 0.021 0.046 0.124 0.058 0.023 0.025 0.021 0.046 0.036 0.005 0.017 0.046
163 Y 0.047 0.027 0.019 0.018 0.013 0.022 0.026 0.025 0.029 0.081 0.146 0.031 0.062 0.087 0.015 0.031 0.034 0.017 0.175 0.093
164 A 0.185 0.026 0.021 0.023 0.02 0.021 0.031 0.051 0.011 0.102 0.093 0.035 0.024 0.028 0.023 0.058 0.049 0.005 0.019 0.174
165 L 0.047 0.023 0.016 0.017 0.016 0.017 0.021 0.022 0.011 0.194 0.227 0.027 0.074 0.047 0.015 0.027 0.038 0.007 0.022 0.133
166 G 0.061 0.038 0.112 0.06 0.011 0.036 0.105 0.165 0.021 0.029 0.04 0.051 0.013 0.018 0.023 0.066 0.093 0.005 0.015 0.038
167 N 0.062 0.044 0.187 0.075 0.011 0.041 0.114 0.057 0.027 0.024 0.035 0.058 0.013 0.018 0.024 0.106 0.054 0.005 0.016 0.031
168 V 0.103 0.025 0.024 0.024 0.018 0.02 0.028 0.037 0.011 0.145 0.11 0.033 0.027 0.032 0.021 0.054 0.099 0.006 0.019 0.166
169 L 0.051 0.023 0.015 0.017 0.017 0.017 0.021 0.023 0.01 0.145 0.269 0.026 0.058 0.047 0.015 0.028 0.038 0.007 0.022 0.15
170 E 0.052 0.062 0.112 0.075 0.008 0.053 0.183 0.044 0.026 0.023 0.037 0.123 0.013 0.016 0.024 0.058 0.04 0.005 0.016 0.03
171 F 0.033 0.019 0.017 0.017 0.01 0.01 0.019 0.025 0.017 0.063 0.113 0.019 0.025 0.395 0.01 0.025 0.025 0.017 0.088 0.054
172 G 0.07 0.039 0.04 0.038 0.01 0.087 0.051 0.358 0.019 0.021 0.034 0.052 0.013 0.015 0.02 0.052 0.033 0.005 0.014 0.028
173 S 0.083 0.034 0.041 0.037 0.017 0.027 0.04 0.049 0.015 0.056 0.133 0.044 0.025 0.03 0.025 0.145 0.113 0.006 0.018 0.062
174 R 0.044 0.355 0.038 0.031 0.008 0.048 0.052 0.032 0.023 0.023 0.046 0.118 0.015 0.017 0.019 0.044 0.034 0.006 0.017 0.031
175 F 0.036 0.02 0.016 0.016 0.012 0.012 0.019 0.024 0.015 0.075 0.181 0.02 0.031 0.31 0.011 0.025 0.027 0.014 0.071 0.064
176 I 0.048 0.021 0.016 0.018 0.016 0.017 0.02 0.022 0.01 0.236 0.173 0.026 0.07 0.045 0.015 0.027 0.039 0.006 0.021 0.153
177 G 0.077 0.023 0.039 0.033 0.011 0.019 0.025 0.517 0.013 0.019 0.028 0.033 0.009 0.016 0.019 0.051 0.029 0.005 0.011 0.024
178 L 0.053 0.024 0.016 0.017 0.017 0.018 0.022 0.023 0.011 0.164 0.218 0.027 0.072 0.045 0.015 0.029 0.04 0.007 0.022 0.16
179 G 0.077 0.023 0.039 0.033 0.011 0.019 0.025 0.517 0.013 0.019 0.028 0.033 0.009 0.016 0.019 0.051 0.029 0.005 0.011 0.024
180 I 0.11 0.021 0.017 0.02 0.017 0.016 0.023 0.035 0.01 0.222 0.139 0.028 0.032 0.038 0.018 0.039 0.042 0.006 0.02 0.148
181 G 0.077 0.023 0.039 0.033 0.011 0.019 0.025 0.517 0.013 0.019 0.028 0.033 0.009 0.016 0.019 0.051 0.029 0.005 0.011 0.024
182 S 0.085 0.036 0.042 0.038 0.017 0.03 0.042 0.05 0.017 0.052 0.085 0.047 0.056 0.028 0.025 0.147 0.115 0.006 0.019 0.061
183 F 0.035 0.021 0.018 0.017 0.01 0.013 0.021 0.025 0.024 0.058 0.101 0.022 0.023 0.329 0.012 0.026 0.026 0.019 0.148 0.052
184 F 0.033 0.019 0.017 0.017 0.01 0.01 0.019 0.025 0.017 0.062 0.113 0.019 0.025 0.396 0.01 0.025 0.025 0.017 0.087 0.054
185 S 0.085 0.036 0.042 0.038 0.017 0.03 0.042 0.05 0.017 0.052 0.085 0.047 0.056 0.028 0.025 0.147 0.115 0.006 0.019 0.061
186 G 0.077 0.023 0.039 0.033 0.011 0.019 0.025 0.517 0.013 0.019 0.028 0.033 0.009 0.016 0.019 0.051 0.029 0.005 0.011 0.024
187 G 0.077 0.023 0.039 0.033 0.011 0.019 0.025 0.517 0.013 0.019 0.028 0.033 0.009 0.016 0.019 0.051 0.029 0.005 0.011 0.024
188 I 0.056 0.022 0.022 0.022 0.017 0.017 0.023 0.026 0.01 0.21 0.135 0.029 0.031 0.037 0.018 0.042 0.095 0.006 0.02 0.161
189 I 0.052 0.018 0.015 0.017 0.017 0.014 0.019 0.021 0.009 0.252 0.156 0.024 0.035 0.041 0.015 0.027 0.042 0.006 0.02 0.2
190 S 0.089 0.035 0.044 0.04 0.015 0.028 0.044 0.056 0.018 0.029 0.044 0.046 0.015 0.03 0.024 0.179 0.066 0.129 0.03 0.038
191 G 0.085 0.03 0.04 0.037 0.015 0.024 0.036 0.167 0.015 0.09 0.069 0.041 0.019 0.025 0.023 0.135 0.058 0.005 0.016 0.07
192 L 0.045 0.021 0.014 0.016 0.016 0.015 0.019 0.021 0.009 0.198 0.275 0.024 0.043 0.049 0.014 0.024 0.036 0.006 0.021 0.134
193 G 0.133 0.025 0.035 0.032 0.013 0.02 0.029 0.407 0.014 0.025 0.036 0.036 0.011 0.017 0.021 0.059 0.034 0.005 0.012 0.035
194 L 0.064 0.03 0.027 0.026 0.016 0.023 0.031 0.035 0.013 0.085 0.24 0.035 0.059 0.042 0.019 0.083 0.065 0.007 0.021 0.079
195 L 0.051 0.024 0.015 0.016 0.017 0.017 0.021 0.022 0.01 0.125 0.305 0.026 0.055 0.049 0.015 0.027 0.037 0.007 0.022 0.141
196 C 0.056 0.022 0.023 0.022 0.134 0.016 0.023 0.03 0.012 0.1 0.098 0.027 0.024 0.12 0.017 0.046 0.09 0.008 0.034 0.097
197 C 0.135 0.027 0.028 0.028 0.137 0.022 0.033 0.05 0.012 0.07 0.073 0.036 0.02 0.024 0.023 0.097 0.054 0.005 0.017 0.111
198 A 0.243 0.032 0.03 0.031 0.02 0.026 0.04 0.069 0.014 0.045 0.06 0.044 0.018 0.022 0.029 0.086 0.101 0.005 0.017 0.068
199 Y 0.046 0.024 0.019 0.018 0.012 0.017 0.024 0.025 0.029 0.078 0.094 0.026 0.023 0.172 0.014 0.03 0.032 0.019 0.191 0.106
200 L 0.051 0.022 0.015 0.016 0.017 0.015 0.02 0.022 0.009 0.168 0.266 0.025 0.041 0.047 0.015 0.026 0.038 0.006 0.021 0.161
201 I 0.046 0.017 0.014 0.017 0.016 0.013 0.017 0.02 0.009 0.282 0.165 0.023 0.036 0.044 0.014 0.025 0.039 0.006 0.02 0.174
202 R 0.051 0.185 0.027 0.024 0.013 0.031 0.036 0.028 0.016 0.121 0.097 0.072 0.025 0.028 0.017 0.037 0.039 0.006 0.019 0.128
203 V 0.063 0.056 0.029 0.031 0.014 0.076 0.055 0.033 0.017 0.095 0.087 0.106 0.025 0.025 0.021 0.044 0.045 0.005 0.02 0.154
204 D 0.045 0.037 0.044 0.137 0.01 0.037 0.117 0.035 0.105 0.045 0.122 0.047 0.021 0.029 0.02 0.043 0.033 0.006 0.026 0.043
205 S 0.089 0.064 0.049 0.045 0.014 0.04 0.058 0.057 0.019 0.028 0.042 0.142 0.015 0.019 0.028 0.164 0.065 0.005 0.017 0.038
206 L 0.07 0.037 0.037 0.047 0.015 0.035 0.104 0.041 0.017 0.054 0.132 0.049 0.024 0.029 0.024 0.1 0.102 0.006 0.018 0.059
207 K 0.056 0.097 0.042 0.042 0.009 0.096 0.078 0.042 0.023 0.027 0.044 0.239 0.017 0.015 0.026 0.053 0.039 0.005 0.018 0.033
208 G 0.079 0.023 0.039 0.034 0.011 0.019 0.026 0.508 0.014 0.019 0.028 0.034 0.009 0.016 0.019 0.051 0.03 0.005 0.011 0.024
209 R 0.047 0.204 0.111 0.046 0.008 0.046 0.056 0.043 0.024 0.024 0.041 0.152 0.014 0.017 0.022 0.053 0.039 0.005 0.017 0.03
210 G 0.065 0.095 0.039 0.036 0.009 0.035 0.045 0.279 0.017 0.022 0.036 0.14 0.012 0.016 0.022 0.051 0.034 0.005 0.014 0.028
211 I 0.112 0.043 0.024 0.026 0.015 0.026 0.036 0.04 0.013 0.158 0.108 0.095 0.026 0.031 0.021 0.046 0.042 0.006 0.019 0.112
212 L 0.043 0.022 0.014 0.016 0.015 0.015 0.019 0.021 0.01 0.149 0.296 0.024 0.043 0.094 0.014 0.024 0.033 0.008 0.03 0.11
213 W 0.049 0.022 0.021 0.02 0.011 0.016 0.022 0.149 0.013 0.062 0.119 0.025 0.022 0.087 0.013 0.031 0.029 0.172 0.042 0.073
214 G 0.051 0.035 0.028 0.027 0.011 0.069 0.042 0.152 0.017 0.047 0.128 0.043 0.023 0.036 0.016 0.038 0.031 0.13 0.03 0.046
215 I 0.055 0.024 0.022 0.023 0.017 0.019 0.025 0.027 0.011 0.192 0.141 0.03 0.049 0.038 0.018 0.043 0.095 0.006 0.02 0.146
216 F 0.081 0.022 0.017 0.018 0.014 0.015 0.023 0.032 0.014 0.076 0.194 0.025 0.032 0.219 0.015 0.035 0.032 0.012 0.054 0.07
217 L 0.046 0.021 0.015 0.016 0.016 0.014 0.019 0.022 0.01 0.174 0.247 0.024 0.04 0.091 0.014 0.025 0.036 0.008 0.029 0.135
218 Y 0.039 0.024 0.018 0.017 0.011 0.017 0.023 0.024 0.03 0.066 0.158 0.026 0.028 0.177 0.014 0.028 0.028 0.02 0.191 0.06
219 F 0.103 0.021 0.018 0.02 0.015 0.015 0.024 0.037 0.014 0.112 0.112 0.026 0.026 0.214 0.016 0.04 0.035 0.011 0.053 0.088
220 F 0.037 0.018 0.016 0.017 0.012 0.011 0.018 0.024 0.015 0.117 0.126 0.02 0.028 0.308 0.011 0.025 0.029 0.014 0.071 0.084
221 I 0.049 0.018 0.015 0.017 0.016 0.013 0.018 0.021 0.009 0.267 0.161 0.024 0.036 0.042 0.015 0.026 0.04 0.006 0.02 0.187
222 C 0.131 0.029 0.029 0.028 0.136 0.024 0.034 0.051 0.014 0.054 0.089 0.038 0.055 0.027 0.023 0.098 0.051 0.006 0.018 0.064
223 L 0.109 0.024 0.017 0.019 0.017 0.018 0.024 0.035 0.011 0.138 0.248 0.029 0.038 0.043 0.018 0.039 0.039 0.006 0.02 0.108
224 L 0.064 0.029 0.029 0.027 0.017 0.022 0.03 0.033 0.011 0.095 0.16 0.035 0.03 0.034 0.021 0.06 0.149 0.006 0.019 0.129
225 G 0.077 0.023 0.039 0.033 0.011 0.019 0.025 0.517 0.013 0.019 0.028 0.033 0.009 0.016 0.019 0.051 0.029 0.005 0.011 0.024
226 L 0.052 0.023 0.021 0.022 0.016 0.017 0.023 0.026 0.01 0.182 0.195 0.029 0.035 0.041 0.018 0.041 0.092 0.006 0.02 0.128
227 F 0.035 0.021 0.018 0.017 0.01 0.013 0.021 0.025 0.024 0.058 0.101 0.022 0.023 0.329 0.012 0.026 0.026 0.019 0.148 0.052
228 I 0.046 0.017 0.014 0.017 0.016 0.013 0.017 0.02 0.009 0.282 0.165 0.023 0.036 0.044 0.014 0.025 0.039 0.006 0.02 0.174
229 A 0.301 0.031 0.025 0.029 0.021 0.025 0.04 0.077 0.015 0.043 0.059 0.044 0.017 0.021 0.029 0.084 0.049 0.005 0.017 0.068
230 R 0.044 0.355 0.038 0.031 0.008 0.048 0.052 0.032 0.023 0.023 0.046 0.118 0.015 0.017 0.019 0.044 0.034 0.006 0.017 0.031
231 T 0.065 0.027 0.029 0.027 0.017 0.021 0.03 0.033 0.011 0.137 0.106 0.035 0.027 0.031 0.021 0.06 0.151 0.006 0.019 0.148
232 A 0.186 0.033 0.034 0.033 0.019 0.026 0.039 0.06 0.014 0.048 0.061 0.044 0.018 0.022 0.028 0.088 0.153 0.006 0.017 0.069
233 L 0.039 0.021 0.015 0.016 0.013 0.013 0.019 0.023 0.013 0.088 0.249 0.022 0.037 0.225 0.012 0.024 0.029 0.012 0.055 0.074
234 L 0.051 0.022 0.015 0.016 0.017 0.015 0.02 0.022 0.009 0.168 0.266 0.025 0.041 0.047 0.015 0.026 0.038 0.006 0.021 0.161
235 G 0.077 0.023 0.039 0.033 0.011 0.019 0.025 0.517 0.013 0.019 0.028 0.033 0.009 0.016 0.019 0.051 0.029 0.005 0.011 0.024
236 I 0.107 0.021 0.018 0.02 0.016 0.015 0.023 0.036 0.012 0.167 0.125 0.027 0.029 0.126 0.017 0.04 0.038 0.008 0.036 0.118
237 L 0.05 0.022 0.021 0.02 0.013 0.015 0.021 0.146 0.012 0.077 0.227 0.025 0.033 0.13 0.014 0.031 0.03 0.009 0.036 0.067
238 L 0.041 0.023 0.015 0.015 0.015 0.015 0.02 0.022 0.012 0.101 0.317 0.023 0.043 0.139 0.013 0.024 0.031 0.009 0.038 0.085
239 G 0.149 0.033 0.043 0.04 0.017 0.027 0.042 0.181 0.016 0.03 0.042 0.046 0.014 0.02 0.027 0.149 0.06 0.005 0.016 0.044
240 L 0.041 0.021 0.015 0.016 0.014 0.013 0.019 0.022 0.012 0.139 0.239 0.022 0.038 0.165 0.013 0.024 0.032 0.01 0.043 0.101
241 V 0.094 0.022 0.017 0.019 0.017 0.016 0.023 0.032 0.011 0.154 0.156 0.027 0.032 0.082 0.017 0.037 0.041 0.007 0.028 0.167
242 Y 0.041 0.027 0.02 0.018 0.011 0.02 0.026 0.024 0.037 0.061 0.147 0.029 0.026 0.11 0.015 0.029 0.029 0.022 0.251 0.058
243 L 0.046 0.022 0.015 0.017 0.016 0.016 0.02 0.021 0.01 0.196 0.251 0.025 0.058 0.048 0.014 0.026 0.037 0.007 0.021 0.134
244 L 0.052 0.022 0.017 0.017 0.134 0.016 0.021 0.025 0.018 0.101 0.164 0.025 0.029 0.06 0.015 0.031 0.036 0.011 0.096 0.11
245 W 0.048 0.107 0.028 0.025 0.012 0.026 0.033 0.031 0.015 0.097 0.082 0.052 0.021 0.036 0.017 0.046 0.088 0.129 0.031 0.076
246 P 0.065 0.034 0.038 0.037 0.011 0.028 0.044 0.044 0.102 0.026 0.038 0.045 0.013 0.019 0.263 0.09 0.045 0.004 0.025 0.031
247 F 0.037 0.106 0.023 0.02 0.009 0.024 0.03 0.028 0.025 0.04 0.07 0.048 0.018 0.15 0.013 0.031 0.027 0.137 0.125 0.04
248 D 0.041 0.03 0.069 0.395 0.008 0.03 0.092 0.047 0.019 0.022 0.028 0.045 0.009 0.015 0.022 0.052 0.036 0.004 0.011 0.024
249 W 0.03 0.023 0.015 0.015 0.008 0.015 0.023 0.03 0.015 0.03 0.053 0.023 0.015 0.061 0.008 0.023 0.023 0.491 0.068 0.03
250 I 0.045 0.103 0.021 0.021 0.013 0.021 0.027 0.025 0.014 0.147 0.118 0.046 0.028 0.124 0.015 0.031 0.036 0.008 0.036 0.121
251 L 0.055 0.047 0.032 0.075 0.013 0.029 0.045 0.035 0.015 0.07 0.212 0.097 0.031 0.035 0.02 0.061 0.041 0.006 0.019 0.064
252 R 0.051 0.185 0.027 0.024 0.013 0.031 0.036 0.028 0.016 0.121 0.097 0.072 0.025 0.028 0.017 0.037 0.039 0.006 0.019 0.128
253 S 0.109 0.04 0.054 0.049 0.017 0.033 0.052 0.066 0.019 0.03 0.042 0.054 0.016 0.021 0.03 0.224 0.082 0.005 0.017 0.042
254 K 0.083 0.073 0.048 0.045 0.013 0.043 0.061 0.054 0.02 0.029 0.042 0.168 0.016 0.018 0.029 0.139 0.061 0.005 0.017 0.037
255 G 0.059 0.026 0.054 0.217 0.009 0.024 0.058 0.279 0.016 0.021 0.028 0.039 0.009 0.015 0.021 0.051 0.032 0.005 0.011 0.024
256 K 0.063 0.064 0.029 0.03 0.014 0.035 0.047 0.034 0.014 0.096 0.086 0.154 0.023 0.025 0.022 0.043 0.044 0.005 0.019 0.153
257 L 0.045 0.024 0.014 0.015 0.016 0.016 0.02 0.021 0.01 0.115 0.375 0.025 0.05 0.055 0.014 0.024 0.033 0.007 0.022 0.096
258 K 0.07 0.092 0.041 0.037 0.014 0.036 0.049 0.044 0.017 0.044 0.091 0.115 0.021 0.024 0.025 0.102 0.103 0.006 0.018 0.052
259 L 0.049 0.098 0.032 0.032 0.01 0.082 0.058 0.033 0.023 0.05 0.133 0.12 0.025 0.039 0.02 0.042 0.036 0.009 0.058 0.05
260 L 0.058 0.074 0.105 0.042 0.013 0.028 0.039 0.045 0.02 0.052 0.134 0.05 0.024 0.075 0.019 0.09 0.048 0.007 0.027 0.051
261 Y 0.046 0.057 0.029 0.027 0.009 0.033 0.043 0.031 0.036 0.037 0.058 0.128 0.017 0.086 0.02 0.039 0.032 0.019 0.211 0.041
262 P 0.059 0.091 0.084 0.043 0.01 0.035 0.048 0.104 0.02 0.024 0.037 0.115 0.013 0.016 0.143 0.067 0.041 0.004 0.015 0.03
263 G 0.122 0.028 0.078 0.038 0.015 0.022 0.033 0.17 0.016 0.092 0.072 0.038 0.019 0.025 0.021 0.07 0.044 0.005 0.016 0.074
264 L 0.046 0.036 0.022 0.023 0.014 0.068 0.04 0.026 0.015 0.088 0.277 0.041 0.04 0.073 0.016 0.032 0.034 0.008 0.027 0.076
265 P 0.049 0.112 0.103 0.043 0.009 0.03 0.043 0.042 0.02 0.024 0.037 0.063 0.012 0.015 0.26 0.05 0.039 0.004 0.015 0.03
266 R 0.047 0.292 0.039 0.033 0.008 0.049 0.056 0.035 0.022 0.024 0.045 0.161 0.015 0.017 0.021 0.046 0.036 0.006 0.017 0.031
267 I 0.048 0.021 0.016 0.018 0.016 0.017 0.02 0.022 0.01 0.236 0.173 0.026 0.07 0.045 0.015 0.027 0.039 0.006 0.021 0.153
268 F 0.034 0.019 0.017 0.017 0.011 0.011 0.019 0.025 0.017 0.064 0.115 0.019 0.025 0.385 0.011 0.025 0.025 0.017 0.089 0.055
269 F 0.038 0.021 0.015 0.016 0.013 0.013 0.019 0.023 0.013 0.1 0.219 0.021 0.035 0.238 0.012 0.025 0.029 0.012 0.057 0.079
270 L 0.042 0.019 0.015 0.017 0.015 0.013 0.018 0.022 0.011 0.185 0.207 0.023 0.037 0.134 0.013 0.025 0.034 0.009 0.038 0.124
271 Y 0.093 0.03 0.029 0.027 0.014 0.024 0.035 0.041 0.031 0.054 0.067 0.037 0.019 0.077 0.021 0.088 0.046 0.016 0.173 0.077
272 G 0.09 0.023 0.028 0.027 0.134 0.018 0.027 0.16 0.012 0.095 0.076 0.032 0.019 0.025 0.02 0.074 0.044 0.005 0.015 0.076
273 T 0.063 0.027 0.029 0.027 0.136 0.02 0.028 0.035 0.011 0.087 0.117 0.033 0.024 0.029 0.021 0.062 0.147 0.006 0.017 0.083
274 L 0.047 0.021 0.015 0.016 0.016 0.015 0.02 0.022 0.01 0.157 0.253 0.024 0.04 0.091 0.014 0.026 0.036 0.008 0.029 0.14
275 L 0.045 0.022 0.015 0.016 0.015 0.014 0.02 0.023 0.012 0.105 0.251 0.023 0.038 0.165 0.013 0.026 0.033 0.01 0.044 0.112
276 L 0.053 0.022 0.02 0.02 0.015 0.016 0.021 0.145 0.01 0.132 0.241 0.027 0.036 0.042 0.015 0.031 0.034 0.006 0.019 0.097
277 I 0.056 0.019 0.015 0.017 0.017 0.014 0.02 0.022 0.008 0.232 0.15 0.024 0.034 0.04 0.015 0.028 0.043 0.006 0.02 0.218
278 L 0.052 0.023 0.021 0.022 0.016 0.017 0.023 0.026 0.01 0.182 0.195 0.029 0.035 0.041 0.018 0.041 0.092 0.006 0.02 0.128
279 A 0.181 0.028 0.026 0.027 0.017 0.023 0.032 0.174 0.014 0.053 0.109 0.038 0.039 0.027 0.023 0.062 0.041 0.006 0.017 0.063
280 L 0.052 0.032 0.02 0.02 0.016 0.028 0.028 0.028 0.016 0.101 0.197 0.036 0.158 0.048 0.016 0.036 0.04 0.008 0.024 0.093
281 A 0.288 0.031 0.026 0.03 0.022 0.026 0.041 0.079 0.015 0.043 0.06 0.045 0.018 0.022 0.03 0.085 0.05 0.005 0.018 0.069
282 F 0.045 0.019 0.016 0.017 0.014 0.013 0.019 0.024 0.013 0.142 0.13 0.022 0.029 0.218 0.013 0.027 0.034 0.011 0.054 0.141
283 P 0.155 0.032 0.034 0.036 0.016 0.026 0.042 0.059 0.015 0.032 0.045 0.046 0.014 0.018 0.186 0.119 0.055 0.004 0.016 0.047
284 Y 0.046 0.024 0.019 0.018 0.012 0.017 0.024 0.025 0.029 0.078 0.094 0.026 0.023 0.172 0.014 0.03 0.032 0.019 0.191 0.106
285 L 0.049 0.021 0.015 0.016 0.016 0.015 0.02 0.022 0.01 0.161 0.232 0.024 0.038 0.089 0.014 0.026 0.037 0.008 0.029 0.156
286 F 0.068 0.024 0.018 0.018 0.014 0.017 0.024 0.028 0.021 0.089 0.146 0.027 0.028 0.151 0.015 0.033 0.035 0.014 0.114 0.116
287 L 0.048 0.031 0.099 0.037 0.012 0.023 0.032 0.037 0.026 0.061 0.108 0.036 0.022 0.1 0.018 0.049 0.073 0.012 0.104 0.072
288 G 0.055 0.123 0.112 0.048 0.009 0.081 0.057 0.164 0.024 0.022 0.038 0.074 0.014 0.016 0.02 0.055 0.038 0.005 0.016 0.029
289 L 0.041 0.022 0.017 0.017 0.013 0.015 0.021 0.023 0.02 0.125 0.183 0.024 0.032 0.156 0.014 0.026 0.031 0.014 0.114 0.092
290 S 0.11 0.04 0.054 0.049 0.018 0.033 0.053 0.067 0.019 0.03 0.042 0.054 0.016 0.021 0.03 0.217 0.082 0.005 0.018 0.042
291 P 0.113 0.034 0.039 0.139 0.012 0.035 0.118 0.048 0.018 0.028 0.04 0.051 0.012 0.016 0.144 0.058 0.039 0.004 0.014 0.038
292 Q 0.065 0.057 0.117 0.056 0.011 0.13 0.076 0.053 0.027 0.026 0.041 0.072 0.017 0.017 0.024 0.103 0.053 0.005 0.018 0.034
293 L 0.049 0.024 0.016 0.016 0.015 0.017 0.023 0.023 0.018 0.108 0.241 0.027 0.037 0.068 0.015 0.028 0.036 0.012 0.098 0.129
294 F 0.053 0.048 0.03 0.029 0.013 0.03 0.039 0.035 0.017 0.06 0.103 0.097 0.058 0.121 0.02 0.051 0.09 0.009 0.036 0.062
295 D 0.09 0.035 0.052 0.233 0.011 0.037 0.132 0.048 0.019 0.028 0.038 0.052 0.012 0.017 0.025 0.061 0.056 0.005 0.014 0.037
296 S 0.108 0.04 0.053 0.048 0.017 0.033 0.052 0.065 0.019 0.029 0.041 0.053 0.015 0.021 0.029 0.231 0.081 0.005 0.017 0.041
297 A 0.126 0.041 0.111 0.062 0.014 0.039 0.112 0.06 0.022 0.029 0.042 0.056 0.014 0.019 0.026 0.11 0.054 0.005 0.017 0.042
298 L 0.125 0.028 0.027 0.027 0.018 0.022 0.032 0.046 0.013 0.117 0.162 0.036 0.029 0.035 0.022 0.091 0.051 0.006 0.019 0.094
299 F 0.045 0.019 0.016 0.017 0.014 0.013 0.019 0.024 0.013 0.142 0.13 0.022 0.029 0.218 0.013 0.027 0.034 0.011 0.054 0.141
300 R 0.058 0.188 0.033 0.028 0.011 0.033 0.038 0.152 0.017 0.057 0.062 0.074 0.018 0.021 0.018 0.043 0.037 0.006 0.016 0.091
301 H 0.042 0.046 0.041 0.034 0.008 0.079 0.057 0.036 0.193 0.025 0.043 0.051 0.016 0.034 0.017 0.04 0.029 0.13 0.05 0.027
302 A 0.204 0.035 0.039 0.039 0.019 0.029 0.046 0.071 0.017 0.036 0.05 0.049 0.016 0.021 0.029 0.158 0.065 0.005 0.017 0.055
303 F 0.033 0.019 0.017 0.017 0.01 0.01 0.019 0.025 0.017 0.062 0.113 0.019 0.025 0.396 0.01 0.025 0.025 0.017 0.087 0.054
304 E 0.054 0.049 0.04 0.089 0.007 0.064 0.307 0.034 0.025 0.022 0.036 0.074 0.013 0.016 0.025 0.054 0.036 0.005 0.016 0.031
305 L 0.053 0.024 0.016 0.017 0.017 0.018 0.022 0.023 0.011 0.164 0.218 0.027 0.072 0.045 0.015 0.029 0.04 0.007 0.022 0.16
306 F 0.033 0.019 0.017 0.017 0.01 0.01 0.019 0.025 0.017 0.062 0.113 0.019 0.025 0.396 0.01 0.025 0.025 0.017 0.087 0.054
307 L 0.042 0.019 0.015 0.017 0.015 0.013 0.018 0.022 0.011 0.185 0.207 0.023 0.037 0.134 0.013 0.025 0.034 0.009 0.038 0.124
308 N 0.058 0.056 0.185 0.061 0.01 0.036 0.051 0.116 0.025 0.024 0.035 0.11 0.012 0.017 0.023 0.083 0.048 0.005 0.015 0.03
309 L 0.105 0.026 0.031 0.117 0.014 0.02 0.042 0.042 0.015 0.06 0.146 0.033 0.025 0.121 0.019 0.046 0.035 0.008 0.034 0.06
310 G 0.068 0.032 0.037 0.047 0.011 0.031 0.101 0.161 0.019 0.033 0.054 0.045 0.016 0.112 0.021 0.09 0.043 0.008 0.033 0.038
311 D 0.068 0.04 0.054 0.18 0.011 0.042 0.148 0.049 0.021 0.025 0.035 0.058 0.013 0.017 0.026 0.11 0.051 0.005 0.015 0.032
312 S 0.087 0.041 0.143 0.06 0.015 0.033 0.051 0.066 0.023 0.027 0.038 0.054 0.014 0.02 0.026 0.172 0.071 0.005 0.017 0.037
313 G 0.077 0.036 0.138 0.055 0.012 0.028 0.042 0.214 0.021 0.024 0.034 0.047 0.012 0.018 0.023 0.115 0.053 0.005 0.015 0.031
314 E 0.073 0.046 0.045 0.076 0.011 0.054 0.217 0.045 0.023 0.025 0.038 0.068 0.014 0.018 0.027 0.111 0.052 0.005 0.017 0.035
315 L 0.056 0.022 0.021 0.021 0.014 0.015 0.022 0.147 0.012 0.089 0.163 0.026 0.029 0.125 0.015 0.033 0.034 0.009 0.035 0.113
316 S 0.082 0.064 0.048 0.046 0.013 0.086 0.069 0.053 0.022 0.028 0.043 0.121 0.017 0.018 0.027 0.143 0.06 0.005 0.018 0.037
317 T 0.071 0.032 0.036 0.032 0.018 0.024 0.035 0.038 0.012 0.08 0.08 0.04 0.022 0.026 0.024 0.077 0.205 0.006 0.018 0.122
318 G 0.07 0.049 0.05 0.132 0.011 0.033 0.059 0.168 0.018 0.024 0.035 0.105 0.012 0.017 0.024 0.097 0.046 0.005 0.014 0.03
319 S 0.108 0.04 0.053 0.048 0.017 0.033 0.052 0.065 0.019 0.029 0.041 0.053 0.015 0.021 0.029 0.231 0.081 0.005 0.017 0.041
